Timer (generate): 74ms real	30ms user	10ms sys
[ 95 41 61 42 5 65 33 92 98 0 ]
[ 54 57 81 1 86 18 94 71 97 99 ]
[ 18 53 37 12 92 68 68 19 33 64 ]
[ 60 81 6 21 23 11 86 8 55 36 ]
[ 9 9 93 42 62 31 13 57 3 62 ]
[ 8 73 16 45 85 60 65 5 79 50 ]
[ 70 91 31 76 12 54 39 50 15 94 ]
[ 86 76 55 31 18 18 62 31 75 65 ]
[ 46 83 90 14 80 76 74 97 81 5 ]
[ 47 3 96 79 79 60 85 70 10 0 ]
[ 64 48 28 20 31 47 90 93 30 17 ]
[ 11 76 52 1 90 32 29 16 81 63 ]
[ 21 80 66 17 11 98 29 97 68 91 ]
[ 49 85 39 30 57 22 77 47 16 59 ]
[ 64 79 36 16 80 78 0 62 95 33 ]
[ 25 68 65 43 38 77 41 67 26 62 ]
[ 59 27 47 50 57 4 73 86 3 41 ]
[ 46 67 20 34 35 52 12 87 14 59 ]
[ 72 39 80 37 35 18 14 76 37 92 ]
[ 90 48 20 37 51 77 93 76 64 96 ]

Timer (sort): 58418ms real	51930ms user	230ms sys
The output is sorted!
[ 10 2 8 9 21 7 7 6 3 10 ]
[ 11 62 2 2 11 8 13 7 3 12 ]
[ 17 12 5 13 4 10 26 12 5 33 ]
[ 16 25 4 8 51 0 4 0 0 35 ]
[ 28 2 5 16 13 2 4 29 23 23 ]
[ 13 8 0 15 32 19 6 17 32 6 ]
[ 7 7 0 2 3 58 25 13 8 31 ]
[ 28 5 15 16 42 1 3 23 0 21 ]
[ 4 31 4 9 1 2 11 37 4 52 ]
[ 3 33 17 14 6 29 34 2 16 2 ]
[ 9 1 22 9 9 12 5 86 1 2 ]
[ 1 0 15 6 11 20 2 1 11 93 ]
[ 10 41 27 0 10 9 46 13 1 4 ]
[ 57 5 26 10 4 14 20 0 10 15 ]
[ 24 43 16 29 1 20 6 17 1 7 ]
[ 9 16 8 17 46 0 66 1 1 1 ]
[ 32 20 43 3 6 18 2 29 7 6 ]
[ 13 16 13 1 12 0 61 20 7 23 ]
[ 22 3 54 4 2 4 15 36 26 2 ]
[ 4 7 14 25 13 8 3 49 24 22 ]

Timer (generate): 64ms real	40ms user	0ms sys
[ 99 54 65 12 4 18 25 80 19 53 ]
[ 55 48 20 2 33 47 82 50 24 17 ]
[ 95 68 59 44 37 26 56 71 69 48 ]
[ 65 20 55 30 85 59 0 62 39 19 ]
[ 15 47 20 87 1 53 34 83 3 10 ]
[ 0 51 78 12 95 68 90 51 39 60 ]
[ 52 56 32 7 39 17 66 91 32 58 ]
[ 63 47 5 83 35 6 36 21 89 91 ]
[ 32 41 42 62 53 38 30 44 41 21 ]
[ 56 45 78 40 4 69 10 71 60 42 ]
[ 81 75 89 86 58 76 44 46 98 85 ]
[ 38 82 26 80 44 32 70 75 28 64 ]
[ 48 84 61 78 76 66 47 86 89 60 ]
[ 28 70 35 70 56 46 46 0 92 96 ]
[ 85 82 78 63 15 75 95 85 2 23 ]
[ 1 50 59 15 29 88 81 28 74 70 ]
[ 40 55 40 28 25 48 74 23 0 18 ]
[ 72 37 1 2 0 16 77 48 53 79 ]
[ 23 7 82 35 22 63 23 3 91 97 ]
[ 25 84 52 17 12 29 65 38 53 17 ]

Timer (sort): 56332ms real	52900ms user	360ms sys
The output is sorted!
[ 45 11 4 1 20 0 23 2 11 0 ]
[ 1 14 1 23 1 10 2 27 10 33 ]
[ 19 6 5 25 12 13 13 3 26 7 ]
[ 4 25 20 37 7 13 6 4 12 2 ]
[ 3 8 3 4 2 7 0 51 23 34 ]
[ 1 21 5 25 34 3 1 8 44 1 ]
[ 5 7 7 0 4 43 1 56 0 25 ]
[ 1 12 5 30 5 27 5 36 7 22 ]
[ 4 55 1 38 10 8 7 3 21 7 ]
[ 11 24 3 2 40 7 16 4 5 42 ]
[ 1 8 7 0 13 3 1 55 42 24 ]
[ 1 11 3 63 2 12 2 35 23 4 ]
[ 19 6 0 30 24 27 33 9 7 5 ]
[ 4 2 2 43 7 4 76 16 0 7 ]
[ 15 13 53 40 12 4 0 5 7 13 ]
[ 1 7 4 10 44 2 20 35 17 24 ]
[ 12 7 8 49 14 28 8 0 1 37 ]
[ 5 0 61 10 10 7 8 15 31 17 ]
[ 13 1 12 21 36 1 2 20 32 28 ]
[ 0 8 50 18 38 18 3 12 2 17 ]

Timer (generate): 85ms real	30ms user	0ms sys
[ 79 1 90 89 93 48 35 68 51 54 ]
[ 36 60 66 29 33 32 38 66 64 7 ]
[ 91 95 26 92 24 32 42 19 3 53 ]
[ 62 83 6 4 24 51 52 11 19 3 ]
[ 18 55 16 36 37 1 68 27 68 84 ]
[ 35 59 80 13 3 56 97 97 75 1 ]
[ 2 37 36 61 93 12 12 45 23 32 ]
[ 1 41 39 69 77 76 70 97 56 38 ]
[ 82 91 49 14 56 4 70 53 1 45 ]
[ 6 56 35 42 17 80 6 29 26 30 ]
[ 13 79 23 53 0 1 81 70 50 37 ]
[ 61 32 80 62 98 88 67 68 42 68 ]
[ 66 0 76 53 43 93 33 1 23 11 ]
[ 31 88 42 55 93 42 8 27 65 58 ]
[ 16 26 43 97 40 41 37 7 62 79 ]
[ 28 28 80 4 81 75 50 66 76 73 ]
[ 78 60 13 20 67 7 63 75 34 28 ]
[ 85 50 6 28 99 98 22 37 6 84 ]
[ 68 86 64 0 42 45 27 92 63 4 ]
[ 17 41 16 31 62 83 90 77 10 24 ]

Timer (sort): 56668ms real	50770ms user	1020ms sys
The output is sorted!
[ 1 3 0 2 26 12 5 42 6 25 ]
[ 28 1 8 5 4 16 20 33 1 19 ]
[ 30 11 8 7 9 32 4 7 12 16 ]
[ 5 18 16 15 30 18 23 0 8 3 ]
[ 8 2 15 8 1 38 14 25 5 26 ]
[ 31 4 25 7 1 3 4 45 18 5 ]
[ 53 4 2 12 22 12 10 28 1 0 ]
[ 3 15 10 8 13 4 44 0 0 48 ]
[ 8 23 18 48 0 13 10 23 2 3 ]
[ 22 0 47 18 1 18 17 3 20 6 ]
[ 2 12 33 17 50 15 1 7 12 5 ]
[ 8 9 7 9 10 55 14 25 0 20 ]
[ 2 17 33 23 0 5 37 2 22 17 ]
[ 17 9 0 71 5 23 9 24 1 0 ]
[ 28 17 1 12 5 20 46 2 16 13 ]
[ 3 2 13 12 13 22 3 44 42 7 ]
[ 10 19 0 16 9 14 5 17 60 11 ]
[ 8 32 0 0 20 8 8 9 45 34 ]
[ 4 16 55 11 2 19 8 8 24 18 ]
[ 5 33 0 1 16 2 9 57 34 8 ]

Timer (generate): 43ms real	40ms user	0ms sys
[ 84 52 86 2 95 54 41 77 54 63 ]
[ 18 96 82 13 78 23 46 10 50 43 ]
[ 73 25 42 54 53 57 3 15 75 28 ]
[ 77 59 33 15 61 80 69 2 9 75 ]
[ 18 27 71 0 40 2 75 38 12 25 ]
[ 81 37 2 23 43 56 32 46 23 7 ]
[ 27 0 18 12 67 32 44 36 86 53 ]
[ 11 4 32 34 56 72 88 31 62 52 ]
[ 8 95 89 11 70 84 19 2 31 42 ]
[ 61 10 94 31 22 61 63 66 49 50 ]
[ 19 12 54 51 98 11 75 87 94 89 ]
[ 91 3 84 81 66 54 17 85 8 0 ]
[ 79 21 10 25 52 32 86 16 98 87 ]
[ 66 69 99 72 72 49 83 47 36 30 ]
[ 88 28 33 72 61 99 78 78 36 38 ]
[ 79 15 59 41 40 64 74 78 32 24 ]
[ 17 98 94 16 70 66 65 6 66 54 ]
[ 36 54 34 21 79 95 72 57 25 8 ]
[ 48 56 75 59 98 67 23 24 45 55 ]
[ 48 62 5 42 30 28 61 47 86 79 ]

Timer (sort): 50369ms real	50370ms user	0ms sys
The output is sorted!
[ 12 49 2 21 12 16 26 0 16 0 ]
[ 22 8 7 24 46 11 2 0 16 21 ]
[ 11 34 15 2 21 1 9 25 14 25 ]
[ 12 1 12 59 4 21 26 5 5 13 ]
[ 9 19 25 7 16 14 4 3 51 10 ]
[ 8 13 0 44 20 8 37 19 1 9 ]
[ 14 3 0 0 23 12 15 34 15 43 ]
[ 5 28 14 5 17 0 4 56 9 27 ]
[ 27 9 5 72 13 4 15 16 2 4 ]
[ 1 68 2 3 17 6 19 4 24 23 ]
[ 18 9 46 9 0 2 42 2 18 22 ]
[ 4 6 52 23 14 17 13 5 11 24 ]
[ 2 26 8 4 21 15 3 19 5 67 ]
[ 25 5 29 13 10 0 28 8 45 8 ]
[ 19 36 3 31 9 14 7 8 7 38 ]
[ 29 39 4 14 5 12 2 22 28 18 ]
[ 14 14 77 6 20 1 13 5 3 20 ]
[ 21 20 4 66 24 7 8 3 1 21 ]
[ 8 2 27 9 9 3 90 13 7 8 ]
[ 16 41 0 2 20 17 4 22 47 7 ]

Timer (generate): 71ms real	50ms user	0ms sys
[ 64 54 27 80 7 10 38 36 2 70 ]
[ 74 2 79 99 17 95 93 32 15 7 ]
[ 74 19 64 95 81 56 63 46 2 23 ]
[ 15 19 29 42 51 88 52 41 24 7 ]
[ 11 51 9 90 50 26 86 95 10 53 ]
[ 2 84 24 19 32 5 75 95 4 29 ]
[ 70 71 0 0 13 3 88 17 44 65 ]
[ 24 56 16 86 98 66 64 36 13 75 ]
[ 89 67 11 65 38 43 71 65 91 27 ]
[ 95 61 98 47 13 63 51 2 32 95 ]
[ 67 9 3 83 95 2 1 59 38 66 ]
[ 86 80 85 98 45 24 93 68 89 36 ]
[ 47 36 98 45 36 11 60 87 65 93 ]
[ 34 84 2 38 19 49 92 20 8 30 ]
[ 38 95 10 24 45 8 0 38 76 89 ]
[ 75 24 78 25 21 14 88 82 53 54 ]
[ 27 39 90 81 77 10 30 69 82 90 ]
[ 52 21 37 14 97 82 22 97 73 99 ]
[ 38 0 23 68 25 44 82 65 78 87 ]
[ 71 57 27 62 38 56 72 20 78 54 ]

Timer (sort): 59988ms real	54870ms user	30ms sys
The output is sorted!
[ 9 3 4 15 42 1 1 18 3 0 ]
[ 12 13 6 2 2 26 33 1 6 23 ]
[ 0 2 55 0 5 2 1 18 24 24 ]
[ 3 8 6 9 5 13 25 46 10 7 ]
[ 16 6 1 23 16 12 49 3 4 6 ]
[ 25 13 28 31 2 9 1 7 25 8 ]
[ 18 8 13 23 18 10 12 1 39 8 ]
[ 14 33 2 0 44 23 9 3 15 9 ]
[ 10 1 8 6 27 4 30 1 42 27 ]
[ 22 6 2 27 47 24 5 13 5 5 ]
[ 9 24 21 10 14 1 25 17 14 21 ]
[ 17 8 8 0 0 33 17 31 16 29 ]
[ 22 13 22 3 21 16 16 6 42 2 ]
[ 12 49 5 9 63 7 10 5 5 0 ]
[ 28 30 10 19 7 7 38 11 6 11 ]
[ 24 18 22 4 19 4 27 23 3 25 ]
[ 18 1 31 12 22 5 9 2 1 69 ]
[ 3 0 51 17 4 42 1 24 3 26 ]
[ 16 15 3 11 10 3 4 1 89 20 ]
[ 35 4 3 12 46 1 23 8 20 21 ]

Timer (generate): 44ms real	40ms user	0ms sys
[ 93 72 21 4 94 27 51 33 60 48 ]
[ 43 18 25 40 12 18 0 82 61 73 ]
[ 74 95 61 56 24 84 22 35 88 48 ]
[ 42 81 72 16 85 19 43 88 52 55 ]
[ 88 95 25 14 87 90 32 88 24 45 ]
[ 61 99 40 75 7 17 59 30 4 48 ]
[ 30 46 81 55 62 19 74 58 7 26 ]
[ 13 96 74 91 62 61 81 46 49 5 ]
[ 91 63 56 84 90 64 53 49 46 57 ]
[ 97 76 55 31 31 70 50 57 28 57 ]
[ 84 93 5 58 84 67 71 17 13 73 ]
[ 23 57 36 79 41 26 43 94 27 41 ]
[ 3 77 18 10 8 1 80 58 59 60 ]
[ 67 95 6 73 53 42 92 24 60 6 ]
[ 97 83 15 85 14 56 63 10 2 43 ]
[ 51 57 20 21 67 28 23 0 38 34 ]
[ 12 5 29 18 78 34 13 71 10 73 ]
[ 29 60 8 44 97 22 52 61 84 6 ]
[ 56 36 63 76 9 82 56 32 34 94 ]
[ 18 99 99 47 69 30 33 82 1 44 ]

Timer (sort): 58307ms real	54350ms user	970ms sys
The output is sorted!
[ 14 7 36 3 9 4 6 4 7 14 ]
[ 28 9 22 6 3 17 11 4 0 12 ]
[ 15 9 10 7 1 12 7 51 16 13 ]
[ 26 7 64 7 6 24 15 1 0 1 ]
[ 15 9 8 24 8 16 0 28 35 9 ]
[ 47 28 5 6 1 26 11 27 2 1 ]
[ 3 42 18 2 38 1 0 15 29 6 ]
[ 5 4 18 7 36 34 9 10 12 20 ]
[ 13 26 4 18 0 12 5 11 23 43 ]
[ 24 11 3 28 33 6 13 4 1 35 ]
[ 14 7 2 21 19 39 20 9 9 19 ]
[ 5 0 2 10 4 0 2 44 72 23 ]
[ 23 5 5 7 28 9 7 18 23 37 ]
[ 4 15 19 20 6 13 28 41 3 13 ]
[ 3 1 10 11 3 36 19 15 36 28 ]
[ 26 5 13 6 18 36 20 5 5 29 ]
[ 27 3 3 17 6 38 1 18 4 47 ]
[ 7 21 30 31 0 9 3 22 25 17 ]
[ 2 15 5 22 5 6 24 7 26 54 ]
[ 53 22 9 5 28 3 27 9 10 0 ]

Timer (generate): 43ms real	30ms user	10ms sys
[ 6 59 0 31 53 32 57 61 58 48 ]
[ 30 35 59 84 64 28 81 19 99 10 ]
[ 34 37 27 21 96 11 88 8 94 10 ]
[ 18 0 69 18 83 74 50 92 36 8 ]
[ 40 18 96 99 2 12 79 35 83 79 ]
[ 98 18 68 25 39 17 36 79 25 82 ]
[ 89 43 34 10 13 17 84 16 61 72 ]
[ 24 53 91 72 4 45 85 84 81 68 ]
[ 15 31 38 83 56 29 0 44 8 77 ]
[ 27 49 72 13 59 86 83 96 2 44 ]
[ 68 78 98 11 3 2 57 88 38 90 ]
[ 8 5 21 99 41 29 28 41 25 89 ]
[ 71 4 38 43 18 50 81 1 46 83 ]
[ 97 14 14 47 26 17 50 35 5 40 ]
[ 25 65 46 98 64 87 79 45 80 4 ]
[ 34 3 9 72 47 27 22 80 80 68 ]
[ 64 77 35 78 25 13 95 27 48 52 ]
[ 19 25 69 17 75 86 56 54 31 37 ]
[ 10 65 92 19 89 91 98 12 72 78 ]
[ 32 36 8 19 66 33 32 13 12 80 ]

Timer (sort): 52008ms real	51940ms user	20ms sys
The output is sorted!
[ 36 21 21 1 54 5 0 0 0 1 ]
[ 13 55 7 3 1 22 0 14 10 19 ]
[ 2 40 23 9 7 2 2 18 8 42 ]
[ 13 1 4 49 13 4 3 11 15 47 ]
[ 17 8 41 29 6 10 27 4 12 7 ]
[ 19 2 24 26 1 45 13 12 21 1 ]
[ 16 9 8 27 17 23 2 50 7 5 ]
[ 36 21 3 1 20 18 13 1 32 20 ]
[ 0 17 11 63 2 1 14 45 11 2 ]
[ 55 14 3 5 25 8 14 5 30 8 ]
[ 27 22 19 33 25 10 2 7 13 9 ]
[ 5 1 28 48 0 2 16 49 14 6 ]
[ 4 13 1 18 56 18 26 2 16 16 ]
[ 0 10 10 2 2 4 32 6 34 70 ]
[ 33 10 5 19 10 2 53 10 4 24 ]
[ 1 4 9 6 15 2 40 37 29 28 ]
[ 12 5 32 17 11 10 0 6 13 65 ]
[ 5 0 0 35 10 0 10 40 6 67 ]
[ 2 35 17 9 15 6 25 24 11 29 ]
[ 24 40 6 24 27 38 2 0 8 5 ]

Timer (generate): 44ms real	30ms user	0ms sys
[ 7 80 4 58 32 64 9 34 84 7 ]
[ 4 80 17 68 76 85 12 59 49 35 ]
[ 15 46 35 2 40 34 65 71 59 73 ]
[ 73 18 5 77 28 37 41 37 24 77 ]
[ 45 28 58 62 48 34 0 60 45 49 ]
[ 47 60 47 83 15 87 17 80 59 28 ]
[ 6 32 46 63 61 74 1 54 64 25 ]
[ 31 9 5 41 23 53 27 23 65 73 ]
[ 24 13 85 71 48 0 59 65 33 70 ]
[ 45 91 2 43 54 15 17 55 69 33 ]
[ 32 0 42 89 42 18 42 69 41 60 ]
[ 42 18 73 80 89 21 32 0 38 65 ]
[ 70 83 56 72 26 11 87 95 18 56 ]
[ 29 3 9 23 92 51 41 87 20 35 ]
[ 47 15 53 20 47 94 93 79 95 31 ]
[ 45 65 66 53 90 44 16 77 39 87 ]
[ 86 20 90 95 96 82 98 37 69 70 ]
[ 24 68 85 29 88 32 24 33 64 19 ]
[ 64 9 84 82 14 74 26 83 4 18 ]
[ 70 42 38 60 89 34 94 87 24 16 ]

Timer (sort): 51500ms real	51500ms user	0ms sys
The output is sorted!
[ 0 13 4 9 15 12 1 16 10 1 ]
[ 4 7 19 38 9 13 4 7 0 8 ]
[ 4 5 7 27 1 2 27 4 42 8 ]
[ 0 12 4 4 21 39 15 2 19 23 ]
[ 18 8 17 9 29 5 18 7 3 26 ]
[ 2 14 8 25 2 9 5 76 2 10 ]
[ 2 24 35 19 3 9 38 10 12 6 ]
[ 7 13 26 3 30 31 9 4 17 21 ]
[ 8 13 10 12 67 7 22 2 9 12 ]
[ 21 12 17 30 13 21 14 3 14 17 ]
[ 18 27 1 22 6 34 14 14 18 10 ]
[ 20 5 20 0 1 27 68 1 17 5 ]
[ 60 5 5 12 1 19 38 2 19 5 ]
[ 0 20 8 27 40 23 14 21 6 8 ]
[ 50 21 4 34 12 0 13 18 2 13 ]
[ 18 29 31 9 2 14 57 4 1 6 ]
[ 54 9 21 2 4 0 18 10 39 15 ]
[ 0 48 33 9 22 30 9 9 11 1 ]
[ 8 69 10 13 21 2 17 6 7 20 ]
[ 0 14 26 24 26 13 0 6 33 31 ]

Timer (generate): 43ms real	30ms user	10ms sys
[ 41 27 12 96 75 28 76 39 28 52 ]
[ 14 6 78 73 73 34 18 31 58 93 ]
[ 20 15 65 98 80 16 50 40 3 88 ]
[ 41 44 67 54 92 95 34 68 34 14 ]
[ 72 0 73 2 73 98 36 91 29 46 ]
[ 36 49 62 53 99 42 22 1 34 25 ]
[ 89 76 69 9 82 61 4 68 82 90 ]
[ 82 54 90 7 57 15 6 45 58 87 ]
[ 92 46 37 54 0 88 48 22 90 82 ]
[ 47 31 10 68 92 92 81 96 12 63 ]
[ 38 47 18 28 54 27 95 60 72 53 ]
[ 48 64 0 37 70 52 25 18 74 67 ]
[ 53 73 99 63 41 91 8 22 40 20 ]
[ 38 78 19 8 59 74 35 54 86 59 ]
[ 60 86 24 12 23 46 64 1 65 90 ]
[ 20 70 15 19 33 8 63 93 30 3 ]
[ 66 20 33 85 28 44 11 15 99 98 ]
[ 75 11 36 51 75 12 97 91 13 14 ]
[ 81 85 84 48 5 70 56 20 15 38 ]
[ 23 81 59 8 19 39 53 30 55 4 ]

Timer (sort): 51216ms real	51210ms user	0ms sys
The output is sorted!
[ 19 14 11 38 19 1 12 4 2 2 ]
[ 36 19 23 16 7 18 2 1 6 11 ]
[ 5 20 8 13 5 24 19 11 34 5 ]
[ 22 16 9 8 10 42 18 5 10 7 ]
[ 8 24 10 7 39 1 16 8 12 24 ]
[ 4 44 37 6 17 11 2 21 7 4 ]
[ 6 12 23 56 9 4 20 1 8 16 ]
[ 9 10 12 5 20 30 10 35 8 17 ]
[ 10 17 10 6 5 2 21 52 29 6 ]
[ 9 60 25 3 25 10 1 3 19 4 ]
[ 19 27 42 16 0 31 8 4 9 3 ]
[ 5 39 30 0 32 3 15 13 19 4 ]
[ 10 6 21 16 65 4 2 2 30 4 ]
[ 1 9 10 25 35 6 0 18 2 58 ]
[ 6 48 24 25 32 16 1 0 10 3 ]
[ 17 12 7 23 0 6 29 56 15 1 ]
[ 1 66 3 29 3 7 5 23 4 25 ]
[ 32 11 11 14 6 35 20 11 7 21 ]
[ 3 28 5 50 9 0 14 1 19 39 ]
[ 3 3 29 24 6 26 12 18 45 3 ]

Timer (generate): 42ms real	40ms user	0ms sys
[ 25 23 7 30 0 51 39 20 65 45 ]
[ 43 28 58 92 78 63 23 98 27 71 ]
[ 71 70 53 1 95 16 91 40 14 97 ]
[ 17 39 20 24 70 72 28 9 44 93 ]
[ 6 39 73 16 31 52 79 6 2 6 ]
[ 77 73 28 83 27 23 99 18 16 13 ]
[ 67 33 5 39 57 75 11 37 36 7 ]
[ 31 94 46 4 10 29 8 41 36 10 ]
[ 99 65 84 80 48 63 55 99 81 71 ]
[ 13 1 4 70 40 62 45 52 99 33 ]
[ 11 82 27 58 39 89 87 47 82 75 ]
[ 58 81 41 94 61 89 57 17 89 90 ]
[ 88 54 91 45 24 32 7 21 36 58 ]
[ 54 47 93 33 57 32 74 45 79 56 ]
[ 72 89 89 13 83 3 55 92 20 44 ]
[ 83 60 50 74 5 74 58 64 47 94 ]
[ 75 1 94 68 86 51 0 60 48 31 ]
[ 16 21 73 5 86 56 8 41 1 80 ]
[ 85 84 93 35 10 50 61 21 67 8 ]
[ 15 42 61 61 62 99 13 14 59 61 ]

Timer (sort): 51364ms real	51360ms user	0ms sys
The output is sorted!
[ 29 24 1 33 10 18 8 1 7 16 ]
[ 20 11 30 2 19 6 16 9 23 16 ]
[ 3 38 10 12 3 14 42 14 12 6 ]
[ 18 0 2 1 28 35 16 12 25 19 ]
[ 2 8 35 8 0 18 21 2 8 55 ]
[ 2 5 4 11 2 1 13 25 55 41 ]
[ 10 44 6 4 29 16 16 16 12 8 ]
[ 10 14 1 44 20 7 8 17 5 36 ]
[ 26 19 36 6 1 8 23 8 10 26 ]
[ 18 15 1 28 0 18 42 10 30 2 ]
[ 45 28 20 14 1 22 30 0 0 7 ]
[ 9 7 10 0 1 0 51 45 39 7 ]
[ 1 47 4 25 4 8 8 25 21 26 ]
[ 18 32 30 4 36 5 9 20 9 6 ]
[ 15 18 25 5 11 40 3 12 7 34 ]
[ 13 21 23 17 45 24 9 11 1 7 ]
[ 1 5 8 2 9 15 13 78 21 20 ]
[ 4 20 64 1 9 5 34 20 15 0 ]
[ 4 7 81 4 13 12 10 8 15 19 ]
[ 25 6 26 37 5 7 41 2 5 20 ]

