Timer (generate): 172ms real	150ms user	20ms sys
[ 58 67 97 77 11 14 52 58 42 4 ]
[ 0 83 46 29 73 10 7 59 58 44 ]
[ 0 35 16 1 83 98 38 68 31 46 ]
[ 42 41 65 40 71 76 54 23 34 48 ]
[ 27 34 32 26 16 57 36 23 68 94 ]
[ 19 68 29 36 22 65 34 60 33 17 ]
[ 58 76 58 23 68 81 99 74 4 85 ]
[ 22 84 19 6 10 87 15 98 62 83 ]
[ 44 82 4 26 18 26 91 52 38 24 ]
[ 21 96 52 79 71 20 13 70 94 17 ]
[ 55 69 53 26 27 63 66 43 61 28 ]
[ 26 6 62 82 84 80 8 75 84 98 ]
[ 99 5 46 4 37 17 24 50 39 71 ]
[ 67 46 92 21 25 19 36 91 62 50 ]
[ 71 41 8 34 23 92 14 84 67 51 ]
[ 82 18 56 29 22 93 46 99 95 38 ]
[ 70 15 84 14 88 9 33 24 0 48 ]
[ 26 72 41 34 58 16 78 72 0 97 ]
[ 75 35 16 32 16 90 77 14 41 73 ]
[ 52 63 40 37 77 28 46 63 4 99 ]

Timer (generate): 160ms real	140ms user	20ms sys
[ 57 22 93 25 61 58 17 88 34 31 ]
[ 53 93 39 96 22 38 34 97 75 60 ]
[ 20 63 25 8 52 2 90 27 82 40 ]
[ 37 39 14 30 17 28 88 34 16 74 ]
[ 65 69 19 56 17 42 47 4 91 74 ]
[ 64 11 37 41 19 41 43 62 68 26 ]
[ 2 57 65 68 87 82 96 28 68 12 ]
[ 54 86 33 74 94 3 68 93 7 59 ]
[ 67 71 70 56 12 41 97 56 3 17 ]
[ 34 57 74 99 26 14 34 74 42 54 ]
[ 39 48 40 24 22 87 27 90 80 34 ]
[ 49 48 57 71 56 22 13 54 30 68 ]
[ 71 64 26 46 15 4 12 49 30 6 ]
[ 56 69 54 48 94 77 35 73 19 68 ]
[ 8 21 68 17 92 24 39 57 78 69 ]
[ 26 2 33 4 0 1 8 12 2 90 ]
[ 18 58 60 72 7 6 1 94 31 21 ]
[ 62 39 42 30 9 86 55 48 44 85 ]
[ 70 22 87 3 26 87 56 86 99 59 ]
[ 76 69 17 88 42 76 46 95 71 78 ]

Timer (generate): 162ms real	150ms user	0ms sys
[ 66 9 56 28 79 49 59 9 67 25 ]
[ 32 89 42 50 36 34 5 98 49 16 ]
[ 38 31 8 10 84 77 86 61 90 6 ]
[ 56 56 67 65 84 46 14 96 7 33 ]
[ 21 40 22 63 90 10 49 47 61 99 ]
[ 63 99 82 23 61 66 0 0 28 42 ]
[ 6 36 50 26 1 87 72 68 83 32 ]
[ 1 56 72 76 71 14 86 21 61 47 ]
[ 72 24 99 54 99 12 21 99 12 1 ]
[ 94 71 37 44 97 39 83 21 7 18 ]
[ 53 60 74 77 36 98 91 75 19 4 ]
[ 22 91 80 73 97 79 86 18 31 98 ]
[ 19 77 21 57 21 18 48 57 92 7 ]
[ 75 97 19 50 75 56 48 18 31 19 ]
[ 75 5 62 55 79 59 87 65 78 70 ]
[ 15 49 47 37 58 20 7 58 77 51 ]
[ 17 53 49 37 55 24 45 55 42 76 ]
[ 74 17 33 88 25 12 47 64 29 77 ]
[ 34 97 79 33 86 37 53 45 48 83 ]
[ 97 65 36 46 2 91 70 47 98 64 ]

Timer (generate): 158ms real	150ms user	0ms sys
[ 78 14 42 94 15 72 22 96 9 0 ]
[ 82 0 47 96 0 56 38 78 50 36 ]
[ 79 50 85 3 4 73 25 52 61 1 ]
[ 0 39 16 94 86 31 18 8 80 28 ]
[ 60 14 28 7 11 28 15 49 58 65 ]
[ 37 37 68 22 93 72 47 70 24 61 ]
[ 71 77 52 39 23 38 71 42 98 3 ]
[ 22 58 17 50 17 80 31 32 81 41 ]
[ 50 18 31 18 92 24 42 92 46 19 ]
[ 53 17 48 5 57 71 44 80 65 42 ]
[ 35 87 53 52 90 70 33 73 55 66 ]
[ 14 5 85 45 75 29 21 17 73 67 ]
[ 88 26 37 36 84 46 60 80 78 77 ]
[ 74 13 17 79 17 7 2 2 32 57 ]
[ 69 46 14 6 44 89 35 17 58 61 ]
[ 85 47 87 74 35 23 72 47 3 2 ]
[ 25 30 15 42 9 84 49 11 87 81 ]
[ 68 8 79 34 14 75 23 1 93 34 ]
[ 62 30 33 2 4 68 25 28 16 81 ]
[ 30 93 11 97 35 20 81 36 32 68 ]

Timer (generate): 160ms real	160ms user	0ms sys
[ 95 37 68 37 29 68 69 2 82 81 ]
[ 64 62 86 34 1 99 20 52 4 53 ]
[ 37 57 17 28 76 43 8 36 2 89 ]
[ 62 49 78 31 86 7 51 8 10 33 ]
[ 89 26 47 75 12 0 27 84 52 31 ]
[ 89 41 88 6 70 16 2 30 52 4 ]
[ 19 15 53 49 98 91 56 49 99 18 ]
[ 34 89 96 81 16 60 81 43 44 85 ]
[ 26 34 26 66 40 96 83 94 26 35 ]
[ 98 97 50 3 46 0 95 55 49 94 ]
[ 25 83 35 22 16 4 82 49 99 27 ]
[ 34 26 13 13 44 5 9 27 0 88 ]
[ 15 98 37 17 54 84 18 49 91 67 ]
[ 95 16 3 83 90 71 39 73 73 38 ]
[ 52 59 16 65 72 61 70 82 40 22 ]
[ 22 55 21 59 73 27 43 43 76 86 ]
[ 62 23 3 65 6 45 89 45 18 62 ]
[ 36 22 73 52 39 46 65 62 80 6 ]
[ 84 2 13 57 61 86 84 57 81 12 ]
[ 43 44 36 98 61 94 44 50 92 14 ]

Timer (generate): 143ms real	120ms user	20ms sys
[ 77 66 83 3 22 83 92 47 75 52 ]
[ 62 37 72 24 86 1 53 31 60 65 ]
[ 35 56 63 90 57 17 63 67 99 84 ]
[ 60 29 50 43 84 24 79 76 72 54 ]
[ 81 86 91 53 62 29 55 15 12 67 ]
[ 32 0 23 95 90 32 64 54 99 16 ]
[ 90 59 45 41 54 29 17 33 58 41 ]
[ 87 39 80 30 92 42 11 47 10 24 ]
[ 14 42 24 89 90 14 21 54 20 72 ]
[ 70 11 31 67 4 86 97 21 71 7 ]
[ 15 59 46 95 41 38 37 53 38 99 ]
[ 77 4 42 53 46 84 19 67 38 40 ]
[ 92 61 51 23 28 7 61 77 80 33 ]
[ 84 95 44 82 90 85 21 80 38 11 ]
[ 31 67 15 25 20 61 9 40 81 48 ]
[ 32 73 61 83 48 89 42 62 67 22 ]
[ 47 3 18 43 86 60 28 59 92 19 ]
[ 70 76 38 37 1 59 51 11 51 84 ]
[ 11 83 57 72 18 57 61 60 71 80 ]
[ 34 70 36 4 13 74 17 94 33 61 ]

Timer (generate): 165ms real	140ms user	10ms sys
[ 94 38 88 71 89 14 92 19 36 73 ]
[ 76 63 18 5 38 90 69 40 15 45 ]
[ 15 1 86 32 43 6 57 55 16 74 ]
[ 0 62 12 89 33 53 3 26 72 91 ]
[ 51 0 7 69 57 97 59 79 37 75 ]
[ 24 53 28 62 37 23 21 94 78 89 ]
[ 21 79 3 33 20 36 87 75 14 11 ]
[ 19 17 12 78 87 21 75 46 0 13 ]
[ 73 76 18 53 91 55 77 12 1 55 ]
[ 53 74 34 56 8 6 44 47 34 11 ]
[ 10 53 28 74 31 15 96 6 14 48 ]
[ 71 39 25 89 93 16 96 70 80 50 ]
[ 77 33 24 64 89 84 70 85 83 4 ]
[ 96 94 9 25 68 40 92 16 47 6 ]
[ 65 18 98 90 60 91 6 56 13 38 ]
[ 58 90 71 83 54 12 67 77 97 51 ]
[ 33 46 45 43 23 65 83 15 82 82 ]
[ 74 47 53 72 89 13 15 47 21 28 ]
[ 85 80 70 8 63 77 20 82 6 69 ]
[ 33 39 67 30 82 90 48 18 6 82 ]

Timer (generate): 170ms real	150ms user	20ms sys
[ 55 63 64 97 72 58 4 84 12 95 ]
[ 37 30 94 3 90 6 25 74 59 96 ]
[ 28 27 78 46 1 75 31 20 48 47 ]
[ 13 3 11 77 0 35 87 56 71 0 ]
[ 51 60 30 98 15 21 56 92 47 15 ]
[ 88 75 94 18 21 96 93 4 68 42 ]
[ 51 81 97 14 11 50 1 98 6 24 ]
[ 98 10 36 81 8 51 54 64 43 1 ]
[ 80 83 76 74 1 49 22 47 53 91 ]
[ 41 56 72 38 23 35 88 76 34 47 ]
[ 53 84 57 89 17 17 93 71 81 88 ]
[ 24 13 24 52 40 25 1 62 24 6 ]
[ 53 65 15 78 56 90 65 44 18 51 ]
[ 43 71 36 0 13 53 17 58 77 51 ]
[ 46 1 64 70 54 4 48 7 19 72 ]
[ 14 24 90 81 54 46 23 20 42 41 ]
[ 71 86 13 59 38 78 13 8 36 90 ]
[ 59 82 43 75 5 97 32 5 5 51 ]
[ 77 71 27 19 4 82 17 27 2 12 ]
[ 68 25 50 33 85 88 63 50 48 99 ]

Timer (generate): 129ms real	110ms user	20ms sys
[ 85 45 11 99 3 16 83 15 63 58 ]
[ 19 20 18 31 73 49 80 86 35 99 ]
[ 39 27 65 43 59 51 32 59 36 10 ]
[ 18 21 7 81 72 10 97 56 77 61 ]
[ 66 96 33 85 80 6 86 60 44 21 ]
[ 59 84 0 77 79 59 28 12 70 64 ]
[ 74 89 37 81 70 9 43 20 17 20 ]
[ 33 84 68 18 69 48 25 7 61 21 ]
[ 28 72 57 80 49 37 91 77 1 62 ]
[ 93 75 3 82 8 25 92 51 45 9 ]
[ 23 30 45 91 49 14 92 26 73 53 ]
[ 47 53 25 5 33 75 94 25 4 95 ]
[ 39 50 22 42 32 30 19 24 33 17 ]
[ 86 56 47 31 99 96 98 91 22 71 ]
[ 44 22 25 22 27 10 49 73 35 53 ]
[ 20 26 3 42 68 36 24 40 12 57 ]
[ 57 50 65 56 82 64 5 32 56 27 ]
[ 55 52 1 80 74 80 91 23 53 78 ]
[ 77 73 5 32 15 25 20 91 17 85 ]
[ 48 74 35 13 83 69 30 88 1 86 ]

Timer (generate): 151ms real	130ms user	10ms sys
[ 22 43 72 85 74 12 40 31 35 28 ]
[ 38 64 76 87 66 91 2 48 69 1 ]
[ 23 42 59 96 28 90 76 40 82 54 ]
[ 5 4 49 77 41 23 42 81 54 77 ]
[ 62 92 41 38 31 59 81 86 7 50 ]
[ 87 82 44 98 79 24 88 55 65 70 ]
[ 61 22 74 10 51 16 33 93 49 39 ]
[ 22 63 32 15 54 63 75 35 49 82 ]
[ 38 88 17 34 86 96 59 74 3 76 ]
[ 96 17 50 71 27 1 39 13 47 40 ]
[ 52 69 4 36 85 58 0 12 45 1 ]
[ 94 83 42 11 18 28 59 29 55 15 ]
[ 5 51 32 55 74 11 8 65 24 55 ]
[ 58 29 77 14 65 14 24 17 26 69 ]
[ 71 72 53 13 36 23 93 95 52 0 ]
[ 62 9 4 94 64 30 6 72 96 82 ]
[ 80 6 11 57 20 77 71 44 46 49 ]
[ 13 17 21 18 30 57 93 76 5 97 ]
[ 76 67 6 80 14 22 11 72 95 59 ]
[ 54 27 65 18 84 85 95 7 81 93 ]

