Timer (generate): 9ms real	0ms user	0ms sys
[ 34 26 18 50 38 78 26 40 88 29 ]
[ 90 29 81 97 40 22 96 48 1 87 ]
[ 5 52 30 69 88 53 82 44 90 2 ]
[ 41 77 80 60 27 18 90 5 10 78 ]
[ 34 1 59 67 50 52 41 47 0 95 ]
[ 34 5 99 17 27 88 22 9 32 12 ]
[ 12 26 41 44 38 69 63 80 26 73 ]
[ 11 13 74 70 80 25 74 74 72 74 ]
[ 21 58 32 20 75 59 60 49 20 93 ]
[ 62 84 71 55 29 9 24 92 89 3 ]
[ 65 0 16 92 23 48 69 97 22 93 ]
[ 24 43 51 8 16 79 19 76 28 39 ]
[ 21 42 24 92 98 53 53 74 97 95 ]
[ 77 14 47 45 6 70 94 75 20 68 ]
[ 20 96 12 72 56 80 3 75 56 83 ]
[ 66 78 26 42 22 76 95 76 2 44 ]
[ 71 80 59 18 77 65 41 71 93 13 ]
[ 40 65 61 4 89 17 84 92 44 40 ]
[ 76 10 70 54 53 93 30 0 21 32 ]
[ 45 92 64 4 62 42 21 55 65 66 ]

Timer (sort): 3968ms real	2230ms user	0ms sys
The output is sorted!
[ 0 17 10 22 16 12 34 9 3 10 ]
[ 4 0 19 5 15 19 21 4 71 6 ]
[ 35 21 1 3 6 35 29 9 12 15 ]
[ 6 39 12 17 23 6 20 5 4 35 ]
[ 14 5 36 11 0 37 14 44 1 10 ]
[ 49 6 22 8 14 23 2 1 27 21 ]
[ 10 6 13 7 3 41 40 11 30 16 ]
[ 6 1 4 16 27 58 18 21 15 13 ]
[ 36 2 2 11 19 4 47 5 22 31 ]
[ 0 16 3 49 16 17 18 11 24 28 ]
[ 0 14 0 44 21 10 21 1 11 62 ]
[ 25 2 2 46 26 19 5 5 0 54 ]
[ 20 49 15 22 13 9 13 20 13 11 ]
[ 24 8 64 13 0 1 13 3 21 40 ]
[ 3 11 2 11 16 17 8 89 4 28 ]
[ 3 13 31 26 5 57 11 21 7 16 ]
[ 36 28 7 21 11 26 24 15 2 21 ]
[ 40 0 52 2 13 21 4 4 37 21 ]
[ 37 24 45 11 18 10 11 2 20 17 ]
[ 1 40 11 9 0 20 29 65 22 0 ]

Timer (generate): 8ms real	0ms user	0ms sys
[ 54 92 31 95 28 42 65 57 26 29 ]
[ 8 21 98 36 91 25 57 57 79 6 ]
[ 66 28 45 88 52 72 35 57 67 70 ]
[ 59 21 62 90 68 43 84 33 52 10 ]
[ 14 12 32 65 48 75 90 57 84 21 ]
[ 63 50 1 60 91 6 32 26 63 51 ]
[ 48 74 72 11 64 92 6 48 78 10 ]
[ 11 92 74 43 9 22 70 52 31 54 ]
[ 73 95 56 27 7 47 33 92 26 48 ]
[ 43 74 23 68 37 87 60 43 88 38 ]
[ 5 99 83 79 94 92 53 64 44 85 ]
[ 18 70 32 74 97 39 22 82 31 48 ]
[ 30 75 74 53 43 12 93 55 7 81 ]
[ 94 13 80 77 44 26 69 98 90 66 ]
[ 83 8 36 15 34 85 54 8 67 38 ]
[ 8 97 65 83 51 60 95 44 15 54 ]
[ 77 9 67 9 38 12 35 8 10 25 ]
[ 26 45 85 62 60 71 47 66 80 66 ]
[ 4 88 63 69 23 66 81 70 62 97 ]
[ 25 39 6 92 0 97 56 35 5 18 ]

Timer (sort): 3962ms real	2230ms user	0ms sys
The output is sorted!
[ 24 36 0 33 0 1 23 5 8 27 ]
[ 8 1 11 6 2 16 36 31 46 1 ]
[ 13 32 31 4 22 46 0 14 2 1 ]
[ 4 11 85 0 46 0 5 15 4 1 ]
[ 25 16 30 0 10 5 29 10 38 11 ]
[ 10 16 3 29 7 1 63 12 32 2 ]
[ 9 9 25 50 30 11 30 3 6 3 ]
[ 4 0 16 33 4 21 32 4 38 25 ]
[ 15 16 32 34 32 14 7 6 21 3 ]
[ 4 6 6 35 33 22 2 17 5 59 ]
[ 48 34 25 0 0 47 16 2 3 15 ]
[ 2 18 31 46 6 21 17 6 7 37 ]
[ 59 11 5 19 23 10 31 10 14 10 ]
[ 69 22 4 1 51 2 1 26 10 6 ]
[ 17 18 21 7 0 15 6 24 52 33 ]
[ 17 16 58 20 4 4 0 17 28 30 ]
[ 38 44 2 58 13 11 16 1 5 8 ]
[ 43 20 18 13 2 8 29 56 7 0 ]
[ 10 51 4 3 3 37 14 30 27 18 ]
[ 6 8 79 1 36 19 6 34 10 0 ]

Timer (generate): 12ms real	10ms user	0ms sys
[ 12 86 83 45 37 87 54 30 54 0 ]
[ 80 57 67 12 6 1 95 25 98 69 ]
[ 92 5 83 55 40 57 99 72 92 12 ]
[ 46 5 98 81 2 87 68 8 17 74 ]
[ 61 49 32 28 62 90 82 9 15 80 ]
[ 78 59 85 13 14 26 71 65 50 15 ]
[ 77 48 72 27 29 27 14 49 87 83 ]
[ 76 48 84 60 77 46 50 59 7 17 ]
[ 39 38 28 77 51 42 55 74 59 57 ]
[ 90 36 5 14 15 86 93 29 87 81 ]
[ 12 15 29 96 75 58 95 77 69 54 ]
[ 94 61 92 22 38 44 16 45 18 75 ]
[ 2 60 63 59 75 30 97 68 59 36 ]
[ 1 23 52 31 72 79 41 19 57 11 ]
[ 73 3 72 66 26 62 62 94 59 80 ]
[ 22 13 93 37 72 20 68 21 40 79 ]
[ 57 42 55 9 25 27 89 66 98 98 ]
[ 29 71 1 53 89 79 67 3 74 26 ]
[ 84 48 39 77 85 63 49 5 84 89 ]
[ 85 94 31 40 55 56 19 96 75 17 ]

Timer (sort): 3592ms real	2220ms user	0ms sys
The output is sorted!
[ 9 4 21 11 29 18 33 6 3 22 ]
[ 6 3 6 2 35 5 9 46 7 39 ]
[ 11 37 11 4 10 2 18 23 22 21 ]
[ 6 21 0 21 29 38 24 21 4 0 ]
[ 2 21 3 3 18 6 22 13 74 6 ]
[ 36 7 9 44 22 14 7 14 7 10 ]
[ 11 3 7 6 23 7 15 48 0 52 ]
[ 19 2 61 11 41 0 9 18 7 7 ]
[ 17 10 35 11 13 21 15 5 10 38 ]
[ 4 19 20 21 6 0 78 1 18 11 ]
[ 2 6 13 54 3 2 63 19 3 15 ]
[ 1 0 9 66 3 14 59 13 0 16 ]
[ 1 2 76 3 8 7 6 5 62 15 ]
[ 33 73 14 47 3 5 6 4 3 2 ]
[ 27 14 26 4 8 15 40 9 0 48 ]
[ 10 2 5 4 51 8 32 69 2 8 ]
[ 9 22 1 7 8 10 33 7 84 12 ]
[ 12 2 14 22 45 18 35 22 10 13 ]
[ 31 34 39 17 7 21 1 18 18 7 ]
[ 34 11 3 5 16 1 41 38 9 37 ]

Timer (generate): 9ms real	10ms user	0ms sys
[ 0 45 24 36 42 34 92 81 6 42 ]
[ 2 84 41 9 74 51 20 1 16 91 ]
[ 6 18 13 4 19 58 73 34 0 18 ]
[ 33 52 15 9 88 57 43 32 39 2 ]
[ 27 41 86 20 3 12 71 75 14 39 ]
[ 66 20 57 31 76 28 41 50 62 41 ]
[ 20 47 45 35 56 86 93 52 70 84 ]
[ 6 97 77 92 17 80 56 40 7 70 ]
[ 79 73 90 89 56 19 17 98 21 32 ]
[ 91 41 31 37 28 40 75 73 44 45 ]
[ 57 50 95 87 94 64 19 50 5 27 ]
[ 21 36 52 63 77 9 82 47 7 3 ]
[ 31 98 96 62 87 25 2 14 50 46 ]
[ 12 60 96 7 47 90 71 18 93 28 ]
[ 45 14 65 98 77 94 59 12 41 66 ]
[ 15 72 16 64 87 56 41 89 22 91 ]
[ 88 34 51 36 41 50 79 65 69 72 ]
[ 93 66 86 10 64 15 5 75 27 98 ]
[ 41 95 23 10 11 10 18 52 51 40 ]
[ 43 39 27 95 76 20 97 55 85 66 ]

Timer (sort): 3238ms real	2040ms user	0ms sys
The output is sorted!
[ 5 8 23 14 24 10 9 15 16 1 ]
[ 33 16 15 14 10 5 8 19 8 1 ]
[ 17 32 2 10 19 7 5 4 4 31 ]
[ 20 3 28 26 8 28 4 16 0 25 ]
[ 3 0 12 10 29 55 5 29 22 5 ]
[ 9 2 25 15 32 4 0 24 56 4 ]
[ 19 4 13 23 16 6 3 50 42 0 ]
[ 33 3 0 13 59 14 34 12 10 3 ]
[ 9 14 1 2 53 21 7 6 33 35 ]
[ 5 42 6 13 39 9 5 24 0 43 ]
[ 31 5 8 6 4 10 20 43 50 11 ]
[ 86 3 12 44 10 0 0 5 2 30 ]
[ 23 39 21 5 39 40 0 9 12 6 ]
[ 41 18 52 13 2 9 16 2 12 30 ]
[ 52 25 24 12 0 52 11 1 13 6 ]
[ 12 1 29 38 11 2 37 34 4 29 ]
[ 1 6 3 16 1 22 77 24 20 30 ]
[ 2 31 5 1 16 16 64 22 28 16 ]
[ 1 22 28 0 35 6 15 38 35 21 ]
[ 32 44 26 25 21 8 1 23 12 9 ]

Timer (generate): 9ms real	10ms user	0ms sys
[ 97 71 1 11 85 38 86 16 72 67 ]
[ 2 68 55 58 2 39 63 67 85 75 ]
[ 89 55 6 2 24 79 41 36 18 82 ]
[ 84 16 5 37 27 43 75 65 59 99 ]
[ 84 62 20 39 72 74 78 87 93 15 ]
[ 62 82 70 68 85 47 47 78 35 18 ]
[ 60 72 86 18 9 65 61 37 30 72 ]
[ 88 14 86 8 53 58 34 83 45 27 ]
[ 99 59 10 69 80 47 16 79 77 52 ]
[ 97 90 24 83 8 85 48 21 74 30 ]
[ 93 63 44 80 23 49 90 10 33 88 ]
[ 37 32 99 99 1 79 98 70 59 76 ]
[ 74 56 66 50 92 74 87 92 47 62 ]
[ 23 40 77 19 72 52 69 15 62 54 ]
[ 55 52 86 54 3 39 86 2 9 45 ]
[ 78 35 53 96 85 97 70 25 90 69 ]
[ 87 65 9 16 36 34 20 57 1 83 ]
[ 11 8 87 97 62 90 89 0 92 50 ]
[ 45 22 86 51 18 23 48 40 48 90 ]
[ 9 87 7 71 3 44 57 24 1 58 ]

Timer (sort): 2957ms real	2050ms user	0ms sys
The output is sorted!
[ 27 3 3 18 20 5 16 9 6 7 ]
[ 25 49 9 11 8 11 11 16 5 12 ]
[ 43 6 28 0 16 24 1 9 8 23 ]
[ 6 18 11 18 15 19 5 3 26 44 ]
[ 51 14 14 5 15 18 27 9 8 6 ]
[ 14 16 52 2 21 9 6 21 6 25 ]
[ 17 14 25 2 4 29 39 0 13 31 ]
[ 11 21 11 29 10 18 26 3 35 10 ]
[ 3 23 24 4 30 1 4 58 21 9 ]
[ 39 29 33 7 10 8 23 14 8 8 ]
[ 14 14 20 35 4 7 0 37 35 14 ]
[ 14 6 6 27 14 7 46 4 29 31 ]
[ 9 35 1 1 62 13 24 14 18 11 ]
[ 14 26 29 3 12 61 9 32 2 3 ]
[ 11 16 62 16 22 15 13 7 8 22 ]
[ 13 6 1 18 7 51 5 45 38 8 ]
[ 44 10 3 26 70 1 0 20 16 2 ]
[ 4 70 1 34 38 7 12 0 4 24 ]
[ 8 22 15 5 6 39 18 2 61 18 ]
[ 12 5 9 34 19 61 1 24 9 21 ]

Timer (generate): 9ms real	0ms user	0ms sys
[ 95 66 80 49 85 12 57 23 13 13 ]
[ 80 19 82 66 86 8 8 58 51 19 ]
[ 40 63 26 24 44 95 2 43 21 50 ]
[ 2 69 68 82 70 54 47 27 77 12 ]
[ 93 9 31 75 75 69 35 35 27 38 ]
[ 6 20 2 32 44 98 80 47 41 53 ]
[ 97 44 22 66 78 45 72 77 24 49 ]
[ 90 17 10 73 44 86 43 32 73 22 ]
[ 70 80 42 24 12 39 23 44 86 16 ]
[ 98 35 60 72 53 91 17 25 20 42 ]
[ 26 10 11 37 84 8 75 79 40 48 ]
[ 1 62 28 96 87 93 35 10 89 73 ]
[ 26 87 60 39 12 14 82 29 39 2 ]
[ 23 66 65 87 55 49 95 30 28 35 ]
[ 30 81 49 11 77 36 56 64 46 45 ]
[ 37 25 85 50 16 97 64 98 78 55 ]
[ 52 54 73 17 93 28 66 88 10 46 ]
[ 75 41 28 24 4 57 61 60 22 59 ]
[ 57 11 36 94 61 52 91 77 2 22 ]
[ 33 55 28 6 72 21 35 91 61 97 ]

Timer (sort): 3424ms real	2170ms user	0ms sys
The output is sorted!
[ 4 26 10 2 4 6 39 3 9 9 ]
[ 3 57 4 5 8 12 20 6 3 12 ]
[ 3 78 12 19 8 3 4 0 0 13 ]
[ 13 20 16 13 63 12 9 5 9 3 ]
[ 0 25 18 5 15 9 7 31 53 5 ]
[ 15 12 18 16 3 37 4 9 4 55 ]
[ 6 3 4 32 15 41 31 15 28 1 ]
[ 11 7 3 1 5 55 27 31 6 41 ]
[ 3 4 9 48 14 12 17 27 16 39 ]
[ 28 11 3 3 24 29 16 13 40 22 ]
[ 7 28 12 6 9 2 72 20 29 7 ]
[ 47 9 5 4 40 10 27 16 21 13 ]
[ 22 1 35 14 0 2 12 56 38 13 ]
[ 5 2 19 60 7 4 46 19 11 21 ]
[ 5 1 37 17 46 17 13 46 9 3 ]
[ 31 2 3 33 17 46 59 0 5 0 ]
[ 28 44 14 8 6 18 30 24 21 3 ]
[ 21 7 0 41 8 2 52 4 17 44 ]
[ 22 3 73 5 1 33 19 8 19 14 ]
[ 35 34 4 5 14 1 45 26 5 31 ]

Timer (generate): 10ms real	10ms user	0ms sys
[ 73 9 77 24 95 37 34 87 61 51 ]
[ 56 75 25 92 71 98 26 71 17 45 ]
[ 88 99 90 45 69 38 31 89 32 80 ]
[ 46 57 89 23 81 36 60 68 23 73 ]
[ 19 31 49 44 23 20 94 2 43 64 ]
[ 47 31 63 90 28 84 28 60 73 60 ]
[ 92 71 70 33 94 51 69 7 71 44 ]
[ 32 90 75 81 86 51 53 81 53 96 ]
[ 45 52 79 60 42 8 44 71 68 18 ]
[ 83 12 89 5 45 36 57 14 95 80 ]
[ 58 27 71 85 61 9 36 66 90 41 ]
[ 15 87 94 94 47 88 54 92 59 74 ]
[ 62 95 86 3 0 31 91 9 97 38 ]
[ 90 7 18 13 45 79 22 81 97 65 ]
[ 75 12 52 21 59 52 9 13 44 21 ]
[ 88 58 16 74 13 16 58 5 78 55 ]
[ 95 68 15 13 33 60 92 55 93 90 ]
[ 72 68 54 25 41 13 77 51 27 73 ]
[ 72 67 83 40 41 96 8 51 53 86 ]
[ 59 49 6 74 62 39 86 7 47 79 ]

Timer (sort): 3264ms real	2070ms user	0ms sys
The output is sorted!
[ 49 9 16 2 13 10 2 23 20 2 ]
[ 35 6 26 26 7 23 0 13 3 15 ]
[ 23 6 48 2 27 20 9 17 5 4 ]
[ 2 12 8 1 7 14 65 25 27 4 ]
[ 3 8 22 8 33 25 7 9 2 57 ]
[ 10 32 29 3 12 6 14 11 24 37 ]
[ 6 32 28 0 33 16 9 27 26 5 ]
[ 8 8 62 0 41 21 21 16 4 3 ]
[ 30 20 14 22 17 40 27 0 19 0 ]
[ 9 47 45 11 11 19 12 27 9 0 ]
[ 8 5 53 11 1 14 8 23 30 38 ]
[ 30 20 30 10 0 17 1 4 38 44 ]
[ 28 28 27 40 8 25 17 2 20 0 ]
[ 2 1 50 11 20 57 22 16 6 10 ]
[ 15 22 0 1 1 5 39 14 86 13 ]
[ 27 16 34 70 1 12 7 10 3 17 ]
[ 54 3 40 3 25 0 4 9 10 51 ]
[ 1 4 41 26 75 5 16 13 12 7 ]
[ 23 52 12 34 23 10 8 12 4 23 ]
[ 49 23 36 38 9 5 25 0 9 8 ]

Timer (generate): 9ms real	0ms user	0ms sys
[ 92 19 81 80 61 72 87 51 31 37 ]
[ 5 31 71 43 18 5 77 10 39 49 ]
[ 44 22 17 98 69 43 62 7 63 84 ]
[ 22 7 3 55 40 16 28 27 19 11 ]
[ 16 24 94 87 20 12 44 49 74 36 ]
[ 99 18 10 68 16 80 11 78 39 27 ]
[ 14 61 34 69 69 74 85 49 53 57 ]
[ 60 70 33 6 9 53 18 6 55 92 ]
[ 42 6 62 52 74 78 84 38 9 23 ]
[ 65 75 37 51 97 6 78 82 55 83 ]
[ 91 67 53 25 73 15 30 43 21 85 ]
[ 87 15 91 49 67 66 79 52 56 88 ]
[ 27 21 16 64 24 13 70 54 47 77 ]
[ 38 39 44 43 16 69 58 46 12 31 ]
[ 32 99 46 75 48 14 93 28 18 49 ]
[ 68 45 22 84 62 47 49 84 1 97 ]
[ 62 39 88 58 83 4 28 93 50 92 ]
[ 25 34 92 71 62 92 37 55 20 7 ]
[ 5 41 5 27 77 67 74 27 51 28 ]
[ 76 65 19 64 24 54 20 52 48 22 ]

Timer (sort): 2896ms real	2010ms user	0ms sys
The output is sorted!
[ 3 17 1 0 18 1 45 5 8 34 ]
[ 11 14 16 14 0 32 0 5 38 23 ]
[ 10 8 0 8 9 18 84 21 1 0 ]
[ 1 7 4 17 54 20 22 22 11 5 ]
[ 20 14 32 17 3 0 27 4 17 38 ]
[ 12 49 1 7 0 12 52 26 9 6 ]
[ 4 24 48 22 25 10 0 34 2 8 ]
[ 29 1 8 9 28 45 14 23 18 7 ]
[ 18 21 28 17 5 3 16 18 34 23 ]
[ 5 12 7 23 26 0 59 2 38 12 ]
[ 36 17 15 0 18 11 30 5 42 14 ]
[ 37 1 11 36 0 42 18 23 16 4 ]
[ 19 21 16 10 18 15 8 7 8 67 ]
[ 7 19 8 30 53 4 12 33 11 16 ]
[ 26 54 1 12 8 12 22 45 8 5 ]
[ 25 41 17 3 47 12 5 0 32 12 ]
[ 2 8 35 2 6 11 31 22 43 35 ]
[ 57 4 67 7 3 10 25 7 6 11 ]
[ 1 38 15 6 29 45 40 4 13 7 ]
[ 33 29 2 0 8 5 35 17 55 16 ]

Timer (generate): 9ms real	10ms user	0ms sys
[ 74 82 42 46 88 39 85 94 78 66 ]
[ 65 85 74 99 99 45 99 58 28 87 ]
[ 44 27 60 28 69 65 53 58 35 5 ]
[ 96 9 40 90 8 28 29 93 74 7 ]
[ 59 92 45 33 91 44 30 42 54 10 ]
[ 29 51 38 89 79 59 6 32 17 94 ]
[ 90 65 55 30 55 63 58 84 56 84 ]
[ 44 68 28 89 53 71 85 84 13 40 ]
[ 94 42 91 84 83 70 43 42 55 12 ]
[ 36 97 77 91 27 32 7 37 69 63 ]
[ 21 13 31 2 54 85 73 39 21 87 ]
[ 31 67 81 22 52 17 45 47 59 52 ]
[ 12 47 49 41 90 76 26 97 65 95 ]
[ 13 38 60 96 40 66 33 14 5 54 ]
[ 53 37 22 34 11 26 3 8 25 14 ]
[ 60 37 61 61 79 4 89 5 1 54 ]
[ 52 66 93 64 63 33 30 96 47 35 ]
[ 51 52 24 25 87 88 3 42 96 28 ]
[ 57 9 18 70 22 49 74 12 54 28 ]
[ 66 58 94 59 22 57 93 52 6 92 ]

Timer (sort): 3248ms real	2110ms user	0ms sys
The output is sorted!
[ 15 25 17 4 8 16 3 11 2 0 ]
[ 3 1 10 15 42 5 14 18 16 34 ]
[ 32 11 14 8 59 2 4 23 8 9 ]
[ 41 4 1 68 0 14 21 7 14 1 ]
[ 1 15 29 2 4 58 8 0 7 48 ]
[ 2 35 32 62 3 27 3 6 4 2 ]
[ 10 31 32 3 29 6 7 0 3 61 ]
[ 13 32 2 44 6 48 16 3 4 20 ]
[ 19 41 9 0 28 27 28 23 16 1 ]
[ 11 42 29 4 24 33 21 9 5 19 ]
[ 8 17 16 5 6 61 4 7 4 69 ]
[ 35 17 26 8 1 0 64 5 36 7 ]
[ 4 5 5 1 7 92 6 11 35 36 ]
[ 1 1 15 6 25 29 80 46 0 0 ]
[ 49 5 8 10 11 0 1 21 20 78 ]
[ 22 20 6 25 19 30 31 13 5 32 ]
[ 12 6 2 11 12 21 75 1 52 11 ]
[ 30 16 6 32 4 27 9 15 41 24 ]
[ 3 3 1 8 16 20 43 65 10 36 ]
[ 41 1 5 56 11 22 11 1 38 20 ]

Timer (generate): 9ms real	10ms user	0ms sys
[ 66 61 0 92 20 4 89 18 5 30 ]
[ 99 42 61 11 66 30 46 28 70 47 ]
[ 32 2 26 90 91 62 98 35 56 98 ]
[ 7 22 59 7 66 80 63 8 50 68 ]
[ 90 1 63 52 64 29 82 62 9 5 ]
[ 9 41 59 35 31 3 49 29 38 6 ]
[ 79 45 80 91 4 99 23 68 59 25 ]
[ 88 49 27 51 1 91 32 36 54 41 ]
[ 93 63 82 52 51 65 55 52 46 46 ]
[ 58 26 91 91 69 96 90 44 16 1 ]
[ 69 4 50 96 56 52 40 88 40 46 ]
[ 30 33 9 64 85 12 30 93 65 28 ]
[ 39 75 54 82 66 75 30 8 19 46 ]
[ 9 89 3 60 37 59 64 29 47 4 ]
[ 75 29 89 37 46 26 49 28 19 14 ]
[ 56 10 90 63 45 8 38 27 69 10 ]
[ 26 78 99 29 90 88 88 6 18 87 ]
[ 10 45 69 51 82 67 78 32 95 49 ]
[ 98 3 12 40 66 57 49 57 84 70 ]
[ 67 10 48 18 39 91 58 79 97 76 ]

Timer (sort): 3070ms real	2060ms user	0ms sys
The output is sorted!
[ 42 13 18 4 46 1 3 3 1 1 ]
[ 57 24 5 0 13 12 3 18 21 10 ]
[ 9 7 6 8 58 4 14 32 28 3 ]
[ 56 7 9 12 17 21 4 0 2 43 ]
[ 15 8 0 28 8 10 9 38 48 11 ]
[ 27 7 12 14 8 9 11 73 12 9 ]
[ 10 10 7 0 32 50 27 37 9 0 ]
[ 4 5 72 18 30 23 7 19 1 7 ]
[ 11 17 9 42 32 31 14 16 8 8 ]
[ 23 21 22 5 4 12 43 23 10 27 ]
[ 16 5 10 47 55 37 9 0 11 5 ]
[ 28 1 1 62 2 33 14 47 10 0 ]
[ 6 5 21 45 6 41 0 20 33 21 ]
[ 50 3 0 12 6 13 55 16 24 20 ]
[ 1 64 4 17 57 25 1 2 29 2 ]
[ 6 20 24 71 47 7 9 6 11 2 ]
[ 4 3 0 0 15 41 69 2 39 30 ]
[ 22 36 12 4 10 59 33 16 12 0 ]
[ 2 1 80 7 23 13 44 9 2 23 ]
[ 30 8 0 4 4 36 94 4 25 3 ]

