Timer (generate): 4ms real	0ms user	0ms sys
[ 5000 5000 5000 5000 5000 5000 5000 5000 5000 5000 ]
[ 4999 5000 5000 5000 5000 5000 5000 5000 5000 5000 ]
[ 4999 4999 5000 5000 5000 5000 5000 5000 5000 5000 ]
[ 4999 4999 4999 5000 5000 5000 5000 5000 5000 5000 ]
[ 4999 4999 4999 4999 5000 5000 5000 5000 5000 5000 ]
[ 4999 4999 4999 4999 4999 5000 5000 5000 5000 5000 ]
[ 4999 4999 4999 4999 4999 4999 5000 5000 5000 5000 ]
[ 4999 4999 4999 4999 4999 4999 4999 5000 5000 5000 ]
[ 4999 4999 4999 4999 4999 4999 4999 4999 5000 5000 ]
[ 4999 4999 4999 4999 4999 4999 4999 4999 4999 5000 ]
[ 4999 4999 4999 4999 4999 4999 4999 4999 4999 4999 ]
[ 4998 4999 4999 4999 4999 4999 4999 4999 4999 4999 ]
[ 4998 4998 4999 4999 4999 4999 4999 4999 4999 4999 ]
[ 4998 4998 4998 4999 4999 4999 4999 4999 4999 4999 ]
[ 4998 4998 4998 4998 4999 4999 4999 4999 4999 4999 ]
[ 4998 4998 4998 4998 4998 4999 4999 4999 4999 4999 ]
[ 4998 4998 4998 4998 4998 4998 4999 4999 4999 4999 ]
[ 4998 4998 4998 4998 4998 4998 4998 4999 4999 4999 ]
[ 4998 4998 4998 4998 4998 4998 4998 4998 4999 4999 ]
[ 4998 4998 4998 4998 4998 4998 4998 4998 4998 4999 ]

Running insertion sort algorithm: 
Timer (sort): 63391ms real	55800ms user	320ms sys
The output is sorted!
[ 0 0 0 0 0 0 0 0 0 1 ]
[ 0 0 0 0 0 0 0 0 1 1 ]
[ 0 0 0 0 0 0 0 1 1 1 ]
[ 0 0 0 0 0 0 1 1 1 1 ]
[ 0 0 0 0 0 1 1 1 1 1 ]
[ 0 0 0 0 1 1 1 1 1 1 ]
[ 0 0 0 1 1 1 1 1 1 1 ]
[ 0 0 1 1 1 1 1 1 1 1 ]
[ 0 1 1 1 1 1 1 1 1 1 ]
[ 1 1 1 1 1 1 1 1 1 1 ]
[ 1 1 1 1 1 1 1 1 1 2 ]
[ 1 1 1 1 1 1 1 1 2 2 ]
[ 1 1 1 1 1 1 1 2 2 2 ]
[ 1 1 1 1 1 1 2 2 2 2 ]
[ 1 1 1 1 1 2 2 2 2 2 ]
[ 1 1 1 1 2 2 2 2 2 2 ]
[ 1 1 1 2 2 2 2 2 2 2 ]
[ 1 1 2 2 2 2 2 2 2 2 ]
[ 1 2 2 2 2 2 2 2 2 2 ]
[ 2 2 2 2 2 2 2 2 2 2 ]

Timer (generate): 3ms real	0ms user	0ms sys
[ 5000 5000 5000 5000 5000 5000 5000 5000 5000 5000 ]
[ 4999 5000 5000 5000 5000 5000 5000 5000 5000 5000 ]
[ 4999 4999 5000 5000 5000 5000 5000 5000 5000 5000 ]
[ 4999 4999 4999 5000 5000 5000 5000 5000 5000 5000 ]
[ 4999 4999 4999 4999 5000 5000 5000 5000 5000 5000 ]
[ 4999 4999 4999 4999 4999 5000 5000 5000 5000 5000 ]
[ 4999 4999 4999 4999 4999 4999 5000 5000 5000 5000 ]
[ 4999 4999 4999 4999 4999 4999 4999 5000 5000 5000 ]
[ 4999 4999 4999 4999 4999 4999 4999 4999 5000 5000 ]
[ 4999 4999 4999 4999 4999 4999 4999 4999 4999 5000 ]
[ 4999 4999 4999 4999 4999 4999 4999 4999 4999 4999 ]
[ 4998 4999 4999 4999 4999 4999 4999 4999 4999 4999 ]
[ 4998 4998 4999 4999 4999 4999 4999 4999 4999 4999 ]
[ 4998 4998 4998 4999 4999 4999 4999 4999 4999 4999 ]
[ 4998 4998 4998 4998 4999 4999 4999 4999 4999 4999 ]
[ 4998 4998 4998 4998 4998 4999 4999 4999 4999 4999 ]
[ 4998 4998 4998 4998 4998 4998 4999 4999 4999 4999 ]
[ 4998 4998 4998 4998 4998 4998 4998 4999 4999 4999 ]
[ 4998 4998 4998 4998 4998 4998 4998 4998 4999 4999 ]
[ 4998 4998 4998 4998 4998 4998 4998 4998 4998 4999 ]

Running insertion sort algorithm: 
Timer (sort): 58965ms real	53330ms user	1060ms sys
The output is sorted!
[ 0 0 0 0 0 0 0 0 0 1 ]
[ 0 0 0 0 0 0 0 0 1 1 ]
[ 0 0 0 0 0 0 0 1 1 1 ]
[ 0 0 0 0 0 0 1 1 1 1 ]
[ 0 0 0 0 0 1 1 1 1 1 ]
[ 0 0 0 0 1 1 1 1 1 1 ]
[ 0 0 0 1 1 1 1 1 1 1 ]
[ 0 0 1 1 1 1 1 1 1 1 ]
[ 0 1 1 1 1 1 1 1 1 1 ]
[ 1 1 1 1 1 1 1 1 1 1 ]
[ 1 1 1 1 1 1 1 1 1 2 ]
[ 1 1 1 1 1 1 1 1 2 2 ]
[ 1 1 1 1 1 1 1 2 2 2 ]
[ 1 1 1 1 1 1 2 2 2 2 ]
[ 1 1 1 1 1 2 2 2 2 2 ]
[ 1 1 1 1 2 2 2 2 2 2 ]
[ 1 1 1 2 2 2 2 2 2 2 ]
[ 1 1 2 2 2 2 2 2 2 2 ]
[ 1 2 2 2 2 2 2 2 2 2 ]
[ 2 2 2 2 2 2 2 2 2 2 ]

Timer (generate): 3ms real	0ms user	0ms sys
[ 5000 5000 5000 5000 5000 5000 5000 5000 5000 5000 ]
[ 4999 5000 5000 5000 5000 5000 5000 5000 5000 5000 ]
[ 4999 4999 5000 5000 5000 5000 5000 5000 5000 5000 ]
[ 4999 4999 4999 5000 5000 5000 5000 5000 5000 5000 ]
[ 4999 4999 4999 4999 5000 5000 5000 5000 5000 5000 ]
[ 4999 4999 4999 4999 4999 5000 5000 5000 5000 5000 ]
[ 4999 4999 4999 4999 4999 4999 5000 5000 5000 5000 ]
[ 4999 4999 4999 4999 4999 4999 4999 5000 5000 5000 ]
[ 4999 4999 4999 4999 4999 4999 4999 4999 5000 5000 ]
[ 4999 4999 4999 4999 4999 4999 4999 4999 4999 5000 ]
[ 4999 4999 4999 4999 4999 4999 4999 4999 4999 4999 ]
[ 4998 4999 4999 4999 4999 4999 4999 4999 4999 4999 ]
[ 4998 4998 4999 4999 4999 4999 4999 4999 4999 4999 ]
[ 4998 4998 4998 4999 4999 4999 4999 4999 4999 4999 ]
[ 4998 4998 4998 4998 4999 4999 4999 4999 4999 4999 ]
[ 4998 4998 4998 4998 4998 4999 4999 4999 4999 4999 ]
[ 4998 4998 4998 4998 4998 4998 4999 4999 4999 4999 ]
[ 4998 4998 4998 4998 4998 4998 4998 4999 4999 4999 ]
[ 4998 4998 4998 4998 4998 4998 4998 4998 4999 4999 ]
[ 4998 4998 4998 4998 4998 4998 4998 4998 4998 4999 ]

Running insertion sort algorithm: 
Timer (sort): 54110ms real	54060ms user	0ms sys
The output is sorted!
[ 0 0 0 0 0 0 0 0 0 1 ]
[ 0 0 0 0 0 0 0 0 1 1 ]
[ 0 0 0 0 0 0 0 1 1 1 ]
[ 0 0 0 0 0 0 1 1 1 1 ]
[ 0 0 0 0 0 1 1 1 1 1 ]
[ 0 0 0 0 1 1 1 1 1 1 ]
[ 0 0 0 1 1 1 1 1 1 1 ]
[ 0 0 1 1 1 1 1 1 1 1 ]
[ 0 1 1 1 1 1 1 1 1 1 ]
[ 1 1 1 1 1 1 1 1 1 1 ]
[ 1 1 1 1 1 1 1 1 1 2 ]
[ 1 1 1 1 1 1 1 1 2 2 ]
[ 1 1 1 1 1 1 1 2 2 2 ]
[ 1 1 1 1 1 1 2 2 2 2 ]
[ 1 1 1 1 1 2 2 2 2 2 ]
[ 1 1 1 1 2 2 2 2 2 2 ]
[ 1 1 1 2 2 2 2 2 2 2 ]
[ 1 1 2 2 2 2 2 2 2 2 ]
[ 1 2 2 2 2 2 2 2 2 2 ]
[ 2 2 2 2 2 2 2 2 2 2 ]

Timer (generate): 3ms real	0ms user	0ms sys
[ 5000 5000 5000 5000 5000 5000 5000 5000 5000 5000 ]
[ 4999 5000 5000 5000 5000 5000 5000 5000 5000 5000 ]
[ 4999 4999 5000 5000 5000 5000 5000 5000 5000 5000 ]
[ 4999 4999 4999 5000 5000 5000 5000 5000 5000 5000 ]
[ 4999 4999 4999 4999 5000 5000 5000 5000 5000 5000 ]
[ 4999 4999 4999 4999 4999 5000 5000 5000 5000 5000 ]
[ 4999 4999 4999 4999 4999 4999 5000 5000 5000 5000 ]
[ 4999 4999 4999 4999 4999 4999 4999 5000 5000 5000 ]
[ 4999 4999 4999 4999 4999 4999 4999 4999 5000 5000 ]
[ 4999 4999 4999 4999 4999 4999 4999 4999 4999 5000 ]
[ 4999 4999 4999 4999 4999 4999 4999 4999 4999 4999 ]
[ 4998 4999 4999 4999 4999 4999 4999 4999 4999 4999 ]
[ 4998 4998 4999 4999 4999 4999 4999 4999 4999 4999 ]
[ 4998 4998 4998 4999 4999 4999 4999 4999 4999 4999 ]
[ 4998 4998 4998 4998 4999 4999 4999 4999 4999 4999 ]
[ 4998 4998 4998 4998 4998 4999 4999 4999 4999 4999 ]
[ 4998 4998 4998 4998 4998 4998 4999 4999 4999 4999 ]
[ 4998 4998 4998 4998 4998 4998 4998 4999 4999 4999 ]
[ 4998 4998 4998 4998 4998 4998 4998 4998 4999 4999 ]
[ 4998 4998 4998 4998 4998 4998 4998 4998 4998 4999 ]

Running insertion sort algorithm: 
Timer (sort): 60526ms real	56020ms user	20ms sys
The output is sorted!
[ 0 0 0 0 0 0 0 0 0 1 ]
[ 0 0 0 0 0 0 0 0 1 1 ]
[ 0 0 0 0 0 0 0 1 1 1 ]
[ 0 0 0 0 0 0 1 1 1 1 ]
[ 0 0 0 0 0 1 1 1 1 1 ]
[ 0 0 0 0 1 1 1 1 1 1 ]
[ 0 0 0 1 1 1 1 1 1 1 ]
[ 0 0 1 1 1 1 1 1 1 1 ]
[ 0 1 1 1 1 1 1 1 1 1 ]
[ 1 1 1 1 1 1 1 1 1 1 ]
[ 1 1 1 1 1 1 1 1 1 2 ]
[ 1 1 1 1 1 1 1 1 2 2 ]
[ 1 1 1 1 1 1 1 2 2 2 ]
[ 1 1 1 1 1 1 2 2 2 2 ]
[ 1 1 1 1 1 2 2 2 2 2 ]
[ 1 1 1 1 2 2 2 2 2 2 ]
[ 1 1 1 2 2 2 2 2 2 2 ]
[ 1 1 2 2 2 2 2 2 2 2 ]
[ 1 2 2 2 2 2 2 2 2 2 ]
[ 2 2 2 2 2 2 2 2 2 2 ]

Timer (generate): 3ms real	0ms user	0ms sys
[ 5000 5000 5000 5000 5000 5000 5000 5000 5000 5000 ]
[ 4999 5000 5000 5000 5000 5000 5000 5000 5000 5000 ]
[ 4999 4999 5000 5000 5000 5000 5000 5000 5000 5000 ]
[ 4999 4999 4999 5000 5000 5000 5000 5000 5000 5000 ]
[ 4999 4999 4999 4999 5000 5000 5000 5000 5000 5000 ]
[ 4999 4999 4999 4999 4999 5000 5000 5000 5000 5000 ]
[ 4999 4999 4999 4999 4999 4999 5000 5000 5000 5000 ]
[ 4999 4999 4999 4999 4999 4999 4999 5000 5000 5000 ]
[ 4999 4999 4999 4999 4999 4999 4999 4999 5000 5000 ]
[ 4999 4999 4999 4999 4999 4999 4999 4999 4999 5000 ]
[ 4999 4999 4999 4999 4999 4999 4999 4999 4999 4999 ]
[ 4998 4999 4999 4999 4999 4999 4999 4999 4999 4999 ]
[ 4998 4998 4999 4999 4999 4999 4999 4999 4999 4999 ]
[ 4998 4998 4998 4999 4999 4999 4999 4999 4999 4999 ]
[ 4998 4998 4998 4998 4999 4999 4999 4999 4999 4999 ]
[ 4998 4998 4998 4998 4998 4999 4999 4999 4999 4999 ]
[ 4998 4998 4998 4998 4998 4998 4999 4999 4999 4999 ]
[ 4998 4998 4998 4998 4998 4998 4998 4999 4999 4999 ]
[ 4998 4998 4998 4998 4998 4998 4998 4998 4999 4999 ]
[ 4998 4998 4998 4998 4998 4998 4998 4998 4998 4999 ]

Running insertion sort algorithm: 
Timer (sort): 60849ms real	56400ms user	1090ms sys
The output is sorted!
[ 0 0 0 0 0 0 0 0 0 1 ]
[ 0 0 0 0 0 0 0 0 1 1 ]
[ 0 0 0 0 0 0 0 1 1 1 ]
[ 0 0 0 0 0 0 1 1 1 1 ]
[ 0 0 0 0 0 1 1 1 1 1 ]
[ 0 0 0 0 1 1 1 1 1 1 ]
[ 0 0 0 1 1 1 1 1 1 1 ]
[ 0 0 1 1 1 1 1 1 1 1 ]
[ 0 1 1 1 1 1 1 1 1 1 ]
[ 1 1 1 1 1 1 1 1 1 1 ]
[ 1 1 1 1 1 1 1 1 1 2 ]
[ 1 1 1 1 1 1 1 1 2 2 ]
[ 1 1 1 1 1 1 1 2 2 2 ]
[ 1 1 1 1 1 1 2 2 2 2 ]
[ 1 1 1 1 1 2 2 2 2 2 ]
[ 1 1 1 1 2 2 2 2 2 2 ]
[ 1 1 1 2 2 2 2 2 2 2 ]
[ 1 1 2 2 2 2 2 2 2 2 ]
[ 1 2 2 2 2 2 2 2 2 2 ]
[ 2 2 2 2 2 2 2 2 2 2 ]

Timer (generate): 4ms real	0ms user	0ms sys
[ 5000 5000 5000 5000 5000 5000 5000 5000 5000 5000 ]
[ 4999 5000 5000 5000 5000 5000 5000 5000 5000 5000 ]
[ 4999 4999 5000 5000 5000 5000 5000 5000 5000 5000 ]
[ 4999 4999 4999 5000 5000 5000 5000 5000 5000 5000 ]
[ 4999 4999 4999 4999 5000 5000 5000 5000 5000 5000 ]
[ 4999 4999 4999 4999 4999 5000 5000 5000 5000 5000 ]
[ 4999 4999 4999 4999 4999 4999 5000 5000 5000 5000 ]
[ 4999 4999 4999 4999 4999 4999 4999 5000 5000 5000 ]
[ 4999 4999 4999 4999 4999 4999 4999 4999 5000 5000 ]
[ 4999 4999 4999 4999 4999 4999 4999 4999 4999 5000 ]
[ 4999 4999 4999 4999 4999 4999 4999 4999 4999 4999 ]
[ 4998 4999 4999 4999 4999 4999 4999 4999 4999 4999 ]
[ 4998 4998 4999 4999 4999 4999 4999 4999 4999 4999 ]
[ 4998 4998 4998 4999 4999 4999 4999 4999 4999 4999 ]
[ 4998 4998 4998 4998 4999 4999 4999 4999 4999 4999 ]
[ 4998 4998 4998 4998 4998 4999 4999 4999 4999 4999 ]
[ 4998 4998 4998 4998 4998 4998 4999 4999 4999 4999 ]
[ 4998 4998 4998 4998 4998 4998 4998 4999 4999 4999 ]
[ 4998 4998 4998 4998 4998 4998 4998 4998 4999 4999 ]
[ 4998 4998 4998 4998 4998 4998 4998 4998 4998 4999 ]

Running insertion sort algorithm: 
Timer (sort): 57676ms real	57660ms user	10ms sys
The output is sorted!
[ 0 0 0 0 0 0 0 0 0 1 ]
[ 0 0 0 0 0 0 0 0 1 1 ]
[ 0 0 0 0 0 0 0 1 1 1 ]
[ 0 0 0 0 0 0 1 1 1 1 ]
[ 0 0 0 0 0 1 1 1 1 1 ]
[ 0 0 0 0 1 1 1 1 1 1 ]
[ 0 0 0 1 1 1 1 1 1 1 ]
[ 0 0 1 1 1 1 1 1 1 1 ]
[ 0 1 1 1 1 1 1 1 1 1 ]
[ 1 1 1 1 1 1 1 1 1 1 ]
[ 1 1 1 1 1 1 1 1 1 2 ]
[ 1 1 1 1 1 1 1 1 2 2 ]
[ 1 1 1 1 1 1 1 2 2 2 ]
[ 1 1 1 1 1 1 2 2 2 2 ]
[ 1 1 1 1 1 2 2 2 2 2 ]
[ 1 1 1 1 2 2 2 2 2 2 ]
[ 1 1 1 2 2 2 2 2 2 2 ]
[ 1 1 2 2 2 2 2 2 2 2 ]
[ 1 2 2 2 2 2 2 2 2 2 ]
[ 2 2 2 2 2 2 2 2 2 2 ]

Timer (generate): 3ms real	0ms user	0ms sys
[ 5000 5000 5000 5000 5000 5000 5000 5000 5000 5000 ]
[ 4999 5000 5000 5000 5000 5000 5000 5000 5000 5000 ]
[ 4999 4999 5000 5000 5000 5000 5000 5000 5000 5000 ]
[ 4999 4999 4999 5000 5000 5000 5000 5000 5000 5000 ]
[ 4999 4999 4999 4999 5000 5000 5000 5000 5000 5000 ]
[ 4999 4999 4999 4999 4999 5000 5000 5000 5000 5000 ]
[ 4999 4999 4999 4999 4999 4999 5000 5000 5000 5000 ]
[ 4999 4999 4999 4999 4999 4999 4999 5000 5000 5000 ]
[ 4999 4999 4999 4999 4999 4999 4999 4999 5000 5000 ]
[ 4999 4999 4999 4999 4999 4999 4999 4999 4999 5000 ]
[ 4999 4999 4999 4999 4999 4999 4999 4999 4999 4999 ]
[ 4998 4999 4999 4999 4999 4999 4999 4999 4999 4999 ]
[ 4998 4998 4999 4999 4999 4999 4999 4999 4999 4999 ]
[ 4998 4998 4998 4999 4999 4999 4999 4999 4999 4999 ]
[ 4998 4998 4998 4998 4999 4999 4999 4999 4999 4999 ]
[ 4998 4998 4998 4998 4998 4999 4999 4999 4999 4999 ]
[ 4998 4998 4998 4998 4998 4998 4999 4999 4999 4999 ]
[ 4998 4998 4998 4998 4998 4998 4998 4999 4999 4999 ]
[ 4998 4998 4998 4998 4998 4998 4998 4998 4999 4999 ]
[ 4998 4998 4998 4998 4998 4998 4998 4998 4998 4999 ]

Running insertion sort algorithm: 
Timer (sort): 56877ms real	56880ms user	0ms sys
The output is sorted!
[ 0 0 0 0 0 0 0 0 0 1 ]
[ 0 0 0 0 0 0 0 0 1 1 ]
[ 0 0 0 0 0 0 0 1 1 1 ]
[ 0 0 0 0 0 0 1 1 1 1 ]
[ 0 0 0 0 0 1 1 1 1 1 ]
[ 0 0 0 0 1 1 1 1 1 1 ]
[ 0 0 0 1 1 1 1 1 1 1 ]
[ 0 0 1 1 1 1 1 1 1 1 ]
[ 0 1 1 1 1 1 1 1 1 1 ]
[ 1 1 1 1 1 1 1 1 1 1 ]
[ 1 1 1 1 1 1 1 1 1 2 ]
[ 1 1 1 1 1 1 1 1 2 2 ]
[ 1 1 1 1 1 1 1 2 2 2 ]
[ 1 1 1 1 1 1 2 2 2 2 ]
[ 1 1 1 1 1 2 2 2 2 2 ]
[ 1 1 1 1 2 2 2 2 2 2 ]
[ 1 1 1 2 2 2 2 2 2 2 ]
[ 1 1 2 2 2 2 2 2 2 2 ]
[ 1 2 2 2 2 2 2 2 2 2 ]
[ 2 2 2 2 2 2 2 2 2 2 ]

Timer (generate): 3ms real	0ms user	0ms sys
[ 5000 5000 5000 5000 5000 5000 5000 5000 5000 5000 ]
[ 4999 5000 5000 5000 5000 5000 5000 5000 5000 5000 ]
[ 4999 4999 5000 5000 5000 5000 5000 5000 5000 5000 ]
[ 4999 4999 4999 5000 5000 5000 5000 5000 5000 5000 ]
[ 4999 4999 4999 4999 5000 5000 5000 5000 5000 5000 ]
[ 4999 4999 4999 4999 4999 5000 5000 5000 5000 5000 ]
[ 4999 4999 4999 4999 4999 4999 5000 5000 5000 5000 ]
[ 4999 4999 4999 4999 4999 4999 4999 5000 5000 5000 ]
[ 4999 4999 4999 4999 4999 4999 4999 4999 5000 5000 ]
[ 4999 4999 4999 4999 4999 4999 4999 4999 4999 5000 ]
[ 4999 4999 4999 4999 4999 4999 4999 4999 4999 4999 ]
[ 4998 4999 4999 4999 4999 4999 4999 4999 4999 4999 ]
[ 4998 4998 4999 4999 4999 4999 4999 4999 4999 4999 ]
[ 4998 4998 4998 4999 4999 4999 4999 4999 4999 4999 ]
[ 4998 4998 4998 4998 4999 4999 4999 4999 4999 4999 ]
[ 4998 4998 4998 4998 4998 4999 4999 4999 4999 4999 ]
[ 4998 4998 4998 4998 4998 4998 4999 4999 4999 4999 ]
[ 4998 4998 4998 4998 4998 4998 4998 4999 4999 4999 ]
[ 4998 4998 4998 4998 4998 4998 4998 4998 4999 4999 ]
[ 4998 4998 4998 4998 4998 4998 4998 4998 4998 4999 ]

Running insertion sort algorithm: 
Timer (sort): 55008ms real	55000ms user	0ms sys
The output is sorted!
[ 0 0 0 0 0 0 0 0 0 1 ]
[ 0 0 0 0 0 0 0 0 1 1 ]
[ 0 0 0 0 0 0 0 1 1 1 ]
[ 0 0 0 0 0 0 1 1 1 1 ]
[ 0 0 0 0 0 1 1 1 1 1 ]
[ 0 0 0 0 1 1 1 1 1 1 ]
[ 0 0 0 1 1 1 1 1 1 1 ]
[ 0 0 1 1 1 1 1 1 1 1 ]
[ 0 1 1 1 1 1 1 1 1 1 ]
[ 1 1 1 1 1 1 1 1 1 1 ]
[ 1 1 1 1 1 1 1 1 1 2 ]
[ 1 1 1 1 1 1 1 1 2 2 ]
[ 1 1 1 1 1 1 1 2 2 2 ]
[ 1 1 1 1 1 1 2 2 2 2 ]
[ 1 1 1 1 1 2 2 2 2 2 ]
[ 1 1 1 1 2 2 2 2 2 2 ]
[ 1 1 1 2 2 2 2 2 2 2 ]
[ 1 1 2 2 2 2 2 2 2 2 ]
[ 1 2 2 2 2 2 2 2 2 2 ]
[ 2 2 2 2 2 2 2 2 2 2 ]

Timer (generate): 3ms real	0ms user	10ms sys
[ 5000 5000 5000 5000 5000 5000 5000 5000 5000 5000 ]
[ 4999 5000 5000 5000 5000 5000 5000 5000 5000 5000 ]
[ 4999 4999 5000 5000 5000 5000 5000 5000 5000 5000 ]
[ 4999 4999 4999 5000 5000 5000 5000 5000 5000 5000 ]
[ 4999 4999 4999 4999 5000 5000 5000 5000 5000 5000 ]
[ 4999 4999 4999 4999 4999 5000 5000 5000 5000 5000 ]
[ 4999 4999 4999 4999 4999 4999 5000 5000 5000 5000 ]
[ 4999 4999 4999 4999 4999 4999 4999 5000 5000 5000 ]
[ 4999 4999 4999 4999 4999 4999 4999 4999 5000 5000 ]
[ 4999 4999 4999 4999 4999 4999 4999 4999 4999 5000 ]
[ 4999 4999 4999 4999 4999 4999 4999 4999 4999 4999 ]
[ 4998 4999 4999 4999 4999 4999 4999 4999 4999 4999 ]
[ 4998 4998 4999 4999 4999 4999 4999 4999 4999 4999 ]
[ 4998 4998 4998 4999 4999 4999 4999 4999 4999 4999 ]
[ 4998 4998 4998 4998 4999 4999 4999 4999 4999 4999 ]
[ 4998 4998 4998 4998 4998 4999 4999 4999 4999 4999 ]
[ 4998 4998 4998 4998 4998 4998 4999 4999 4999 4999 ]
[ 4998 4998 4998 4998 4998 4998 4998 4999 4999 4999 ]
[ 4998 4998 4998 4998 4998 4998 4998 4998 4999 4999 ]
[ 4998 4998 4998 4998 4998 4998 4998 4998 4998 4999 ]

Running insertion sort algorithm: 
Timer (sort): 55117ms real	55110ms user	0ms sys
The output is sorted!
[ 0 0 0 0 0 0 0 0 0 1 ]
[ 0 0 0 0 0 0 0 0 1 1 ]
[ 0 0 0 0 0 0 0 1 1 1 ]
[ 0 0 0 0 0 0 1 1 1 1 ]
[ 0 0 0 0 0 1 1 1 1 1 ]
[ 0 0 0 0 1 1 1 1 1 1 ]
[ 0 0 0 1 1 1 1 1 1 1 ]
[ 0 0 1 1 1 1 1 1 1 1 ]
[ 0 1 1 1 1 1 1 1 1 1 ]
[ 1 1 1 1 1 1 1 1 1 1 ]
[ 1 1 1 1 1 1 1 1 1 2 ]
[ 1 1 1 1 1 1 1 1 2 2 ]
[ 1 1 1 1 1 1 1 2 2 2 ]
[ 1 1 1 1 1 1 2 2 2 2 ]
[ 1 1 1 1 1 2 2 2 2 2 ]
[ 1 1 1 1 2 2 2 2 2 2 ]
[ 1 1 1 2 2 2 2 2 2 2 ]
[ 1 1 2 2 2 2 2 2 2 2 ]
[ 1 2 2 2 2 2 2 2 2 2 ]
[ 2 2 2 2 2 2 2 2 2 2 ]

Timer (generate): 4ms real	0ms user	0ms sys
[ 5000 5000 5000 5000 5000 5000 5000 5000 5000 5000 ]
[ 4999 5000 5000 5000 5000 5000 5000 5000 5000 5000 ]
[ 4999 4999 5000 5000 5000 5000 5000 5000 5000 5000 ]
[ 4999 4999 4999 5000 5000 5000 5000 5000 5000 5000 ]
[ 4999 4999 4999 4999 5000 5000 5000 5000 5000 5000 ]
[ 4999 4999 4999 4999 4999 5000 5000 5000 5000 5000 ]
[ 4999 4999 4999 4999 4999 4999 5000 5000 5000 5000 ]
[ 4999 4999 4999 4999 4999 4999 4999 5000 5000 5000 ]
[ 4999 4999 4999 4999 4999 4999 4999 4999 5000 5000 ]
[ 4999 4999 4999 4999 4999 4999 4999 4999 4999 5000 ]
[ 4999 4999 4999 4999 4999 4999 4999 4999 4999 4999 ]
[ 4998 4999 4999 4999 4999 4999 4999 4999 4999 4999 ]
[ 4998 4998 4999 4999 4999 4999 4999 4999 4999 4999 ]
[ 4998 4998 4998 4999 4999 4999 4999 4999 4999 4999 ]
[ 4998 4998 4998 4998 4999 4999 4999 4999 4999 4999 ]
[ 4998 4998 4998 4998 4998 4999 4999 4999 4999 4999 ]
[ 4998 4998 4998 4998 4998 4998 4999 4999 4999 4999 ]
[ 4998 4998 4998 4998 4998 4998 4998 4999 4999 4999 ]
[ 4998 4998 4998 4998 4998 4998 4998 4998 4999 4999 ]
[ 4998 4998 4998 4998 4998 4998 4998 4998 4998 4999 ]

Running insertion sort algorithm: 
Timer (sort): 56308ms real	56310ms user	0ms sys
The output is sorted!
[ 0 0 0 0 0 0 0 0 0 1 ]
[ 0 0 0 0 0 0 0 0 1 1 ]
[ 0 0 0 0 0 0 0 1 1 1 ]
[ 0 0 0 0 0 0 1 1 1 1 ]
[ 0 0 0 0 0 1 1 1 1 1 ]
[ 0 0 0 0 1 1 1 1 1 1 ]
[ 0 0 0 1 1 1 1 1 1 1 ]
[ 0 0 1 1 1 1 1 1 1 1 ]
[ 0 1 1 1 1 1 1 1 1 1 ]
[ 1 1 1 1 1 1 1 1 1 1 ]
[ 1 1 1 1 1 1 1 1 1 2 ]
[ 1 1 1 1 1 1 1 1 2 2 ]
[ 1 1 1 1 1 1 1 2 2 2 ]
[ 1 1 1 1 1 1 2 2 2 2 ]
[ 1 1 1 1 1 2 2 2 2 2 ]
[ 1 1 1 1 2 2 2 2 2 2 ]
[ 1 1 1 2 2 2 2 2 2 2 ]
[ 1 1 2 2 2 2 2 2 2 2 ]
[ 1 2 2 2 2 2 2 2 2 2 ]
[ 2 2 2 2 2 2 2 2 2 2 ]

