Timer (generate): 19ms real	20ms user	0ms sys
[ 25000 25000 25000 25000 25000 25000 25000 25000 25000 25000 ]
[ 24999 25000 25000 25000 25000 25000 25000 25000 25000 25000 ]
[ 24999 24999 25000 25000 25000 25000 25000 25000 25000 25000 ]
[ 24999 24999 24999 25000 25000 25000 25000 25000 25000 25000 ]
[ 24999 24999 24999 24999 25000 25000 25000 25000 25000 25000 ]
[ 24999 24999 24999 24999 24999 25000 25000 25000 25000 25000 ]
[ 24999 24999 24999 24999 24999 24999 25000 25000 25000 25000 ]
[ 24999 24999 24999 24999 24999 24999 24999 25000 25000 25000 ]
[ 24999 24999 24999 24999 24999 24999 24999 24999 25000 25000 ]
[ 24999 24999 24999 24999 24999 24999 24999 24999 24999 25000 ]
[ 24999 24999 24999 24999 24999 24999 24999 24999 24999 24999 ]
[ 24998 24999 24999 24999 24999 24999 24999 24999 24999 24999 ]
[ 24998 24998 24999 24999 24999 24999 24999 24999 24999 24999 ]
[ 24998 24998 24998 24999 24999 24999 24999 24999 24999 24999 ]
[ 24998 24998 24998 24998 24999 24999 24999 24999 24999 24999 ]
[ 24998 24998 24998 24998 24998 24999 24999 24999 24999 24999 ]
[ 24998 24998 24998 24998 24998 24998 24999 24999 24999 24999 ]
[ 24998 24998 24998 24998 24998 24998 24998 24999 24999 24999 ]
[ 24998 24998 24998 24998 24998 24998 24998 24998 24999 24999 ]
[ 24998 24998 24998 24998 24998 24998 24998 24998 24998 24999 ]

Running insertion sort algorithm: 
Timer (generate): 18ms real	10ms user	0ms sys
[ 25000 25000 25000 25000 25000 25000 25000 25000 25000 25000 ]
[ 24999 25000 25000 25000 25000 25000 25000 25000 25000 25000 ]
[ 24999 24999 25000 25000 25000 25000 25000 25000 25000 25000 ]
[ 24999 24999 24999 25000 25000 25000 25000 25000 25000 25000 ]
[ 24999 24999 24999 24999 25000 25000 25000 25000 25000 25000 ]
[ 24999 24999 24999 24999 24999 25000 25000 25000 25000 25000 ]
[ 24999 24999 24999 24999 24999 24999 25000 25000 25000 25000 ]
[ 24999 24999 24999 24999 24999 24999 24999 25000 25000 25000 ]
[ 24999 24999 24999 24999 24999 24999 24999 24999 25000 25000 ]
[ 24999 24999 24999 24999 24999 24999 24999 24999 24999 25000 ]
[ 24999 24999 24999 24999 24999 24999 24999 24999 24999 24999 ]
[ 24998 24999 24999 24999 24999 24999 24999 24999 24999 24999 ]
[ 24998 24998 24999 24999 24999 24999 24999 24999 24999 24999 ]
[ 24998 24998 24998 24999 24999 24999 24999 24999 24999 24999 ]
[ 24998 24998 24998 24998 24999 24999 24999 24999 24999 24999 ]
[ 24998 24998 24998 24998 24998 24999 24999 24999 24999 24999 ]
[ 24998 24998 24998 24998 24998 24998 24999 24999 24999 24999 ]
[ 24998 24998 24998 24998 24998 24998 24998 24999 24999 24999 ]
[ 24998 24998 24998 24998 24998 24998 24998 24998 24999 24999 ]
[ 24998 24998 24998 24998 24998 24998 24998 24998 24998 24999 ]

Running insertion sort algorithm: 
Timer (generate): 18ms real	0ms user	0ms sys
[ 25000 25000 25000 25000 25000 25000 25000 25000 25000 25000 ]
[ 24999 25000 25000 25000 25000 25000 25000 25000 25000 25000 ]
[ 24999 24999 25000 25000 25000 25000 25000 25000 25000 25000 ]
[ 24999 24999 24999 25000 25000 25000 25000 25000 25000 25000 ]
[ 24999 24999 24999 24999 25000 25000 25000 25000 25000 25000 ]
[ 24999 24999 24999 24999 24999 25000 25000 25000 25000 25000 ]
[ 24999 24999 24999 24999 24999 24999 25000 25000 25000 25000 ]
[ 24999 24999 24999 24999 24999 24999 24999 25000 25000 25000 ]
[ 24999 24999 24999 24999 24999 24999 24999 24999 25000 25000 ]
[ 24999 24999 24999 24999 24999 24999 24999 24999 24999 25000 ]
[ 24999 24999 24999 24999 24999 24999 24999 24999 24999 24999 ]
[ 24998 24999 24999 24999 24999 24999 24999 24999 24999 24999 ]
[ 24998 24998 24999 24999 24999 24999 24999 24999 24999 24999 ]
[ 24998 24998 24998 24999 24999 24999 24999 24999 24999 24999 ]
[ 24998 24998 24998 24998 24999 24999 24999 24999 24999 24999 ]
[ 24998 24998 24998 24998 24998 24999 24999 24999 24999 24999 ]
[ 24998 24998 24998 24998 24998 24998 24999 24999 24999 24999 ]
[ 24998 24998 24998 24998 24998 24998 24998 24999 24999 24999 ]
[ 24998 24998 24998 24998 24998 24998 24998 24998 24999 24999 ]
[ 24998 24998 24998 24998 24998 24998 24998 24998 24998 24999 ]

Running insertion sort algorithm: 
Timer (generate): 17ms real	10ms user	0ms sys
[ 25000 25000 25000 25000 25000 25000 25000 25000 25000 25000 ]
[ 24999 25000 25000 25000 25000 25000 25000 25000 25000 25000 ]
[ 24999 24999 25000 25000 25000 25000 25000 25000 25000 25000 ]
[ 24999 24999 24999 25000 25000 25000 25000 25000 25000 25000 ]
[ 24999 24999 24999 24999 25000 25000 25000 25000 25000 25000 ]
[ 24999 24999 24999 24999 24999 25000 25000 25000 25000 25000 ]
[ 24999 24999 24999 24999 24999 24999 25000 25000 25000 25000 ]
[ 24999 24999 24999 24999 24999 24999 24999 25000 25000 25000 ]
[ 24999 24999 24999 24999 24999 24999 24999 24999 25000 25000 ]
[ 24999 24999 24999 24999 24999 24999 24999 24999 24999 25000 ]
[ 24999 24999 24999 24999 24999 24999 24999 24999 24999 24999 ]
[ 24998 24999 24999 24999 24999 24999 24999 24999 24999 24999 ]
[ 24998 24998 24999 24999 24999 24999 24999 24999 24999 24999 ]
[ 24998 24998 24998 24999 24999 24999 24999 24999 24999 24999 ]
[ 24998 24998 24998 24998 24999 24999 24999 24999 24999 24999 ]
[ 24998 24998 24998 24998 24998 24999 24999 24999 24999 24999 ]
[ 24998 24998 24998 24998 24998 24998 24999 24999 24999 24999 ]
[ 24998 24998 24998 24998 24998 24998 24998 24999 24999 24999 ]
[ 24998 24998 24998 24998 24998 24998 24998 24998 24999 24999 ]
[ 24998 24998 24998 24998 24998 24998 24998 24998 24998 24999 ]

Running insertion sort algorithm: 
Timer (generate): 19ms real	10ms user	0ms sys
[ 25000 25000 25000 25000 25000 25000 25000 25000 25000 25000 ]
[ 24999 25000 25000 25000 25000 25000 25000 25000 25000 25000 ]
[ 24999 24999 25000 25000 25000 25000 25000 25000 25000 25000 ]
[ 24999 24999 24999 25000 25000 25000 25000 25000 25000 25000 ]
[ 24999 24999 24999 24999 25000 25000 25000 25000 25000 25000 ]
[ 24999 24999 24999 24999 24999 25000 25000 25000 25000 25000 ]
[ 24999 24999 24999 24999 24999 24999 25000 25000 25000 25000 ]
[ 24999 24999 24999 24999 24999 24999 24999 25000 25000 25000 ]
[ 24999 24999 24999 24999 24999 24999 24999 24999 25000 25000 ]
[ 24999 24999 24999 24999 24999 24999 24999 24999 24999 25000 ]
[ 24999 24999 24999 24999 24999 24999 24999 24999 24999 24999 ]
[ 24998 24999 24999 24999 24999 24999 24999 24999 24999 24999 ]
[ 24998 24998 24999 24999 24999 24999 24999 24999 24999 24999 ]
[ 24998 24998 24998 24999 24999 24999 24999 24999 24999 24999 ]
[ 24998 24998 24998 24998 24999 24999 24999 24999 24999 24999 ]
[ 24998 24998 24998 24998 24998 24999 24999 24999 24999 24999 ]
[ 24998 24998 24998 24998 24998 24998 24999 24999 24999 24999 ]
[ 24998 24998 24998 24998 24998 24998 24998 24999 24999 24999 ]
[ 24998 24998 24998 24998 24998 24998 24998 24998 24999 24999 ]
[ 24998 24998 24998 24998 24998 24998 24998 24998 24998 24999 ]

Running insertion sort algorithm: 
Timer (generate): 16ms real	10ms user	0ms sys
[ 25000 25000 25000 25000 25000 25000 25000 25000 25000 25000 ]
[ 24999 25000 25000 25000 25000 25000 25000 25000 25000 25000 ]
[ 24999 24999 25000 25000 25000 25000 25000 25000 25000 25000 ]
[ 24999 24999 24999 25000 25000 25000 25000 25000 25000 25000 ]
[ 24999 24999 24999 24999 25000 25000 25000 25000 25000 25000 ]
[ 24999 24999 24999 24999 24999 25000 25000 25000 25000 25000 ]
[ 24999 24999 24999 24999 24999 24999 25000 25000 25000 25000 ]
[ 24999 24999 24999 24999 24999 24999 24999 25000 25000 25000 ]
[ 24999 24999 24999 24999 24999 24999 24999 24999 25000 25000 ]
[ 24999 24999 24999 24999 24999 24999 24999 24999 24999 25000 ]
[ 24999 24999 24999 24999 24999 24999 24999 24999 24999 24999 ]
[ 24998 24999 24999 24999 24999 24999 24999 24999 24999 24999 ]
[ 24998 24998 24999 24999 24999 24999 24999 24999 24999 24999 ]
[ 24998 24998 24998 24999 24999 24999 24999 24999 24999 24999 ]
[ 24998 24998 24998 24998 24999 24999 24999 24999 24999 24999 ]
[ 24998 24998 24998 24998 24998 24999 24999 24999 24999 24999 ]
[ 24998 24998 24998 24998 24998 24998 24999 24999 24999 24999 ]
[ 24998 24998 24998 24998 24998 24998 24998 24999 24999 24999 ]
[ 24998 24998 24998 24998 24998 24998 24998 24998 24999 24999 ]
[ 24998 24998 24998 24998 24998 24998 24998 24998 24998 24999 ]

Running insertion sort algorithm: 
Timer (generate): 19ms real	0ms user	0ms sys
[ 25000 25000 25000 25000 25000 25000 25000 25000 25000 25000 ]
[ 24999 25000 25000 25000 25000 25000 25000 25000 25000 25000 ]
[ 24999 24999 25000 25000 25000 25000 25000 25000 25000 25000 ]
[ 24999 24999 24999 25000 25000 25000 25000 25000 25000 25000 ]
[ 24999 24999 24999 24999 25000 25000 25000 25000 25000 25000 ]
[ 24999 24999 24999 24999 24999 25000 25000 25000 25000 25000 ]
[ 24999 24999 24999 24999 24999 24999 25000 25000 25000 25000 ]
[ 24999 24999 24999 24999 24999 24999 24999 25000 25000 25000 ]
[ 24999 24999 24999 24999 24999 24999 24999 24999 25000 25000 ]
[ 24999 24999 24999 24999 24999 24999 24999 24999 24999 25000 ]
[ 24999 24999 24999 24999 24999 24999 24999 24999 24999 24999 ]
[ 24998 24999 24999 24999 24999 24999 24999 24999 24999 24999 ]
[ 24998 24998 24999 24999 24999 24999 24999 24999 24999 24999 ]
[ 24998 24998 24998 24999 24999 24999 24999 24999 24999 24999 ]
[ 24998 24998 24998 24998 24999 24999 24999 24999 24999 24999 ]
[ 24998 24998 24998 24998 24998 24999 24999 24999 24999 24999 ]
[ 24998 24998 24998 24998 24998 24998 24999 24999 24999 24999 ]
[ 24998 24998 24998 24998 24998 24998 24998 24999 24999 24999 ]
[ 24998 24998 24998 24998 24998 24998 24998 24998 24999 24999 ]
[ 24998 24998 24998 24998 24998 24998 24998 24998 24998 24999 ]

Running insertion sort algorithm: 
Timer (generate): 13ms real	10ms user	0ms sys
[ 25000 25000 25000 25000 25000 25000 25000 25000 25000 25000 ]
[ 24999 25000 25000 25000 25000 25000 25000 25000 25000 25000 ]
[ 24999 24999 25000 25000 25000 25000 25000 25000 25000 25000 ]
[ 24999 24999 24999 25000 25000 25000 25000 25000 25000 25000 ]
[ 24999 24999 24999 24999 25000 25000 25000 25000 25000 25000 ]
[ 24999 24999 24999 24999 24999 25000 25000 25000 25000 25000 ]
[ 24999 24999 24999 24999 24999 24999 25000 25000 25000 25000 ]
[ 24999 24999 24999 24999 24999 24999 24999 25000 25000 25000 ]
[ 24999 24999 24999 24999 24999 24999 24999 24999 25000 25000 ]
[ 24999 24999 24999 24999 24999 24999 24999 24999 24999 25000 ]
[ 24999 24999 24999 24999 24999 24999 24999 24999 24999 24999 ]
[ 24998 24999 24999 24999 24999 24999 24999 24999 24999 24999 ]
[ 24998 24998 24999 24999 24999 24999 24999 24999 24999 24999 ]
[ 24998 24998 24998 24999 24999 24999 24999 24999 24999 24999 ]
[ 24998 24998 24998 24998 24999 24999 24999 24999 24999 24999 ]
[ 24998 24998 24998 24998 24998 24999 24999 24999 24999 24999 ]
[ 24998 24998 24998 24998 24998 24998 24999 24999 24999 24999 ]
[ 24998 24998 24998 24998 24998 24998 24998 24999 24999 24999 ]
[ 24998 24998 24998 24998 24998 24998 24998 24998 24999 24999 ]
[ 24998 24998 24998 24998 24998 24998 24998 24998 24998 24999 ]

Running insertion sort algorithm: 
Timer (generate): 18ms real	10ms user	0ms sys
[ 25000 25000 25000 25000 25000 25000 25000 25000 25000 25000 ]
[ 24999 25000 25000 25000 25000 25000 25000 25000 25000 25000 ]
[ 24999 24999 25000 25000 25000 25000 25000 25000 25000 25000 ]
[ 24999 24999 24999 25000 25000 25000 25000 25000 25000 25000 ]
[ 24999 24999 24999 24999 25000 25000 25000 25000 25000 25000 ]
[ 24999 24999 24999 24999 24999 25000 25000 25000 25000 25000 ]
[ 24999 24999 24999 24999 24999 24999 25000 25000 25000 25000 ]
[ 24999 24999 24999 24999 24999 24999 24999 25000 25000 25000 ]
[ 24999 24999 24999 24999 24999 24999 24999 24999 25000 25000 ]
[ 24999 24999 24999 24999 24999 24999 24999 24999 24999 25000 ]
[ 24999 24999 24999 24999 24999 24999 24999 24999 24999 24999 ]
[ 24998 24999 24999 24999 24999 24999 24999 24999 24999 24999 ]
[ 24998 24998 24999 24999 24999 24999 24999 24999 24999 24999 ]
[ 24998 24998 24998 24999 24999 24999 24999 24999 24999 24999 ]
[ 24998 24998 24998 24998 24999 24999 24999 24999 24999 24999 ]
[ 24998 24998 24998 24998 24998 24999 24999 24999 24999 24999 ]
[ 24998 24998 24998 24998 24998 24998 24999 24999 24999 24999 ]
[ 24998 24998 24998 24998 24998 24998 24998 24999 24999 24999 ]
[ 24998 24998 24998 24998 24998 24998 24998 24998 24999 24999 ]
[ 24998 24998 24998 24998 24998 24998 24998 24998 24998 24999 ]

Running insertion sort algorithm: 
Timer (generate): 17ms real	10ms user	0ms sys
[ 25000 25000 25000 25000 25000 25000 25000 25000 25000 25000 ]
[ 24999 25000 25000 25000 25000 25000 25000 25000 25000 25000 ]
[ 24999 24999 25000 25000 25000 25000 25000 25000 25000 25000 ]
[ 24999 24999 24999 25000 25000 25000 25000 25000 25000 25000 ]
[ 24999 24999 24999 24999 25000 25000 25000 25000 25000 25000 ]
[ 24999 24999 24999 24999 24999 25000 25000 25000 25000 25000 ]
[ 24999 24999 24999 24999 24999 24999 25000 25000 25000 25000 ]
[ 24999 24999 24999 24999 24999 24999 24999 25000 25000 25000 ]
[ 24999 24999 24999 24999 24999 24999 24999 24999 25000 25000 ]
[ 24999 24999 24999 24999 24999 24999 24999 24999 24999 25000 ]
[ 24999 24999 24999 24999 24999 24999 24999 24999 24999 24999 ]
[ 24998 24999 24999 24999 24999 24999 24999 24999 24999 24999 ]
[ 24998 24998 24999 24999 24999 24999 24999 24999 24999 24999 ]
[ 24998 24998 24998 24999 24999 24999 24999 24999 24999 24999 ]
[ 24998 24998 24998 24998 24999 24999 24999 24999 24999 24999 ]
[ 24998 24998 24998 24998 24998 24999 24999 24999 24999 24999 ]
[ 24998 24998 24998 24998 24998 24998 24999 24999 24999 24999 ]
[ 24998 24998 24998 24998 24998 24998 24998 24999 24999 24999 ]
[ 24998 24998 24998 24998 24998 24998 24998 24998 24999 24999 ]
[ 24998 24998 24998 24998 24998 24998 24998 24998 24998 24999 ]

Running insertion sort algorithm: 
