Timer (generate): 0ms real	0ms user	0ms sys
[ 1000 1000 1000 1000 1000 1000 1000 1000 1000 1000 ]
[ 999 1000 1000 1000 1000 1000 1000 1000 1000 1000 ]
[ 999 999 1000 1000 1000 1000 1000 1000 1000 1000 ]
[ 999 999 999 1000 1000 1000 1000 1000 1000 1000 ]
[ 999 999 999 999 1000 1000 1000 1000 1000 1000 ]
[ 999 999 999 999 999 1000 1000 1000 1000 1000 ]
[ 999 999 999 999 999 999 1000 1000 1000 1000 ]
[ 999 999 999 999 999 999 999 1000 1000 1000 ]
[ 999 999 999 999 999 999 999 999 1000 1000 ]
[ 999 999 999 999 999 999 999 999 999 1000 ]
[ 999 999 999 999 999 999 999 999 999 999 ]
[ 998 999 999 999 999 999 999 999 999 999 ]
[ 998 998 999 999 999 999 999 999 999 999 ]
[ 998 998 998 999 999 999 999 999 999 999 ]
[ 998 998 998 998 999 999 999 999 999 999 ]
[ 998 998 998 998 998 999 999 999 999 999 ]
[ 998 998 998 998 998 998 999 999 999 999 ]
[ 998 998 998 998 998 998 998 999 999 999 ]
[ 998 998 998 998 998 998 998 998 999 999 ]
[ 998 998 998 998 998 998 998 998 998 999 ]

Running insertion sort algorithm: 
Timer (sort): 3362ms real	3020ms user	10ms sys
The output is sorted!
[ 0 0 0 0 0 0 0 0 0 1 ]
[ 0 0 0 0 0 0 0 0 1 1 ]
[ 0 0 0 0 0 0 0 1 1 1 ]
[ 0 0 0 0 0 0 1 1 1 1 ]
[ 0 0 0 0 0 1 1 1 1 1 ]
[ 0 0 0 0 1 1 1 1 1 1 ]
[ 0 0 0 1 1 1 1 1 1 1 ]
[ 0 0 1 1 1 1 1 1 1 1 ]
[ 0 1 1 1 1 1 1 1 1 1 ]
[ 1 1 1 1 1 1 1 1 1 1 ]
[ 1 1 1 1 1 1 1 1 1 2 ]
[ 1 1 1 1 1 1 1 1 2 2 ]
[ 1 1 1 1 1 1 1 2 2 2 ]
[ 1 1 1 1 1 1 2 2 2 2 ]
[ 1 1 1 1 1 2 2 2 2 2 ]
[ 1 1 1 1 2 2 2 2 2 2 ]
[ 1 1 1 2 2 2 2 2 2 2 ]
[ 1 1 2 2 2 2 2 2 2 2 ]
[ 1 2 2 2 2 2 2 2 2 2 ]
[ 2 2 2 2 2 2 2 2 2 2 ]

Timer (generate): 0ms real	0ms user	0ms sys
[ 1000 1000 1000 1000 1000 1000 1000 1000 1000 1000 ]
[ 999 1000 1000 1000 1000 1000 1000 1000 1000 1000 ]
[ 999 999 1000 1000 1000 1000 1000 1000 1000 1000 ]
[ 999 999 999 1000 1000 1000 1000 1000 1000 1000 ]
[ 999 999 999 999 1000 1000 1000 1000 1000 1000 ]
[ 999 999 999 999 999 1000 1000 1000 1000 1000 ]
[ 999 999 999 999 999 999 1000 1000 1000 1000 ]
[ 999 999 999 999 999 999 999 1000 1000 1000 ]
[ 999 999 999 999 999 999 999 999 1000 1000 ]
[ 999 999 999 999 999 999 999 999 999 1000 ]
[ 999 999 999 999 999 999 999 999 999 999 ]
[ 998 999 999 999 999 999 999 999 999 999 ]
[ 998 998 999 999 999 999 999 999 999 999 ]
[ 998 998 998 999 999 999 999 999 999 999 ]
[ 998 998 998 998 999 999 999 999 999 999 ]
[ 998 998 998 998 998 999 999 999 999 999 ]
[ 998 998 998 998 998 998 999 999 999 999 ]
[ 998 998 998 998 998 998 998 999 999 999 ]
[ 998 998 998 998 998 998 998 998 999 999 ]
[ 998 998 998 998 998 998 998 998 998 999 ]

Running insertion sort algorithm: 
Timer (sort): 3303ms real	2270ms user	30ms sys
The output is sorted!
[ 0 0 0 0 0 0 0 0 0 1 ]
[ 0 0 0 0 0 0 0 0 1 1 ]
[ 0 0 0 0 0 0 0 1 1 1 ]
[ 0 0 0 0 0 0 1 1 1 1 ]
[ 0 0 0 0 0 1 1 1 1 1 ]
[ 0 0 0 0 1 1 1 1 1 1 ]
[ 0 0 0 1 1 1 1 1 1 1 ]
[ 0 0 1 1 1 1 1 1 1 1 ]
[ 0 1 1 1 1 1 1 1 1 1 ]
[ 1 1 1 1 1 1 1 1 1 1 ]
[ 1 1 1 1 1 1 1 1 1 2 ]
[ 1 1 1 1 1 1 1 1 2 2 ]
[ 1 1 1 1 1 1 1 2 2 2 ]
[ 1 1 1 1 1 1 2 2 2 2 ]
[ 1 1 1 1 1 2 2 2 2 2 ]
[ 1 1 1 1 2 2 2 2 2 2 ]
[ 1 1 1 2 2 2 2 2 2 2 ]
[ 1 1 2 2 2 2 2 2 2 2 ]
[ 1 2 2 2 2 2 2 2 2 2 ]
[ 2 2 2 2 2 2 2 2 2 2 ]

Timer (generate): 1ms real	0ms user	0ms sys
[ 1000 1000 1000 1000 1000 1000 1000 1000 1000 1000 ]
[ 999 1000 1000 1000 1000 1000 1000 1000 1000 1000 ]
[ 999 999 1000 1000 1000 1000 1000 1000 1000 1000 ]
[ 999 999 999 1000 1000 1000 1000 1000 1000 1000 ]
[ 999 999 999 999 1000 1000 1000 1000 1000 1000 ]
[ 999 999 999 999 999 1000 1000 1000 1000 1000 ]
[ 999 999 999 999 999 999 1000 1000 1000 1000 ]
[ 999 999 999 999 999 999 999 1000 1000 1000 ]
[ 999 999 999 999 999 999 999 999 1000 1000 ]
[ 999 999 999 999 999 999 999 999 999 1000 ]
[ 999 999 999 999 999 999 999 999 999 999 ]
[ 998 999 999 999 999 999 999 999 999 999 ]
[ 998 998 999 999 999 999 999 999 999 999 ]
[ 998 998 998 999 999 999 999 999 999 999 ]
[ 998 998 998 998 999 999 999 999 999 999 ]
[ 998 998 998 998 998 999 999 999 999 999 ]
[ 998 998 998 998 998 998 999 999 999 999 ]
[ 998 998 998 998 998 998 998 999 999 999 ]
[ 998 998 998 998 998 998 998 998 999 999 ]
[ 998 998 998 998 998 998 998 998 998 999 ]

Running insertion sort algorithm: 
Timer (sort): 2853ms real	2220ms user	0ms sys
The output is sorted!
[ 0 0 0 0 0 0 0 0 0 1 ]
[ 0 0 0 0 0 0 0 0 1 1 ]
[ 0 0 0 0 0 0 0 1 1 1 ]
[ 0 0 0 0 0 0 1 1 1 1 ]
[ 0 0 0 0 0 1 1 1 1 1 ]
[ 0 0 0 0 1 1 1 1 1 1 ]
[ 0 0 0 1 1 1 1 1 1 1 ]
[ 0 0 1 1 1 1 1 1 1 1 ]
[ 0 1 1 1 1 1 1 1 1 1 ]
[ 1 1 1 1 1 1 1 1 1 1 ]
[ 1 1 1 1 1 1 1 1 1 2 ]
[ 1 1 1 1 1 1 1 1 2 2 ]
[ 1 1 1 1 1 1 1 2 2 2 ]
[ 1 1 1 1 1 1 2 2 2 2 ]
[ 1 1 1 1 1 2 2 2 2 2 ]
[ 1 1 1 1 2 2 2 2 2 2 ]
[ 1 1 1 2 2 2 2 2 2 2 ]
[ 1 1 2 2 2 2 2 2 2 2 ]
[ 1 2 2 2 2 2 2 2 2 2 ]
[ 2 2 2 2 2 2 2 2 2 2 ]

Timer (generate): 1ms real	0ms user	0ms sys
[ 1000 1000 1000 1000 1000 1000 1000 1000 1000 1000 ]
[ 999 1000 1000 1000 1000 1000 1000 1000 1000 1000 ]
[ 999 999 1000 1000 1000 1000 1000 1000 1000 1000 ]
[ 999 999 999 1000 1000 1000 1000 1000 1000 1000 ]
[ 999 999 999 999 1000 1000 1000 1000 1000 1000 ]
[ 999 999 999 999 999 1000 1000 1000 1000 1000 ]
[ 999 999 999 999 999 999 1000 1000 1000 1000 ]
[ 999 999 999 999 999 999 999 1000 1000 1000 ]
[ 999 999 999 999 999 999 999 999 1000 1000 ]
[ 999 999 999 999 999 999 999 999 999 1000 ]
[ 999 999 999 999 999 999 999 999 999 999 ]
[ 998 999 999 999 999 999 999 999 999 999 ]
[ 998 998 999 999 999 999 999 999 999 999 ]
[ 998 998 998 999 999 999 999 999 999 999 ]
[ 998 998 998 998 999 999 999 999 999 999 ]
[ 998 998 998 998 998 999 999 999 999 999 ]
[ 998 998 998 998 998 998 999 999 999 999 ]
[ 998 998 998 998 998 998 998 999 999 999 ]
[ 998 998 998 998 998 998 998 998 999 999 ]
[ 998 998 998 998 998 998 998 998 998 999 ]

Running insertion sort algorithm: 
Timer (sort): 4190ms real	2370ms user	10ms sys
The output is sorted!
[ 0 0 0 0 0 0 0 0 0 1 ]
[ 0 0 0 0 0 0 0 0 1 1 ]
[ 0 0 0 0 0 0 0 1 1 1 ]
[ 0 0 0 0 0 0 1 1 1 1 ]
[ 0 0 0 0 0 1 1 1 1 1 ]
[ 0 0 0 0 1 1 1 1 1 1 ]
[ 0 0 0 1 1 1 1 1 1 1 ]
[ 0 0 1 1 1 1 1 1 1 1 ]
[ 0 1 1 1 1 1 1 1 1 1 ]
[ 1 1 1 1 1 1 1 1 1 1 ]
[ 1 1 1 1 1 1 1 1 1 2 ]
[ 1 1 1 1 1 1 1 1 2 2 ]
[ 1 1 1 1 1 1 1 2 2 2 ]
[ 1 1 1 1 1 1 2 2 2 2 ]
[ 1 1 1 1 1 2 2 2 2 2 ]
[ 1 1 1 1 2 2 2 2 2 2 ]
[ 1 1 1 2 2 2 2 2 2 2 ]
[ 1 1 2 2 2 2 2 2 2 2 ]
[ 1 2 2 2 2 2 2 2 2 2 ]
[ 2 2 2 2 2 2 2 2 2 2 ]

Timer (generate): 0ms real	0ms user	0ms sys
[ 1000 1000 1000 1000 1000 1000 1000 1000 1000 1000 ]
[ 999 1000 1000 1000 1000 1000 1000 1000 1000 1000 ]
[ 999 999 1000 1000 1000 1000 1000 1000 1000 1000 ]
[ 999 999 999 1000 1000 1000 1000 1000 1000 1000 ]
[ 999 999 999 999 1000 1000 1000 1000 1000 1000 ]
[ 999 999 999 999 999 1000 1000 1000 1000 1000 ]
[ 999 999 999 999 999 999 1000 1000 1000 1000 ]
[ 999 999 999 999 999 999 999 1000 1000 1000 ]
[ 999 999 999 999 999 999 999 999 1000 1000 ]
[ 999 999 999 999 999 999 999 999 999 1000 ]
[ 999 999 999 999 999 999 999 999 999 999 ]
[ 998 999 999 999 999 999 999 999 999 999 ]
[ 998 998 999 999 999 999 999 999 999 999 ]
[ 998 998 998 999 999 999 999 999 999 999 ]
[ 998 998 998 998 999 999 999 999 999 999 ]
[ 998 998 998 998 998 999 999 999 999 999 ]
[ 998 998 998 998 998 998 999 999 999 999 ]
[ 998 998 998 998 998 998 998 999 999 999 ]
[ 998 998 998 998 998 998 998 998 999 999 ]
[ 998 998 998 998 998 998 998 998 998 999 ]

Running insertion sort algorithm: 
Timer (sort): 3710ms real	2090ms user	0ms sys
The output is sorted!
[ 0 0 0 0 0 0 0 0 0 1 ]
[ 0 0 0 0 0 0 0 0 1 1 ]
[ 0 0 0 0 0 0 0 1 1 1 ]
[ 0 0 0 0 0 0 1 1 1 1 ]
[ 0 0 0 0 0 1 1 1 1 1 ]
[ 0 0 0 0 1 1 1 1 1 1 ]
[ 0 0 0 1 1 1 1 1 1 1 ]
[ 0 0 1 1 1 1 1 1 1 1 ]
[ 0 1 1 1 1 1 1 1 1 1 ]
[ 1 1 1 1 1 1 1 1 1 1 ]
[ 1 1 1 1 1 1 1 1 1 2 ]
[ 1 1 1 1 1 1 1 1 2 2 ]
[ 1 1 1 1 1 1 1 2 2 2 ]
[ 1 1 1 1 1 1 2 2 2 2 ]
[ 1 1 1 1 1 2 2 2 2 2 ]
[ 1 1 1 1 2 2 2 2 2 2 ]
[ 1 1 1 2 2 2 2 2 2 2 ]
[ 1 1 2 2 2 2 2 2 2 2 ]
[ 1 2 2 2 2 2 2 2 2 2 ]
[ 2 2 2 2 2 2 2 2 2 2 ]

Timer (generate): 1ms real	0ms user	0ms sys
[ 1000 1000 1000 1000 1000 1000 1000 1000 1000 1000 ]
[ 999 1000 1000 1000 1000 1000 1000 1000 1000 1000 ]
[ 999 999 1000 1000 1000 1000 1000 1000 1000 1000 ]
[ 999 999 999 1000 1000 1000 1000 1000 1000 1000 ]
[ 999 999 999 999 1000 1000 1000 1000 1000 1000 ]
[ 999 999 999 999 999 1000 1000 1000 1000 1000 ]
[ 999 999 999 999 999 999 1000 1000 1000 1000 ]
[ 999 999 999 999 999 999 999 1000 1000 1000 ]
[ 999 999 999 999 999 999 999 999 1000 1000 ]
[ 999 999 999 999 999 999 999 999 999 1000 ]
[ 999 999 999 999 999 999 999 999 999 999 ]
[ 998 999 999 999 999 999 999 999 999 999 ]
[ 998 998 999 999 999 999 999 999 999 999 ]
[ 998 998 998 999 999 999 999 999 999 999 ]
[ 998 998 998 998 999 999 999 999 999 999 ]
[ 998 998 998 998 998 999 999 999 999 999 ]
[ 998 998 998 998 998 998 999 999 999 999 ]
[ 998 998 998 998 998 998 998 999 999 999 ]
[ 998 998 998 998 998 998 998 998 999 999 ]
[ 998 998 998 998 998 998 998 998 998 999 ]

Running insertion sort algorithm: 
Timer (sort): 3845ms real	2090ms user	0ms sys
The output is sorted!
[ 0 0 0 0 0 0 0 0 0 1 ]
[ 0 0 0 0 0 0 0 0 1 1 ]
[ 0 0 0 0 0 0 0 1 1 1 ]
[ 0 0 0 0 0 0 1 1 1 1 ]
[ 0 0 0 0 0 1 1 1 1 1 ]
[ 0 0 0 0 1 1 1 1 1 1 ]
[ 0 0 0 1 1 1 1 1 1 1 ]
[ 0 0 1 1 1 1 1 1 1 1 ]
[ 0 1 1 1 1 1 1 1 1 1 ]
[ 1 1 1 1 1 1 1 1 1 1 ]
[ 1 1 1 1 1 1 1 1 1 2 ]
[ 1 1 1 1 1 1 1 1 2 2 ]
[ 1 1 1 1 1 1 1 2 2 2 ]
[ 1 1 1 1 1 1 2 2 2 2 ]
[ 1 1 1 1 1 2 2 2 2 2 ]
[ 1 1 1 1 2 2 2 2 2 2 ]
[ 1 1 1 2 2 2 2 2 2 2 ]
[ 1 1 2 2 2 2 2 2 2 2 ]
[ 1 2 2 2 2 2 2 2 2 2 ]
[ 2 2 2 2 2 2 2 2 2 2 ]

Timer (generate): 1ms real	0ms user	0ms sys
[ 1000 1000 1000 1000 1000 1000 1000 1000 1000 1000 ]
[ 999 1000 1000 1000 1000 1000 1000 1000 1000 1000 ]
[ 999 999 1000 1000 1000 1000 1000 1000 1000 1000 ]
[ 999 999 999 1000 1000 1000 1000 1000 1000 1000 ]
[ 999 999 999 999 1000 1000 1000 1000 1000 1000 ]
[ 999 999 999 999 999 1000 1000 1000 1000 1000 ]
[ 999 999 999 999 999 999 1000 1000 1000 1000 ]
[ 999 999 999 999 999 999 999 1000 1000 1000 ]
[ 999 999 999 999 999 999 999 999 1000 1000 ]
[ 999 999 999 999 999 999 999 999 999 1000 ]
[ 999 999 999 999 999 999 999 999 999 999 ]
[ 998 999 999 999 999 999 999 999 999 999 ]
[ 998 998 999 999 999 999 999 999 999 999 ]
[ 998 998 998 999 999 999 999 999 999 999 ]
[ 998 998 998 998 999 999 999 999 999 999 ]
[ 998 998 998 998 998 999 999 999 999 999 ]
[ 998 998 998 998 998 998 999 999 999 999 ]
[ 998 998 998 998 998 998 998 999 999 999 ]
[ 998 998 998 998 998 998 998 998 999 999 ]
[ 998 998 998 998 998 998 998 998 998 999 ]

Running insertion sort algorithm: 
Timer (sort): 3248ms real	2130ms user	0ms sys
The output is sorted!
[ 0 0 0 0 0 0 0 0 0 1 ]
[ 0 0 0 0 0 0 0 0 1 1 ]
[ 0 0 0 0 0 0 0 1 1 1 ]
[ 0 0 0 0 0 0 1 1 1 1 ]
[ 0 0 0 0 0 1 1 1 1 1 ]
[ 0 0 0 0 1 1 1 1 1 1 ]
[ 0 0 0 1 1 1 1 1 1 1 ]
[ 0 0 1 1 1 1 1 1 1 1 ]
[ 0 1 1 1 1 1 1 1 1 1 ]
[ 1 1 1 1 1 1 1 1 1 1 ]
[ 1 1 1 1 1 1 1 1 1 2 ]
[ 1 1 1 1 1 1 1 1 2 2 ]
[ 1 1 1 1 1 1 1 2 2 2 ]
[ 1 1 1 1 1 1 2 2 2 2 ]
[ 1 1 1 1 1 2 2 2 2 2 ]
[ 1 1 1 1 2 2 2 2 2 2 ]
[ 1 1 1 2 2 2 2 2 2 2 ]
[ 1 1 2 2 2 2 2 2 2 2 ]
[ 1 2 2 2 2 2 2 2 2 2 ]
[ 2 2 2 2 2 2 2 2 2 2 ]

Timer (generate): 0ms real	0ms user	0ms sys
[ 1000 1000 1000 1000 1000 1000 1000 1000 1000 1000 ]
[ 999 1000 1000 1000 1000 1000 1000 1000 1000 1000 ]
[ 999 999 1000 1000 1000 1000 1000 1000 1000 1000 ]
[ 999 999 999 1000 1000 1000 1000 1000 1000 1000 ]
[ 999 999 999 999 1000 1000 1000 1000 1000 1000 ]
[ 999 999 999 999 999 1000 1000 1000 1000 1000 ]
[ 999 999 999 999 999 999 1000 1000 1000 1000 ]
[ 999 999 999 999 999 999 999 1000 1000 1000 ]
[ 999 999 999 999 999 999 999 999 1000 1000 ]
[ 999 999 999 999 999 999 999 999 999 1000 ]
[ 999 999 999 999 999 999 999 999 999 999 ]
[ 998 999 999 999 999 999 999 999 999 999 ]
[ 998 998 999 999 999 999 999 999 999 999 ]
[ 998 998 998 999 999 999 999 999 999 999 ]
[ 998 998 998 998 999 999 999 999 999 999 ]
[ 998 998 998 998 998 999 999 999 999 999 ]
[ 998 998 998 998 998 998 999 999 999 999 ]
[ 998 998 998 998 998 998 998 999 999 999 ]
[ 998 998 998 998 998 998 998 998 999 999 ]
[ 998 998 998 998 998 998 998 998 998 999 ]

Running insertion sort algorithm: 
Timer (sort): 3328ms real	2130ms user	0ms sys
The output is sorted!
[ 0 0 0 0 0 0 0 0 0 1 ]
[ 0 0 0 0 0 0 0 0 1 1 ]
[ 0 0 0 0 0 0 0 1 1 1 ]
[ 0 0 0 0 0 0 1 1 1 1 ]
[ 0 0 0 0 0 1 1 1 1 1 ]
[ 0 0 0 0 1 1 1 1 1 1 ]
[ 0 0 0 1 1 1 1 1 1 1 ]
[ 0 0 1 1 1 1 1 1 1 1 ]
[ 0 1 1 1 1 1 1 1 1 1 ]
[ 1 1 1 1 1 1 1 1 1 1 ]
[ 1 1 1 1 1 1 1 1 1 2 ]
[ 1 1 1 1 1 1 1 1 2 2 ]
[ 1 1 1 1 1 1 1 2 2 2 ]
[ 1 1 1 1 1 1 2 2 2 2 ]
[ 1 1 1 1 1 2 2 2 2 2 ]
[ 1 1 1 1 2 2 2 2 2 2 ]
[ 1 1 1 2 2 2 2 2 2 2 ]
[ 1 1 2 2 2 2 2 2 2 2 ]
[ 1 2 2 2 2 2 2 2 2 2 ]
[ 2 2 2 2 2 2 2 2 2 2 ]

Timer (generate): 1ms real	0ms user	0ms sys
[ 1000 1000 1000 1000 1000 1000 1000 1000 1000 1000 ]
[ 999 1000 1000 1000 1000 1000 1000 1000 1000 1000 ]
[ 999 999 1000 1000 1000 1000 1000 1000 1000 1000 ]
[ 999 999 999 1000 1000 1000 1000 1000 1000 1000 ]
[ 999 999 999 999 1000 1000 1000 1000 1000 1000 ]
[ 999 999 999 999 999 1000 1000 1000 1000 1000 ]
[ 999 999 999 999 999 999 1000 1000 1000 1000 ]
[ 999 999 999 999 999 999 999 1000 1000 1000 ]
[ 999 999 999 999 999 999 999 999 1000 1000 ]
[ 999 999 999 999 999 999 999 999 999 1000 ]
[ 999 999 999 999 999 999 999 999 999 999 ]
[ 998 999 999 999 999 999 999 999 999 999 ]
[ 998 998 999 999 999 999 999 999 999 999 ]
[ 998 998 998 999 999 999 999 999 999 999 ]
[ 998 998 998 998 999 999 999 999 999 999 ]
[ 998 998 998 998 998 999 999 999 999 999 ]
[ 998 998 998 998 998 998 999 999 999 999 ]
[ 998 998 998 998 998 998 998 999 999 999 ]
[ 998 998 998 998 998 998 998 998 999 999 ]
[ 998 998 998 998 998 998 998 998 998 999 ]

Running insertion sort algorithm: 
Timer (sort): 3399ms real	2190ms user	0ms sys
The output is sorted!
[ 0 0 0 0 0 0 0 0 0 1 ]
[ 0 0 0 0 0 0 0 0 1 1 ]
[ 0 0 0 0 0 0 0 1 1 1 ]
[ 0 0 0 0 0 0 1 1 1 1 ]
[ 0 0 0 0 0 1 1 1 1 1 ]
[ 0 0 0 0 1 1 1 1 1 1 ]
[ 0 0 0 1 1 1 1 1 1 1 ]
[ 0 0 1 1 1 1 1 1 1 1 ]
[ 0 1 1 1 1 1 1 1 1 1 ]
[ 1 1 1 1 1 1 1 1 1 1 ]
[ 1 1 1 1 1 1 1 1 1 2 ]
[ 1 1 1 1 1 1 1 1 2 2 ]
[ 1 1 1 1 1 1 1 2 2 2 ]
[ 1 1 1 1 1 1 2 2 2 2 ]
[ 1 1 1 1 1 2 2 2 2 2 ]
[ 1 1 1 1 2 2 2 2 2 2 ]
[ 1 1 1 2 2 2 2 2 2 2 ]
[ 1 1 2 2 2 2 2 2 2 2 ]
[ 1 2 2 2 2 2 2 2 2 2 ]
[ 2 2 2 2 2 2 2 2 2 2 ]

Timer (generate): 0ms real	0ms user	0ms sys
[ 1000 1000 1000 1000 1000 1000 1000 1000 1000 1000 ]
[ 999 1000 1000 1000 1000 1000 1000 1000 1000 1000 ]
[ 999 999 1000 1000 1000 1000 1000 1000 1000 1000 ]
[ 999 999 999 1000 1000 1000 1000 1000 1000 1000 ]
[ 999 999 999 999 1000 1000 1000 1000 1000 1000 ]
[ 999 999 999 999 999 1000 1000 1000 1000 1000 ]
[ 999 999 999 999 999 999 1000 1000 1000 1000 ]
[ 999 999 999 999 999 999 999 1000 1000 1000 ]
[ 999 999 999 999 999 999 999 999 1000 1000 ]
[ 999 999 999 999 999 999 999 999 999 1000 ]
[ 999 999 999 999 999 999 999 999 999 999 ]
[ 998 999 999 999 999 999 999 999 999 999 ]
[ 998 998 999 999 999 999 999 999 999 999 ]
[ 998 998 998 999 999 999 999 999 999 999 ]
[ 998 998 998 998 999 999 999 999 999 999 ]
[ 998 998 998 998 998 999 999 999 999 999 ]
[ 998 998 998 998 998 998 999 999 999 999 ]
[ 998 998 998 998 998 998 998 999 999 999 ]
[ 998 998 998 998 998 998 998 998 999 999 ]
[ 998 998 998 998 998 998 998 998 998 999 ]

Running insertion sort algorithm: 
Timer (sort): 3058ms real	2100ms user	0ms sys
The output is sorted!
[ 0 0 0 0 0 0 0 0 0 1 ]
[ 0 0 0 0 0 0 0 0 1 1 ]
[ 0 0 0 0 0 0 0 1 1 1 ]
[ 0 0 0 0 0 0 1 1 1 1 ]
[ 0 0 0 0 0 1 1 1 1 1 ]
[ 0 0 0 0 1 1 1 1 1 1 ]
[ 0 0 0 1 1 1 1 1 1 1 ]
[ 0 0 1 1 1 1 1 1 1 1 ]
[ 0 1 1 1 1 1 1 1 1 1 ]
[ 1 1 1 1 1 1 1 1 1 1 ]
[ 1 1 1 1 1 1 1 1 1 2 ]
[ 1 1 1 1 1 1 1 1 2 2 ]
[ 1 1 1 1 1 1 1 2 2 2 ]
[ 1 1 1 1 1 1 2 2 2 2 ]
[ 1 1 1 1 1 2 2 2 2 2 ]
[ 1 1 1 1 2 2 2 2 2 2 ]
[ 1 1 1 2 2 2 2 2 2 2 ]
[ 1 1 2 2 2 2 2 2 2 2 ]
[ 1 2 2 2 2 2 2 2 2 2 ]
[ 2 2 2 2 2 2 2 2 2 2 ]

