Timer (generate): 11ms real	10ms user	0ms sys
[ 10000 10000 10000 10000 10000 10000 10000 10000 10000 10000 ]
[ 9999 10000 10000 10000 10000 10000 10000 10000 10000 10000 ]
[ 9999 9999 10000 10000 10000 10000 10000 10000 10000 10000 ]
[ 9999 9999 9999 10000 10000 10000 10000 10000 10000 10000 ]
[ 9999 9999 9999 9999 10000 10000 10000 10000 10000 10000 ]
[ 9999 9999 9999 9999 9999 10000 10000 10000 10000 10000 ]
[ 9999 9999 9999 9999 9999 9999 10000 10000 10000 10000 ]
[ 9999 9999 9999 9999 9999 9999 9999 10000 10000 10000 ]
[ 9999 9999 9999 9999 9999 9999 9999 9999 10000 10000 ]
[ 9999 9999 9999 9999 9999 9999 9999 9999 9999 10000 ]
[ 9999 9999 9999 9999 9999 9999 9999 9999 9999 9999 ]
[ 9998 9999 9999 9999 9999 9999 9999 9999 9999 9999 ]
[ 9998 9998 9999 9999 9999 9999 9999 9999 9999 9999 ]
[ 9998 9998 9998 9999 9999 9999 9999 9999 9999 9999 ]
[ 9998 9998 9998 9998 9999 9999 9999 9999 9999 9999 ]
[ 9998 9998 9998 9998 9998 9999 9999 9999 9999 9999 ]
[ 9998 9998 9998 9998 9998 9998 9999 9999 9999 9999 ]
[ 9998 9998 9998 9998 9998 9998 9998 9999 9999 9999 ]
[ 9998 9998 9998 9998 9998 9998 9998 9998 9999 9999 ]
[ 9998 9998 9998 9998 9998 9998 9998 9998 9998 9999 ]

Running insertion sort algorithm: 
Timer (sort): 229913ms real	229910ms user	0ms sys
The output is sorted!
[ 0 0 0 0 0 0 0 0 0 1 ]
[ 0 0 0 0 0 0 0 0 1 1 ]
[ 0 0 0 0 0 0 0 1 1 1 ]
[ 0 0 0 0 0 0 1 1 1 1 ]
[ 0 0 0 0 0 1 1 1 1 1 ]
[ 0 0 0 0 1 1 1 1 1 1 ]
[ 0 0 0 1 1 1 1 1 1 1 ]
[ 0 0 1 1 1 1 1 1 1 1 ]
[ 0 1 1 1 1 1 1 1 1 1 ]
[ 1 1 1 1 1 1 1 1 1 1 ]
[ 1 1 1 1 1 1 1 1 1 2 ]
[ 1 1 1 1 1 1 1 1 2 2 ]
[ 1 1 1 1 1 1 1 2 2 2 ]
[ 1 1 1 1 1 1 2 2 2 2 ]
[ 1 1 1 1 1 2 2 2 2 2 ]
[ 1 1 1 1 2 2 2 2 2 2 ]
[ 1 1 1 2 2 2 2 2 2 2 ]
[ 1 1 2 2 2 2 2 2 2 2 ]
[ 1 2 2 2 2 2 2 2 2 2 ]
[ 2 2 2 2 2 2 2 2 2 2 ]

Timer (generate): 7ms real	0ms user	0ms sys
[ 10000 10000 10000 10000 10000 10000 10000 10000 10000 10000 ]
[ 9999 10000 10000 10000 10000 10000 10000 10000 10000 10000 ]
[ 9999 9999 10000 10000 10000 10000 10000 10000 10000 10000 ]
[ 9999 9999 9999 10000 10000 10000 10000 10000 10000 10000 ]
[ 9999 9999 9999 9999 10000 10000 10000 10000 10000 10000 ]
[ 9999 9999 9999 9999 9999 10000 10000 10000 10000 10000 ]
[ 9999 9999 9999 9999 9999 9999 10000 10000 10000 10000 ]
[ 9999 9999 9999 9999 9999 9999 9999 10000 10000 10000 ]
[ 9999 9999 9999 9999 9999 9999 9999 9999 10000 10000 ]
[ 9999 9999 9999 9999 9999 9999 9999 9999 9999 10000 ]
[ 9999 9999 9999 9999 9999 9999 9999 9999 9999 9999 ]
[ 9998 9999 9999 9999 9999 9999 9999 9999 9999 9999 ]
[ 9998 9998 9999 9999 9999 9999 9999 9999 9999 9999 ]
[ 9998 9998 9998 9999 9999 9999 9999 9999 9999 9999 ]
[ 9998 9998 9998 9998 9999 9999 9999 9999 9999 9999 ]
[ 9998 9998 9998 9998 9998 9999 9999 9999 9999 9999 ]
[ 9998 9998 9998 9998 9998 9998 9999 9999 9999 9999 ]
[ 9998 9998 9998 9998 9998 9998 9998 9999 9999 9999 ]
[ 9998 9998 9998 9998 9998 9998 9998 9998 9999 9999 ]
[ 9998 9998 9998 9998 9998 9998 9998 9998 9998 9999 ]

Running insertion sort algorithm: 
Timer (sort): 235048ms real	235020ms user	10ms sys
The output is sorted!
[ 0 0 0 0 0 0 0 0 0 1 ]
[ 0 0 0 0 0 0 0 0 1 1 ]
[ 0 0 0 0 0 0 0 1 1 1 ]
[ 0 0 0 0 0 0 1 1 1 1 ]
[ 0 0 0 0 0 1 1 1 1 1 ]
[ 0 0 0 0 1 1 1 1 1 1 ]
[ 0 0 0 1 1 1 1 1 1 1 ]
[ 0 0 1 1 1 1 1 1 1 1 ]
[ 0 1 1 1 1 1 1 1 1 1 ]
[ 1 1 1 1 1 1 1 1 1 1 ]
[ 1 1 1 1 1 1 1 1 1 2 ]
[ 1 1 1 1 1 1 1 1 2 2 ]
[ 1 1 1 1 1 1 1 2 2 2 ]
[ 1 1 1 1 1 1 2 2 2 2 ]
[ 1 1 1 1 1 2 2 2 2 2 ]
[ 1 1 1 1 2 2 2 2 2 2 ]
[ 1 1 1 2 2 2 2 2 2 2 ]
[ 1 1 2 2 2 2 2 2 2 2 ]
[ 1 2 2 2 2 2 2 2 2 2 ]
[ 2 2 2 2 2 2 2 2 2 2 ]

Timer (generate): 10ms real	10ms user	0ms sys
[ 10000 10000 10000 10000 10000 10000 10000 10000 10000 10000 ]
[ 9999 10000 10000 10000 10000 10000 10000 10000 10000 10000 ]
[ 9999 9999 10000 10000 10000 10000 10000 10000 10000 10000 ]
[ 9999 9999 9999 10000 10000 10000 10000 10000 10000 10000 ]
[ 9999 9999 9999 9999 10000 10000 10000 10000 10000 10000 ]
[ 9999 9999 9999 9999 9999 10000 10000 10000 10000 10000 ]
[ 9999 9999 9999 9999 9999 9999 10000 10000 10000 10000 ]
[ 9999 9999 9999 9999 9999 9999 9999 10000 10000 10000 ]
[ 9999 9999 9999 9999 9999 9999 9999 9999 10000 10000 ]
[ 9999 9999 9999 9999 9999 9999 9999 9999 9999 10000 ]
[ 9999 9999 9999 9999 9999 9999 9999 9999 9999 9999 ]
[ 9998 9999 9999 9999 9999 9999 9999 9999 9999 9999 ]
[ 9998 9998 9999 9999 9999 9999 9999 9999 9999 9999 ]
[ 9998 9998 9998 9999 9999 9999 9999 9999 9999 9999 ]
[ 9998 9998 9998 9998 9999 9999 9999 9999 9999 9999 ]
[ 9998 9998 9998 9998 9998 9999 9999 9999 9999 9999 ]
[ 9998 9998 9998 9998 9998 9998 9999 9999 9999 9999 ]
[ 9998 9998 9998 9998 9998 9998 9998 9999 9999 9999 ]
[ 9998 9998 9998 9998 9998 9998 9998 9998 9999 9999 ]
[ 9998 9998 9998 9998 9998 9998 9998 9998 9998 9999 ]

Running insertion sort algorithm: 
Timer (sort): 229128ms real	229080ms user	10ms sys
The output is sorted!
[ 0 0 0 0 0 0 0 0 0 1 ]
[ 0 0 0 0 0 0 0 0 1 1 ]
[ 0 0 0 0 0 0 0 1 1 1 ]
[ 0 0 0 0 0 0 1 1 1 1 ]
[ 0 0 0 0 0 1 1 1 1 1 ]
[ 0 0 0 0 1 1 1 1 1 1 ]
[ 0 0 0 1 1 1 1 1 1 1 ]
[ 0 0 1 1 1 1 1 1 1 1 ]
[ 0 1 1 1 1 1 1 1 1 1 ]
[ 1 1 1 1 1 1 1 1 1 1 ]
[ 1 1 1 1 1 1 1 1 1 2 ]
[ 1 1 1 1 1 1 1 1 2 2 ]
[ 1 1 1 1 1 1 1 2 2 2 ]
[ 1 1 1 1 1 1 2 2 2 2 ]
[ 1 1 1 1 1 2 2 2 2 2 ]
[ 1 1 1 1 2 2 2 2 2 2 ]
[ 1 1 1 2 2 2 2 2 2 2 ]
[ 1 1 2 2 2 2 2 2 2 2 ]
[ 1 2 2 2 2 2 2 2 2 2 ]
[ 2 2 2 2 2 2 2 2 2 2 ]

Timer (generate): 8ms real	10ms user	0ms sys
[ 10000 10000 10000 10000 10000 10000 10000 10000 10000 10000 ]
[ 9999 10000 10000 10000 10000 10000 10000 10000 10000 10000 ]
[ 9999 9999 10000 10000 10000 10000 10000 10000 10000 10000 ]
[ 9999 9999 9999 10000 10000 10000 10000 10000 10000 10000 ]
[ 9999 9999 9999 9999 10000 10000 10000 10000 10000 10000 ]
[ 9999 9999 9999 9999 9999 10000 10000 10000 10000 10000 ]
[ 9999 9999 9999 9999 9999 9999 10000 10000 10000 10000 ]
[ 9999 9999 9999 9999 9999 9999 9999 10000 10000 10000 ]
[ 9999 9999 9999 9999 9999 9999 9999 9999 10000 10000 ]
[ 9999 9999 9999 9999 9999 9999 9999 9999 9999 10000 ]
[ 9999 9999 9999 9999 9999 9999 9999 9999 9999 9999 ]
[ 9998 9999 9999 9999 9999 9999 9999 9999 9999 9999 ]
[ 9998 9998 9999 9999 9999 9999 9999 9999 9999 9999 ]
[ 9998 9998 9998 9999 9999 9999 9999 9999 9999 9999 ]
[ 9998 9998 9998 9998 9999 9999 9999 9999 9999 9999 ]
[ 9998 9998 9998 9998 9998 9999 9999 9999 9999 9999 ]
[ 9998 9998 9998 9998 9998 9998 9999 9999 9999 9999 ]
[ 9998 9998 9998 9998 9998 9998 9998 9999 9999 9999 ]
[ 9998 9998 9998 9998 9998 9998 9998 9998 9999 9999 ]
[ 9998 9998 9998 9998 9998 9998 9998 9998 9998 9999 ]

Running insertion sort algorithm: 
Timer (sort): 213758ms real	213710ms user	0ms sys
The output is sorted!
[ 0 0 0 0 0 0 0 0 0 1 ]
[ 0 0 0 0 0 0 0 0 1 1 ]
[ 0 0 0 0 0 0 0 1 1 1 ]
[ 0 0 0 0 0 0 1 1 1 1 ]
[ 0 0 0 0 0 1 1 1 1 1 ]
[ 0 0 0 0 1 1 1 1 1 1 ]
[ 0 0 0 1 1 1 1 1 1 1 ]
[ 0 0 1 1 1 1 1 1 1 1 ]
[ 0 1 1 1 1 1 1 1 1 1 ]
[ 1 1 1 1 1 1 1 1 1 1 ]
[ 1 1 1 1 1 1 1 1 1 2 ]
[ 1 1 1 1 1 1 1 1 2 2 ]
[ 1 1 1 1 1 1 1 2 2 2 ]
[ 1 1 1 1 1 1 2 2 2 2 ]
[ 1 1 1 1 1 2 2 2 2 2 ]
[ 1 1 1 1 2 2 2 2 2 2 ]
[ 1 1 1 2 2 2 2 2 2 2 ]
[ 1 1 2 2 2 2 2 2 2 2 ]
[ 1 2 2 2 2 2 2 2 2 2 ]
[ 2 2 2 2 2 2 2 2 2 2 ]

Timer (generate): 8ms real	0ms user	0ms sys
[ 10000 10000 10000 10000 10000 10000 10000 10000 10000 10000 ]
[ 9999 10000 10000 10000 10000 10000 10000 10000 10000 10000 ]
[ 9999 9999 10000 10000 10000 10000 10000 10000 10000 10000 ]
[ 9999 9999 9999 10000 10000 10000 10000 10000 10000 10000 ]
[ 9999 9999 9999 9999 10000 10000 10000 10000 10000 10000 ]
[ 9999 9999 9999 9999 9999 10000 10000 10000 10000 10000 ]
[ 9999 9999 9999 9999 9999 9999 10000 10000 10000 10000 ]
[ 9999 9999 9999 9999 9999 9999 9999 10000 10000 10000 ]
[ 9999 9999 9999 9999 9999 9999 9999 9999 10000 10000 ]
[ 9999 9999 9999 9999 9999 9999 9999 9999 9999 10000 ]
[ 9999 9999 9999 9999 9999 9999 9999 9999 9999 9999 ]
[ 9998 9999 9999 9999 9999 9999 9999 9999 9999 9999 ]
[ 9998 9998 9999 9999 9999 9999 9999 9999 9999 9999 ]
[ 9998 9998 9998 9999 9999 9999 9999 9999 9999 9999 ]
[ 9998 9998 9998 9998 9999 9999 9999 9999 9999 9999 ]
[ 9998 9998 9998 9998 9998 9999 9999 9999 9999 9999 ]
[ 9998 9998 9998 9998 9998 9998 9999 9999 9999 9999 ]
[ 9998 9998 9998 9998 9998 9998 9998 9999 9999 9999 ]
[ 9998 9998 9998 9998 9998 9998 9998 9998 9999 9999 ]
[ 9998 9998 9998 9998 9998 9998 9998 9998 9998 9999 ]

Running insertion sort algorithm: 
Timer (sort): 213738ms real	213720ms user	0ms sys
The output is sorted!
[ 0 0 0 0 0 0 0 0 0 1 ]
[ 0 0 0 0 0 0 0 0 1 1 ]
[ 0 0 0 0 0 0 0 1 1 1 ]
[ 0 0 0 0 0 0 1 1 1 1 ]
[ 0 0 0 0 0 1 1 1 1 1 ]
[ 0 0 0 0 1 1 1 1 1 1 ]
[ 0 0 0 1 1 1 1 1 1 1 ]
[ 0 0 1 1 1 1 1 1 1 1 ]
[ 0 1 1 1 1 1 1 1 1 1 ]
[ 1 1 1 1 1 1 1 1 1 1 ]
[ 1 1 1 1 1 1 1 1 1 2 ]
[ 1 1 1 1 1 1 1 1 2 2 ]
[ 1 1 1 1 1 1 1 2 2 2 ]
[ 1 1 1 1 1 1 2 2 2 2 ]
[ 1 1 1 1 1 2 2 2 2 2 ]
[ 1 1 1 1 2 2 2 2 2 2 ]
[ 1 1 1 2 2 2 2 2 2 2 ]
[ 1 1 2 2 2 2 2 2 2 2 ]
[ 1 2 2 2 2 2 2 2 2 2 ]
[ 2 2 2 2 2 2 2 2 2 2 ]

Timer (generate): 9ms real	10ms user	0ms sys
[ 10000 10000 10000 10000 10000 10000 10000 10000 10000 10000 ]
[ 9999 10000 10000 10000 10000 10000 10000 10000 10000 10000 ]
[ 9999 9999 10000 10000 10000 10000 10000 10000 10000 10000 ]
[ 9999 9999 9999 10000 10000 10000 10000 10000 10000 10000 ]
[ 9999 9999 9999 9999 10000 10000 10000 10000 10000 10000 ]
[ 9999 9999 9999 9999 9999 10000 10000 10000 10000 10000 ]
[ 9999 9999 9999 9999 9999 9999 10000 10000 10000 10000 ]
[ 9999 9999 9999 9999 9999 9999 9999 10000 10000 10000 ]
[ 9999 9999 9999 9999 9999 9999 9999 9999 10000 10000 ]
[ 9999 9999 9999 9999 9999 9999 9999 9999 9999 10000 ]
[ 9999 9999 9999 9999 9999 9999 9999 9999 9999 9999 ]
[ 9998 9999 9999 9999 9999 9999 9999 9999 9999 9999 ]
[ 9998 9998 9999 9999 9999 9999 9999 9999 9999 9999 ]
[ 9998 9998 9998 9999 9999 9999 9999 9999 9999 9999 ]
[ 9998 9998 9998 9998 9999 9999 9999 9999 9999 9999 ]
[ 9998 9998 9998 9998 9998 9999 9999 9999 9999 9999 ]
[ 9998 9998 9998 9998 9998 9998 9999 9999 9999 9999 ]
[ 9998 9998 9998 9998 9998 9998 9998 9999 9999 9999 ]
[ 9998 9998 9998 9998 9998 9998 9998 9998 9999 9999 ]
[ 9998 9998 9998 9998 9998 9998 9998 9998 9998 9999 ]

Running insertion sort algorithm: 
Timer (sort): 213937ms real	213910ms user	0ms sys
The output is sorted!
[ 0 0 0 0 0 0 0 0 0 1 ]
[ 0 0 0 0 0 0 0 0 1 1 ]
[ 0 0 0 0 0 0 0 1 1 1 ]
[ 0 0 0 0 0 0 1 1 1 1 ]
[ 0 0 0 0 0 1 1 1 1 1 ]
[ 0 0 0 0 1 1 1 1 1 1 ]
[ 0 0 0 1 1 1 1 1 1 1 ]
[ 0 0 1 1 1 1 1 1 1 1 ]
[ 0 1 1 1 1 1 1 1 1 1 ]
[ 1 1 1 1 1 1 1 1 1 1 ]
[ 1 1 1 1 1 1 1 1 1 2 ]
[ 1 1 1 1 1 1 1 1 2 2 ]
[ 1 1 1 1 1 1 1 2 2 2 ]
[ 1 1 1 1 1 1 2 2 2 2 ]
[ 1 1 1 1 1 2 2 2 2 2 ]
[ 1 1 1 1 2 2 2 2 2 2 ]
[ 1 1 1 2 2 2 2 2 2 2 ]
[ 1 1 2 2 2 2 2 2 2 2 ]
[ 1 2 2 2 2 2 2 2 2 2 ]
[ 2 2 2 2 2 2 2 2 2 2 ]

Timer (generate): 7ms real	0ms user	0ms sys
[ 10000 10000 10000 10000 10000 10000 10000 10000 10000 10000 ]
[ 9999 10000 10000 10000 10000 10000 10000 10000 10000 10000 ]
[ 9999 9999 10000 10000 10000 10000 10000 10000 10000 10000 ]
[ 9999 9999 9999 10000 10000 10000 10000 10000 10000 10000 ]
[ 9999 9999 9999 9999 10000 10000 10000 10000 10000 10000 ]
[ 9999 9999 9999 9999 9999 10000 10000 10000 10000 10000 ]
[ 9999 9999 9999 9999 9999 9999 10000 10000 10000 10000 ]
[ 9999 9999 9999 9999 9999 9999 9999 10000 10000 10000 ]
[ 9999 9999 9999 9999 9999 9999 9999 9999 10000 10000 ]
[ 9999 9999 9999 9999 9999 9999 9999 9999 9999 10000 ]
[ 9999 9999 9999 9999 9999 9999 9999 9999 9999 9999 ]
[ 9998 9999 9999 9999 9999 9999 9999 9999 9999 9999 ]
[ 9998 9998 9999 9999 9999 9999 9999 9999 9999 9999 ]
[ 9998 9998 9998 9999 9999 9999 9999 9999 9999 9999 ]
[ 9998 9998 9998 9998 9999 9999 9999 9999 9999 9999 ]
[ 9998 9998 9998 9998 9998 9999 9999 9999 9999 9999 ]
[ 9998 9998 9998 9998 9998 9998 9999 9999 9999 9999 ]
[ 9998 9998 9998 9998 9998 9998 9998 9999 9999 9999 ]
[ 9998 9998 9998 9998 9998 9998 9998 9998 9999 9999 ]
[ 9998 9998 9998 9998 9998 9998 9998 9998 9998 9999 ]

Running insertion sort algorithm: 
Timer (sort): 214825ms real	214810ms user	0ms sys
The output is sorted!
[ 0 0 0 0 0 0 0 0 0 1 ]
[ 0 0 0 0 0 0 0 0 1 1 ]
[ 0 0 0 0 0 0 0 1 1 1 ]
[ 0 0 0 0 0 0 1 1 1 1 ]
[ 0 0 0 0 0 1 1 1 1 1 ]
[ 0 0 0 0 1 1 1 1 1 1 ]
[ 0 0 0 1 1 1 1 1 1 1 ]
[ 0 0 1 1 1 1 1 1 1 1 ]
[ 0 1 1 1 1 1 1 1 1 1 ]
[ 1 1 1 1 1 1 1 1 1 1 ]
[ 1 1 1 1 1 1 1 1 1 2 ]
[ 1 1 1 1 1 1 1 1 2 2 ]
[ 1 1 1 1 1 1 1 2 2 2 ]
[ 1 1 1 1 1 1 2 2 2 2 ]
[ 1 1 1 1 1 2 2 2 2 2 ]
[ 1 1 1 1 2 2 2 2 2 2 ]
[ 1 1 1 2 2 2 2 2 2 2 ]
[ 1 1 2 2 2 2 2 2 2 2 ]
[ 1 2 2 2 2 2 2 2 2 2 ]
[ 2 2 2 2 2 2 2 2 2 2 ]

Timer (generate): 7ms real	0ms user	0ms sys
[ 10000 10000 10000 10000 10000 10000 10000 10000 10000 10000 ]
[ 9999 10000 10000 10000 10000 10000 10000 10000 10000 10000 ]
[ 9999 9999 10000 10000 10000 10000 10000 10000 10000 10000 ]
[ 9999 9999 9999 10000 10000 10000 10000 10000 10000 10000 ]
[ 9999 9999 9999 9999 10000 10000 10000 10000 10000 10000 ]
[ 9999 9999 9999 9999 9999 10000 10000 10000 10000 10000 ]
[ 9999 9999 9999 9999 9999 9999 10000 10000 10000 10000 ]
[ 9999 9999 9999 9999 9999 9999 9999 10000 10000 10000 ]
[ 9999 9999 9999 9999 9999 9999 9999 9999 10000 10000 ]
[ 9999 9999 9999 9999 9999 9999 9999 9999 9999 10000 ]
[ 9999 9999 9999 9999 9999 9999 9999 9999 9999 9999 ]
[ 9998 9999 9999 9999 9999 9999 9999 9999 9999 9999 ]
[ 9998 9998 9999 9999 9999 9999 9999 9999 9999 9999 ]
[ 9998 9998 9998 9999 9999 9999 9999 9999 9999 9999 ]
[ 9998 9998 9998 9998 9999 9999 9999 9999 9999 9999 ]
[ 9998 9998 9998 9998 9998 9999 9999 9999 9999 9999 ]
[ 9998 9998 9998 9998 9998 9998 9999 9999 9999 9999 ]
[ 9998 9998 9998 9998 9998 9998 9998 9999 9999 9999 ]
[ 9998 9998 9998 9998 9998 9998 9998 9998 9999 9999 ]
[ 9998 9998 9998 9998 9998 9998 9998 9998 9998 9999 ]

Running insertion sort algorithm: 
Timer (sort): 214011ms real	214010ms user	0ms sys
The output is sorted!
[ 0 0 0 0 0 0 0 0 0 1 ]
[ 0 0 0 0 0 0 0 0 1 1 ]
[ 0 0 0 0 0 0 0 1 1 1 ]
[ 0 0 0 0 0 0 1 1 1 1 ]
[ 0 0 0 0 0 1 1 1 1 1 ]
[ 0 0 0 0 1 1 1 1 1 1 ]
[ 0 0 0 1 1 1 1 1 1 1 ]
[ 0 0 1 1 1 1 1 1 1 1 ]
[ 0 1 1 1 1 1 1 1 1 1 ]
[ 1 1 1 1 1 1 1 1 1 1 ]
[ 1 1 1 1 1 1 1 1 1 2 ]
[ 1 1 1 1 1 1 1 1 2 2 ]
[ 1 1 1 1 1 1 1 2 2 2 ]
[ 1 1 1 1 1 1 2 2 2 2 ]
[ 1 1 1 1 1 2 2 2 2 2 ]
[ 1 1 1 1 2 2 2 2 2 2 ]
[ 1 1 1 2 2 2 2 2 2 2 ]
[ 1 1 2 2 2 2 2 2 2 2 ]
[ 1 2 2 2 2 2 2 2 2 2 ]
[ 2 2 2 2 2 2 2 2 2 2 ]

Timer (generate): 8ms real	0ms user	0ms sys
[ 10000 10000 10000 10000 10000 10000 10000 10000 10000 10000 ]
[ 9999 10000 10000 10000 10000 10000 10000 10000 10000 10000 ]
[ 9999 9999 10000 10000 10000 10000 10000 10000 10000 10000 ]
[ 9999 9999 9999 10000 10000 10000 10000 10000 10000 10000 ]
[ 9999 9999 9999 9999 10000 10000 10000 10000 10000 10000 ]
[ 9999 9999 9999 9999 9999 10000 10000 10000 10000 10000 ]
[ 9999 9999 9999 9999 9999 9999 10000 10000 10000 10000 ]
[ 9999 9999 9999 9999 9999 9999 9999 10000 10000 10000 ]
[ 9999 9999 9999 9999 9999 9999 9999 9999 10000 10000 ]
[ 9999 9999 9999 9999 9999 9999 9999 9999 9999 10000 ]
[ 9999 9999 9999 9999 9999 9999 9999 9999 9999 9999 ]
[ 9998 9999 9999 9999 9999 9999 9999 9999 9999 9999 ]
[ 9998 9998 9999 9999 9999 9999 9999 9999 9999 9999 ]
[ 9998 9998 9998 9999 9999 9999 9999 9999 9999 9999 ]
[ 9998 9998 9998 9998 9999 9999 9999 9999 9999 9999 ]
[ 9998 9998 9998 9998 9998 9999 9999 9999 9999 9999 ]
[ 9998 9998 9998 9998 9998 9998 9999 9999 9999 9999 ]
[ 9998 9998 9998 9998 9998 9998 9998 9999 9999 9999 ]
[ 9998 9998 9998 9998 9998 9998 9998 9998 9999 9999 ]
[ 9998 9998 9998 9998 9998 9998 9998 9998 9998 9999 ]

Running insertion sort algorithm: 
Timer (sort): 202517ms real	202520ms user	0ms sys
The output is sorted!
[ 0 0 0 0 0 0 0 0 0 1 ]
[ 0 0 0 0 0 0 0 0 1 1 ]
[ 0 0 0 0 0 0 0 1 1 1 ]
[ 0 0 0 0 0 0 1 1 1 1 ]
[ 0 0 0 0 0 1 1 1 1 1 ]
[ 0 0 0 0 1 1 1 1 1 1 ]
[ 0 0 0 1 1 1 1 1 1 1 ]
[ 0 0 1 1 1 1 1 1 1 1 ]
[ 0 1 1 1 1 1 1 1 1 1 ]
[ 1 1 1 1 1 1 1 1 1 1 ]
[ 1 1 1 1 1 1 1 1 1 2 ]
[ 1 1 1 1 1 1 1 1 2 2 ]
[ 1 1 1 1 1 1 1 2 2 2 ]
[ 1 1 1 1 1 1 2 2 2 2 ]
[ 1 1 1 1 1 2 2 2 2 2 ]
[ 1 1 1 1 2 2 2 2 2 2 ]
[ 1 1 1 2 2 2 2 2 2 2 ]
[ 1 1 2 2 2 2 2 2 2 2 ]
[ 1 2 2 2 2 2 2 2 2 2 ]
[ 2 2 2 2 2 2 2 2 2 2 ]

Timer (generate): 7ms real	0ms user	0ms sys
[ 10000 10000 10000 10000 10000 10000 10000 10000 10000 10000 ]
[ 9999 10000 10000 10000 10000 10000 10000 10000 10000 10000 ]
[ 9999 9999 10000 10000 10000 10000 10000 10000 10000 10000 ]
[ 9999 9999 9999 10000 10000 10000 10000 10000 10000 10000 ]
[ 9999 9999 9999 9999 10000 10000 10000 10000 10000 10000 ]
[ 9999 9999 9999 9999 9999 10000 10000 10000 10000 10000 ]
[ 9999 9999 9999 9999 9999 9999 10000 10000 10000 10000 ]
[ 9999 9999 9999 9999 9999 9999 9999 10000 10000 10000 ]
[ 9999 9999 9999 9999 9999 9999 9999 9999 10000 10000 ]
[ 9999 9999 9999 9999 9999 9999 9999 9999 9999 10000 ]
[ 9999 9999 9999 9999 9999 9999 9999 9999 9999 9999 ]
[ 9998 9999 9999 9999 9999 9999 9999 9999 9999 9999 ]
[ 9998 9998 9999 9999 9999 9999 9999 9999 9999 9999 ]
[ 9998 9998 9998 9999 9999 9999 9999 9999 9999 9999 ]
[ 9998 9998 9998 9998 9999 9999 9999 9999 9999 9999 ]
[ 9998 9998 9998 9998 9998 9999 9999 9999 9999 9999 ]
[ 9998 9998 9998 9998 9998 9998 9999 9999 9999 9999 ]
[ 9998 9998 9998 9998 9998 9998 9998 9999 9999 9999 ]
[ 9998 9998 9998 9998 9998 9998 9998 9998 9999 9999 ]
[ 9998 9998 9998 9998 9998 9998 9998 9998 9998 9999 ]

Running insertion sort algorithm: 
Timer (sort): 203146ms real	203140ms user	0ms sys
The output is sorted!
[ 0 0 0 0 0 0 0 0 0 1 ]
[ 0 0 0 0 0 0 0 0 1 1 ]
[ 0 0 0 0 0 0 0 1 1 1 ]
[ 0 0 0 0 0 0 1 1 1 1 ]
[ 0 0 0 0 0 1 1 1 1 1 ]
[ 0 0 0 0 1 1 1 1 1 1 ]
[ 0 0 0 1 1 1 1 1 1 1 ]
[ 0 0 1 1 1 1 1 1 1 1 ]
[ 0 1 1 1 1 1 1 1 1 1 ]
[ 1 1 1 1 1 1 1 1 1 1 ]
[ 1 1 1 1 1 1 1 1 1 2 ]
[ 1 1 1 1 1 1 1 1 2 2 ]
[ 1 1 1 1 1 1 1 2 2 2 ]
[ 1 1 1 1 1 1 2 2 2 2 ]
[ 1 1 1 1 1 2 2 2 2 2 ]
[ 1 1 1 1 2 2 2 2 2 2 ]
[ 1 1 1 2 2 2 2 2 2 2 ]
[ 1 1 2 2 2 2 2 2 2 2 ]
[ 1 2 2 2 2 2 2 2 2 2 ]
[ 2 2 2 2 2 2 2 2 2 2 ]

