Timer (generate): 11ms real	10ms user	0ms sys
[ 76 11 73 6 28 56 42 59 48 95 51 74 46 98 17 86 63 83 48 59 34 57 97 22 62 ]
[ 63 78 16 24 88 48 0 52 21 7 32 29 1 91 77 96 94 3 94 92 20 81 55 55 29 ]
[ 66 89 39 64 12 1 79 42 69 55 83 17 56 35 90 15 67 19 16 10 49 64 4 52 59 ]
[ 96 25 92 4 80 21 70 70 12 86 34 13 18 76 82 73 59 51 81 94 93 96 13 65 64 ]
[ 23 66 81 27 70 92 76 95 84 32 76 57 54 46 70 93 80 35 63 8 70 88 68 73 70 ]
[ 14 67 66 28 84 83 3 50 64 83 20 56 11 16 40 43 44 49 49 90 19 94 22 55 57 ]
[ 30 25 46 50 98 68 65 17 86 45 1 69 48 3 33 31 76 41 94 44 33 89 88 83 39 ]
[ 30 54 85 52 9 95 82 86 93 33 37 61 50 6 47 95 60 69 95 63 2 27 91 96 73 ]
[ 35 29 63 75 12 54 5 67 39 57 28 34 92 67 27 25 4 40 75 10 40 22 22 9 17 ]
[ 86 63 96 29 59 70 65 89 33 92 53 39 98 72 78 7 53 65 99 20 44 76 76 85 3 ]
[ 38 25 25 61 34 43 99 97 91 28 9 61 45 98 46 38 3 37 36 76 16 43 81 33 43 ]
[ 1 77 71 77 14 75 67 91 0 28 77 95 27 75 87 8 36 0 53 34 99 91 89 36 27 ]
[ 17 4 23 98 37 18 99 67 89 28 81 64 48 73 17 76 50 12 56 77 51 64 13 4 17 ]
[ 99 3 61 41 91 88 58 96 63 57 85 81 8 52 23 89 86 39 37 11 56 65 61 21 21 ]
[ 91 72 37 56 28 55 8 31 16 49 75 56 7 23 72 16 8 5 77 13 28 66 99 20 55 ]
[ 10 76 20 23 97 94 66 22 31 23 50 38 83 34 6 32 9 15 91 84 87 60 92 92 37 ]
[ 57 73 55 56 45 10 18 21 30 42 71 24 8 45 8 83 95 46 66 81 53 50 42 68 42 ]
[ 26 55 54 71 99 91 28 24 46 37 69 8 55 43 90 97 66 67 58 11 75 41 58 21 60 ]
[ 40 26 10 34 94 4 13 1 58 84 53 1 64 29 47 1 51 7 57 94 98 6 60 65 16 ]
[ 23 92 58 81 13 70 73 40 32 8 86 89 73 40 47 57 93 1 73 74 0 75 25 8 84 ]

Running insertion sort algorithm: 
Timer (sort): 23201ms real	16830ms user	10ms sys
The output is sorted!
[ 50 14 15 23 72 55 12 40 10 15 44 5 18 20 24 46 42 10 12 7 41 69 7 25 40 ]
[ 31 23 8 60 50 0 13 25 31 44 92 31 31 36 3 24 32 26 16 3 5 63 7 5 66 ]
[ 61 30 19 95 17 85 21 0 20 22 46 20 11 2 68 11 28 68 2 35 38 1 3 15 8 ]
[ 18 22 5 39 9 23 43 6 69 99 18 50 48 24 14 29 7 4 5 77 42 48 29 0 21 ]
[ 21 13 28 36 9 35 25 74 44 21 28 0 6 89 72 16 29 12 59 16 66 29 7 2 17 ]
[ 74 13 15 48 66 33 54 79 38 1 53 3 1 23 62 12 10 16 69 52 16 1 3 6 10 ]
[ 68 55 0 16 6 14 29 35 0 3 52 51 39 52 31 27 17 46 17 8 6 93 50 5 44 ]
[ 19 48 55 2 1 42 7 50 6 81 12 32 92 20 39 62 24 35 3 16 50 14 2 6 47 ]
[ 4 4 3 22 51 84 76 28 35 18 9 25 34 21 7 39 8 25 91 89 8 17 4 7 59 ]
[ 74 22 24 3 56 30 74 22 2 51 2 20 35 74 10 13 22 10 27 9 73 0 18 82 17 ]
[ 21 30 36 30 1 18 75 59 7 20 35 8 27 99 38 21 27 5 18 30 31 65 5 60 5 ]
[ 5 21 46 12 5 24 75 11 72 44 42 2 34 36 53 94 23 5 25 5 23 36 51 25 2 ]
[ 11 8 47 18 16 94 59 51 20 72 1 26 14 12 41 8 17 18 19 25 14 30 32 50 71 ]
[ 13 4 87 42 57 75 18 8 53 28 22 11 45 26 90 21 13 12 9 7 39 51 3 17 23 ]
[ 51 11 17 32 36 32 24 23 15 63 37 44 2 6 22 2 22 83 47 28 4 27 87 24 35 ]
[ 93 60 11 10 45 25 17 8 10 18 7 49 1 51 59 9 57 31 47 11 53 61 25 3 16 ]
[ 28 38 19 65 40 28 18 19 36 8 11 41 40 66 72 18 54 34 18 17 10 2 17 27 57 ]
[ 15 79 10 3 8 51 7 60 28 73 47 13 35 12 3 30 58 22 11 9 3 69 22 85 31 ]
[ 79 25 70 27 41 40 23 48 35 0 23 22 30 12 48 20 46 10 40 28 4 41 42 18 12 ]
[ 2 60 4 62 0 36 42 14 65 46 51 22 47 50 3 40 8 14 6 6 75 34 2 68 27 ]

Timer (generate): 9ms real	10ms user	0ms sys
[ 48 58 59 16 0 88 86 61 69 5 42 98 70 91 55 11 56 17 45 96 12 90 72 82 26 ]
[ 77 71 17 70 36 34 18 46 45 87 46 33 73 7 2 78 50 52 1 41 7 64 50 77 10 ]
[ 98 89 52 70 23 30 48 95 47 18 83 81 88 29 78 75 76 11 0 35 65 31 85 18 84 ]
[ 79 77 48 81 54 10 79 44 62 1 67 44 49 14 92 19 97 25 60 27 4 87 55 67 40 ]
[ 90 85 23 28 3 7 59 32 7 40 87 18 71 83 32 72 2 77 74 17 69 45 66 46 5 ]
[ 93 50 45 48 70 37 91 55 60 19 10 67 78 42 26 70 81 44 41 64 77 13 67 6 87 ]
[ 36 27 33 2 73 90 96 76 87 96 46 24 39 53 84 58 63 3 88 5 30 58 87 74 51 ]
[ 3 3 65 70 61 4 6 88 89 61 62 80 57 90 19 5 36 44 45 41 80 55 4 84 44 ]
[ 61 66 54 0 92 6 4 96 23 26 57 79 85 98 21 46 12 53 55 2 72 60 90 16 57 ]
[ 31 97 13 35 33 9 96 99 15 97 91 73 53 39 96 79 97 28 16 47 49 62 59 2 17 ]
[ 61 26 30 51 43 39 34 92 52 69 25 13 17 24 29 66 15 2 19 55 51 51 4 79 67 ]
[ 3 80 30 62 34 99 23 60 81 26 55 21 60 47 73 81 72 39 98 48 68 17 16 70 36 ]
[ 23 21 39 79 52 7 82 84 89 44 18 88 19 31 70 97 86 43 9 34 68 90 6 7 40 ]
[ 7 75 57 23 98 46 46 19 37 25 24 44 59 8 33 3 79 74 74 10 96 71 96 39 80 ]
[ 30 59 22 89 67 62 96 42 72 71 92 70 17 12 7 94 88 4 53 96 37 8 75 63 34 ]
[ 37 11 57 34 2 89 16 62 11 5 29 25 53 23 49 24 16 19 93 80 79 39 68 83 44 ]
[ 16 72 4 44 88 38 81 99 95 15 2 84 32 64 95 89 45 73 95 68 22 71 36 42 65 ]
[ 16 73 56 36 56 1 53 80 5 97 68 96 30 68 91 46 22 28 30 86 23 71 83 48 66 ]
[ 3 71 38 40 65 55 56 38 11 45 46 64 98 26 22 47 95 18 77 15 61 75 37 89 5 ]
[ 75 65 29 58 13 47 61 84 37 53 1 92 62 91 56 7 37 72 5 16 94 52 63 64 29 ]

Running insertion sort algorithm: 
Timer (sort): 19029ms real	16780ms user	0ms sys
The output is sorted!
[ 20 47 75 17 64 53 3 7 50 24 3 48 34 17 31 1 40 1 26 12 68 12 4 5 51 ]
[ 24 15 17 48 8 16 4 41 40 66 34 70 39 40 0 30 34 9 6 68 6 3 0 49 65 ]
[ 31 43 66 36 19 6 39 28 38 27 2 10 5 4 89 15 32 32 42 57 36 10 24 30 14 ]
[ 23 2 15 23 83 13 7 33 38 30 0 56 89 0 18 15 51 35 15 18 2 78 35 42 16 ]
[ 35 10 1 56 72 37 22 30 32 46 55 77 4 8 66 0 4 39 47 8 28 24 8 23 10 ]
[ 13 4 5 1 47 8 13 75 5 96 28 75 84 63 28 1 4 12 34 11 34 20 82 2 0 ]
[ 19 70 1 29 71 2 17 11 2 69 2 1 30 85 16 15 50 80 21 3 24 44 30 46 9 ]
[ 35 22 42 11 6 1 62 26 10 5 21 73 24 23 38 49 13 39 28 6 76 76 46 15 11 ]
[ 8 25 21 69 71 62 27 22 12 50 73 11 2 18 8 36 18 59 34 6 40 13 43 17 15 ]
[ 16 11 4 54 10 40 13 8 63 85 96 38 19 2 11 40 55 11 24 7 22 0 44 30 65 ]
[ 66 56 24 0 40 33 49 76 25 9 31 80 6 52 18 41 8 29 1 38 43 10 5 23 8 ]
[ 21 45 41 75 22 30 30 66 26 84 53 1 7 11 4 8 1 99 66 26 40 5 7 0 6 ]
[ 98 37 12 47 2 6 48 25 3 41 21 39 6 83 30 6 36 29 2 9 66 17 0 87 26 ]
[ 0 1 29 1 22 38 45 2 36 51 39 0 15 20 58 34 51 32 11 54 23 28 48 59 80 ]
[ 0 38 14 15 17 5 29 83 21 41 10 62 1 38 64 24 31 57 32 13 0 43 52 41 51 ]
[ 15 33 80 11 49 22 45 8 64 10 6 77 27 19 25 50 13 3 0 86 24 9 20 79 9 ]
[ 45 33 19 62 46 3 24 33 32 53 11 95 50 1 15 16 61 19 6 5 9 17 40 77 13 ]
[ 19 58 18 59 4 33 13 10 21 13 37 5 86 0 80 67 82 48 18 12 3 31 63 3 2 ]
[ 71 33 4 2 24 27 1 18 99 57 74 43 7 45 37 23 12 13 6 76 45 11 48 6 3 ]
[ 25 90 77 19 15 53 16 31 2 31 51 2 13 82 88 3 6 12 10 33 46 11 16 24 32 ]

Timer (generate): 12ms real	10ms user	0ms sys
[ 64 1 20 19 40 6 78 78 8 8 61 88 64 78 54 80 20 51 90 21 10 26 44 75 39 ]
[ 84 15 60 97 7 39 13 60 60 32 0 66 62 30 26 71 91 67 87 21 21 19 93 24 62 ]
[ 15 35 40 11 10 79 96 77 91 45 36 31 58 48 43 42 0 61 5 82 88 28 73 7 15 ]
[ 46 28 87 40 5 49 7 40 41 18 2 21 66 31 64 11 67 95 21 67 90 64 67 52 69 ]
[ 49 92 49 74 99 64 72 79 3 12 84 4 71 76 46 42 78 67 60 61 31 24 80 79 45 ]
[ 47 69 9 14 73 30 15 65 79 41 16 44 14 96 99 78 80 4 2 57 50 44 87 69 56 ]
[ 49 52 80 29 83 26 29 53 35 95 78 66 11 44 45 52 12 41 18 8 41 97 41 97 99 ]
[ 98 47 95 37 68 51 38 20 32 68 4 58 97 9 45 92 87 11 55 83 9 60 96 50 78 ]
[ 56 43 27 97 40 78 47 39 73 37 7 77 75 28 61 95 84 71 92 93 16 37 32 28 44 ]
[ 16 89 4 64 39 83 72 35 62 70 27 41 69 67 14 6 74 43 34 54 4 29 90 75 22 ]
[ 83 92 11 68 72 55 84 61 60 0 52 95 72 39 57 94 67 50 16 34 17 74 60 60 8 ]
[ 67 17 38 57 92 12 93 36 75 61 60 82 97 73 42 49 78 89 73 17 99 20 36 49 36 ]
[ 22 18 62 83 79 71 2 96 61 11 40 25 4 29 0 17 89 82 14 15 77 63 93 18 37 ]
[ 10 69 57 47 71 45 69 89 7 4 68 30 58 16 43 70 57 68 26 38 20 44 27 3 58 ]
[ 42 32 74 87 2 63 50 72 72 49 43 17 70 32 76 75 53 7 85 69 2 55 78 71 34 ]
[ 16 91 78 96 46 88 90 30 62 78 33 77 28 5 49 77 0 18 47 32 95 74 37 54 60 ]
[ 7 56 67 37 79 1 6 71 31 2 69 20 44 0 34 22 85 64 2 42 13 31 42 32 31 ]
[ 26 79 5 64 33 17 23 41 37 12 21 90 18 92 22 72 13 94 17 65 80 91 50 44 46 ]
[ 92 58 77 86 42 8 65 21 66 29 6 35 4 47 72 16 68 63 87 12 37 59 78 31 28 ]
[ 43 11 72 46 8 18 90 66 47 77 60 8 42 81 26 23 39 61 79 86 86 95 7 49 34 ]

Running insertion sort algorithm: 
Timer (sort): 24054ms real	19790ms user	20ms sys
The output is sorted!
[ 11 71 62 21 86 4 3 11 28 23 19 0 2 13 11 15 5 25 35 38 9 18 34 50 50 ]
[ 8 0 2 29 54 49 34 74 51 47 1 12 38 9 11 13 22 14 2 53 71 29 51 0 16 ]
[ 17 42 34 31 14 19 82 11 30 67 2 25 9 96 12 28 9 10 72 1 1 91 6 1 0 ]
[ 44 41 25 76 9 54 17 49 47 5 13 10 3 19 0 59 37 15 24 80 3 9 63 1 10 ]
[ 26 55 8 26 36 96 12 0 24 2 15 72 7 22 4 20 41 9 56 38 71 40 14 11 14 ]
[ 7 34 26 9 0 14 71 5 76 21 59 3 12 75 94 44 0 19 30 76 4 13 26 3 2 ]
[ 36 28 23 32 16 26 40 2 24 45 35 35 5 41 66 6 0 20 38 24 9 41 66 44 25 ]
[ 30 18 83 2 8 0 18 48 13 7 0 10 49 28 35 2 55 51 74 31 0 34 58 26 70 ]
[ 50 1 28 0 22 3 79 9 7 17 28 8 27 32 60 30 3 63 19 43 26 93 7 0 95 ]
[ 37 63 4 10 24 29 3 37 34 63 18 24 7 26 22 0 35 14 1 28 53 63 45 21 90 ]
[ 21 41 25 62 5 7 6 44 18 29 52 7 37 3 23 28 26 99 62 16 7 53 15 53 16 ]
[ 15 19 96 36 17 35 0 0 15 33 25 21 96 34 21 54 16 10 88 34 8 52 10 17 5 ]
[ 16 55 34 13 2 52 1 17 32 18 13 0 0 18 16 26 24 79 75 71 34 50 36 51 33 ]
[ 39 94 4 51 19 35 43 19 3 64 37 0 10 64 18 20 1 89 4 13 2 75 14 9 43 ]
[ 9 64 1 61 36 9 31 0 17 3 0 14 60 61 36 32 47 22 63 46 24 46 31 2 56 ]
[ 18 63 13 39 57 36 35 10 73 61 1 34 6 46 44 4 1 32 1 33 25 19 19 11 95 ]
[ 23 6 84 12 21 69 16 17 2 6 15 57 29 72 49 7 70 19 33 16 10 70 12 27 34 ]
[ 4 15 11 6 81 32 7 46 18 16 42 15 91 28 6 27 28 0 77 91 3 5 49 1 78 ]
[ 10 19 38 63 30 24 6 5 67 28 58 37 47 92 35 31 9 41 13 7 26 19 47 0 26 ]
[ 21 40 3 2 55 16 23 50 5 26 51 2 54 69 58 76 36 2 3 21 88 17 28 6 28 ]

Timer (generate): 14ms real	10ms user	0ms sys
[ 24 0 71 29 65 81 64 51 79 66 99 77 70 67 46 50 79 87 68 20 24 50 70 37 0 ]
[ 98 64 26 34 96 40 10 48 63 39 13 44 55 65 75 21 64 53 43 83 51 94 15 38 14 ]
[ 87 14 65 57 4 65 7 20 43 42 16 36 4 64 99 96 30 96 51 47 23 73 63 76 16 ]
[ 98 79 62 13 69 77 53 84 42 10 88 7 18 60 50 12 76 38 68 92 38 64 74 86 16 ]
[ 21 9 41 36 38 9 35 17 72 0 87 49 53 71 43 16 11 50 34 23 52 98 99 43 66 ]
[ 43 81 31 18 19 99 91 28 40 28 66 1 15 36 73 15 23 74 21 46 17 37 9 19 23 ]
[ 32 24 21 31 67 87 26 0 70 96 19 69 88 99 61 68 66 63 35 2 88 50 77 15 71 ]
[ 23 84 60 32 4 83 64 80 4 47 99 44 25 99 66 22 70 88 62 69 49 82 35 64 17 ]
[ 89 5 19 66 20 43 41 4 3 25 60 87 89 40 43 88 39 39 14 90 6 88 60 94 50 ]
[ 30 95 32 17 60 1 7 17 20 25 37 63 19 41 19 44 54 6 86 94 1 74 86 41 40 ]
[ 76 99 28 37 45 78 19 40 62 36 52 63 95 69 36 73 6 99 92 0 18 36 6 76 22 ]
[ 0 30 49 38 71 41 67 22 70 56 67 0 75 59 15 11 12 78 7 33 14 80 92 66 24 ]
[ 92 36 60 98 13 35 50 43 36 41 66 77 8 88 99 64 7 0 39 66 15 2 30 45 9 ]
[ 64 12 41 56 78 65 0 14 78 50 79 65 0 22 1 41 40 30 1 80 30 65 39 30 56 ]
[ 6 97 59 36 42 20 52 54 14 8 32 79 8 99 9 58 78 74 11 53 27 4 45 10 6 ]
[ 26 40 23 65 22 80 23 19 91 12 13 63 64 68 77 73 52 57 33 3 18 44 34 93 55 ]
[ 87 72 11 84 82 17 62 74 93 80 96 25 3 67 68 15 33 31 32 53 9 57 5 66 90 ]
[ 61 84 86 95 29 41 34 54 5 18 88 74 81 63 67 13 11 44 16 79 12 84 12 44 16 ]
[ 65 53 73 22 71 15 35 7 2 30 89 95 16 43 0 87 31 27 20 94 94 33 6 39 49 ]
[ 37 3 85 1 47 1 18 0 26 92 23 94 28 31 48 10 20 95 27 63 48 66 46 75 86 ]

Running insertion sort algorithm: 
Timer (sort): 21481ms real	18550ms user	10ms sys
The output is sorted!
[ 23 7 44 26 27 56 12 3 15 32 14 24 28 81 59 3 25 4 24 0 2 0 87 85 15 ]
[ 15 14 23 67 3 55 41 26 74 3 69 14 19 25 21 13 30 13 81 26 13 13 0 3 43 ]
[ 13 3 32 9 48 27 27 17 22 40 7 71 45 6 59 35 0 24 83 28 39 5 29 3 42 ]
[ 8 14 73 5 24 60 43 24 1 27 27 53 33 37 27 39 30 21 78 52 5 10 13 16 1 ]
[ 44 24 21 74 16 93 70 1 1 26 4 4 10 40 34 24 25 20 26 50 76 4 7 16 25 ]
[ 4 22 10 33 33 81 5 35 38 14 61 51 25 32 1 12 23 47 7 43 44 0 68 42 8 ]
[ 17 7 37 26 53 16 21 27 35 37 15 13 34 62 99 19 18 41 15 12 2 61 1 63 10 ]
[ 32 1 82 32 0 36 56 11 27 51 48 39 6 9 28 36 9 98 5 9 50 34 6 30 7 ]
[ 2 4 3 31 63 8 14 17 30 20 22 15 14 5 66 13 55 40 66 21 46 67 62 38 28 ]
[ 1 11 24 33 9 82 7 25 2 96 25 36 33 70 9 12 7 27 94 19 56 54 12 4 8 ]
[ 19 5 64 32 81 90 1 11 28 16 8 5 40 30 0 31 32 83 3 78 6 1 45 42 6 ]
[ 19 41 81 0 10 39 12 67 23 74 3 39 38 81 3 42 31 17 9 2 13 68 32 16 0 ]
[ 28 5 23 21 14 54 10 22 29 24 45 58 5 12 1 66 6 8 10 22 61 95 14 77 52 ]
[ 34 12 0 6 45 13 30 1 12 41 22 26 14 20 77 6 98 55 8 79 20 22 61 36 27 ]
[ 24 26 26 64 34 68 0 0 49 10 82 37 36 74 9 35 30 33 5 1 5 92 12 10 4 ]
[ 48 28 25 37 40 13 79 21 20 46 20 28 51 10 12 21 23 32 50 16 58 10 11 10 60 ]
[ 43 54 9 34 0 3 17 46 15 2 20 15 58 12 42 39 28 29 28 76 63 68 14 4 51 ]
[ 8 67 16 35 26 12 27 83 11 28 26 64 36 70 17 20 59 11 48 23 25 38 11 8 5 ]
[ 24 19 21 87 57 15 39 74 20 9 37 14 41 10 32 66 25 18 20 68 26 21 8 2 22 ]
[ 89 7 6 34 6 31 52 6 43 8 12 33 24 37 34 23 64 35 13 10 85 95 19 1 9 ]

Timer (generate): 10ms real	10ms user	0ms sys
[ 33 26 77 25 97 9 96 67 89 76 34 16 0 82 2 34 64 78 50 12 35 33 59 70 5 ]
[ 8 15 50 55 68 99 40 47 28 66 44 89 14 12 79 91 46 95 91 29 49 77 45 28 27 ]
[ 9 63 13 69 86 18 29 53 68 84 73 20 24 20 48 42 65 90 57 29 69 48 75 16 91 ]
[ 56 65 68 54 45 47 63 61 60 32 99 31 13 52 51 97 77 71 74 98 72 16 15 62 25 ]
[ 44 31 25 71 47 16 80 64 36 34 10 36 97 23 48 82 22 79 95 26 31 45 3 54 19 ]
[ 1 26 87 68 40 13 12 71 38 84 70 7 16 87 95 50 97 31 47 72 32 29 94 11 77 ]
[ 20 94 22 23 49 93 77 27 80 97 68 45 10 91 36 46 62 95 62 49 42 12 98 74 11 ]
[ 22 58 93 16 69 70 88 16 44 63 17 37 92 96 69 90 64 15 0 8 3 98 70 50 12 ]
[ 71 92 24 21 18 87 43 76 80 11 98 50 99 14 94 62 83 83 7 79 53 97 44 20 49 ]
[ 52 75 47 74 25 59 97 17 35 70 36 22 65 12 3 28 10 5 79 76 52 93 59 35 0 ]
[ 39 40 97 35 12 46 39 87 93 65 12 4 14 30 39 84 18 14 1 30 69 29 93 26 8 ]
[ 69 78 1 29 66 54 20 58 51 55 71 98 46 58 43 11 71 0 25 53 39 61 71 5 62 ]
[ 53 74 43 46 1 3 68 31 56 49 49 10 69 8 62 76 31 12 22 89 7 33 12 7 10 ]
[ 17 47 71 88 4 33 94 79 28 92 32 31 60 63 87 9 65 98 30 25 60 58 56 24 80 ]
[ 97 31 65 10 39 27 79 38 98 20 42 83 14 73 11 6 5 42 19 21 82 28 38 80 11 ]
[ 63 92 69 19 16 2 68 99 19 30 38 47 10 28 97 30 23 81 44 96 92 2 54 87 21 ]
[ 75 69 2 65 1 65 28 93 34 99 61 88 67 12 60 98 51 59 8 31 56 90 54 37 34 ]
[ 51 82 88 57 21 10 84 90 64 49 43 29 77 88 15 76 49 56 95 13 16 93 64 75 53 ]
[ 48 31 43 2 21 29 5 3 18 62 76 80 46 18 44 47 61 25 24 49 40 52 50 96 0 ]
[ 63 64 93 80 39 99 28 23 42 82 44 72 40 99 42 2 75 22 1 93 18 0 6 43 77 ]

Running insertion sort algorithm: 
Timer (sort): 22946ms real	19820ms user	40ms sys
The output is sorted!
[ 92 0 18 42 48 5 12 73 2 4 1 41 5 2 75 18 15 8 5 68 66 14 55 1 29 ]
[ 6 50 29 18 19 98 22 41 26 38 26 0 0 67 89 7 4 33 9 72 32 2 5 13 1 ]
[ 82 9 52 15 3 20 43 5 9 31 43 1 29 29 36 4 25 33 6 9 18 18 95 49 47 ]
[ 18 2 49 29 15 8 5 7 23 35 62 35 8 52 22 43 13 91 42 36 32 25 14 16 51 ]
[ 13 59 0 93 53 57 14 15 6 10 6 21 4 0 50 52 77 39 49 3 31 11 7 18 56 ]
[ 12 71 0 55 39 0 16 26 6 7 75 73 17 93 5 29 19 12 41 26 25 58 8 20 13 ]
[ 69 25 12 11 5 85 10 5 22 5 8 59 26 13 20 14 60 4 20 67 91 27 41 42 6 ]
[ 47 3 17 0 48 64 22 15 29 7 6 1 44 68 20 32 17 0 61 25 36 42 95 59 1 ]
[ 33 20 1 1 1 17 79 11 72 11 18 2 37 11 89 36 91 9 52 4 1 32 3 56 77 ]
[ 12 41 35 0 49 25 32 71 31 10 17 30 85 18 15 38 71 43 5 5 4 5 98 39 0 ]
[ 46 22 63 36 89 23 25 68 49 35 4 2 7 9 17 1 26 37 5 85 1 6 57 67 0 ]
[ 14 29 3 89 11 3 32 0 48 59 41 38 43 4 10 32 11 74 4 25 3 57 72 7 71 ]
[ 3 10 23 67 80 74 28 4 4 49 17 11 2 42 32 4 4 26 15 78 16 49 24 61 59 ]
[ 6 0 78 47 54 0 27 6 60 32 11 1 58 7 24 50 63 2 0 16 64 51 60 10 55 ]
[ 88 12 47 1 16 21 5 9 25 58 7 14 2 21 77 75 0 0 30 86 58 16 5 32 78 ]
[ 48 62 23 44 46 26 9 64 34 23 27 7 7 27 24 20 32 97 7 10 41 75 11 15 4 ]
[ 93 12 69 2 2 20 84 61 5 47 59 31 33 7 97 5 6 0 1 2 24 11 96 15 2 ]
[ 2 87 14 4 33 39 10 38 51 9 70 10 1 1 83 30 31 33 7 21 31 72 37 29 43 ]
[ 83 22 24 16 13 99 71 6 5 23 7 10 66 22 35 11 71 68 13 1 1 15 5 65 34 ]
[ 10 37 46 13 79 24 43 3 22 19 23 11 99 35 49 44 42 44 15 11 31 1 51 24 12 ]

Timer (generate): 10ms real	10ms user	0ms sys
[ 14 74 88 40 23 99 41 6 70 99 14 90 43 75 35 2 17 6 8 73 36 17 39 48 91 ]
[ 50 22 77 26 6 68 92 32 56 32 7 7 73 13 29 24 80 71 19 55 6 73 24 13 34 ]
[ 97 1 51 36 50 94 38 72 71 65 30 39 57 62 47 42 69 6 67 34 35 44 66 7 63 ]
[ 21 65 37 45 30 71 42 32 74 30 34 68 69 6 39 86 88 30 95 2 29 37 23 35 5 ]
[ 9 70 49 76 29 64 49 95 1 95 25 24 89 9 98 72 43 66 93 1 57 79 89 39 74 ]
[ 43 68 12 66 55 69 76 26 70 52 7 34 1 54 88 48 32 12 90 41 63 14 85 29 7 ]
[ 38 39 86 80 30 60 23 51 24 90 6 93 18 84 15 70 92 50 23 98 38 24 30 50 66 ]
[ 72 13 80 9 95 87 99 86 25 79 68 37 3 19 14 93 26 59 11 10 75 33 54 25 8 ]
[ 53 63 84 83 65 50 7 31 82 68 78 21 68 64 46 47 32 84 50 52 50 95 30 9 58 ]
[ 92 84 91 99 9 52 52 24 36 87 90 87 47 21 69 15 99 91 35 15 89 83 99 25 85 ]
[ 3 75 33 33 85 91 78 21 35 77 31 87 81 7 23 68 97 62 15 70 84 83 21 27 18 ]
[ 88 16 53 88 42 91 91 69 24 77 54 67 55 76 2 84 59 89 65 66 65 85 16 27 1 ]
[ 38 11 36 60 38 6 0 7 12 88 1 3 32 70 79 61 77 98 68 5 1 52 16 42 17 ]
[ 34 59 54 50 87 7 89 50 43 1 41 2 1 0 14 42 1 69 26 71 48 87 0 46 55 ]
[ 5 99 7 21 94 76 56 53 30 58 92 38 99 43 33 52 36 35 6 36 49 48 89 18 74 ]
[ 12 18 61 13 17 68 70 16 75 92 10 3 0 16 33 10 8 23 10 3 57 14 39 92 20 ]
[ 27 94 20 68 12 94 81 83 7 94 0 75 64 16 2 8 79 5 60 95 91 71 3 66 33 ]
[ 59 23 47 50 68 20 78 14 40 98 26 87 79 9 94 73 61 22 38 78 76 98 9 34 59 ]
[ 4 77 82 59 43 67 18 19 66 21 39 86 99 53 27 49 79 14 29 41 60 2 2 34 92 ]
[ 32 11 91 93 97 2 49 74 36 9 69 3 79 88 69 0 27 56 51 80 83 1 12 49 30 ]

Running insertion sort algorithm: 
Timer (sort): 20255ms real	16650ms user	110ms sys
The output is sorted!
[ 50 16 68 26 8 17 12 19 22 52 24 14 17 26 19 29 19 78 14 4 32 1 73 15 10 ]
[ 8 3 10 23 74 26 28 50 13 25 17 94 9 1 35 9 78 72 2 10 17 0 12 20 37 ]
[ 20 6 45 21 16 24 11 20 0 59 17 36 7 27 20 33 25 22 77 47 19 79 1 11 66 ]
[ 2 23 32 39 27 40 59 47 10 22 5 39 34 55 41 9 70 8 17 41 33 1 12 17 29 ]
[ 3 48 25 34 34 48 62 6 52 84 28 15 9 35 10 37 5 10 6 28 17 9 14 95 2 ]
[ 4 2 69 1 13 5 68 50 20 34 26 28 21 10 18 92 26 11 37 15 27 29 21 46 51 ]
[ 79 12 28 32 17 39 53 34 16 8 42 4 71 38 22 7 52 10 16 39 5 24 84 3 3 ]
[ 1 22 54 1 1 19 14 2 21 22 20 43 48 97 22 8 65 4 39 32 32 79 16 72 17 ]
[ 11 9 37 13 47 56 6 90 22 62 5 39 38 24 20 23 38 42 51 10 39 38 21 5 25 ]
[ 29 18 36 42 5 9 26 73 80 22 12 18 21 1 88 0 19 69 29 22 18 7 25 70 34 ]
[ 5 29 2 60 51 48 51 30 51 96 9 34 1 24 24 14 72 41 25 1 39 5 45 15 1 ]
[ 34 2 7 2 5 33 86 40 2 3 14 91 93 29 22 35 28 8 19 63 43 80 5 3 27 ]
[ 73 3 49 13 49 9 0 74 17 26 24 30 43 32 18 61 1 59 27 8 18 58 58 16 9 ]
[ 19 53 66 30 77 8 19 13 63 43 16 5 43 7 58 14 4 70 24 26 7 0 67 6 41 ]
[ 12 18 61 13 17 68 70 16 75 92 10 3 0 16 33 10 8 23 10 3 57 14 39 92 20 ]
[ 12 22 19 69 97 21 5 3 31 23 29 17 25 18 12 38 74 45 21 83 18 11 25 44 21 ]
[ 95 2 17 1 24 35 2 47 1 23 9 10 54 46 30 92 26 10 13 17 97 8 25 98 2 ]
[ 16 33 30 24 70 32 8 59 30 57 38 16 37 44 17 6 6 35 1 22 4 32 92 9 70 ]
[ 5 17 41 36 81 6 76 19 82 0 1 34 16 69 1 3 2 6 99 33 84 38 26 0 15 ]
[ 11 13 30 2 9 3 73 24 0 75 52 34 5 70 13 99 71 64 3 5 33 4 14 5 78 ]

Timer (generate): 9ms real	10ms user	0ms sys
[ 12 78 68 25 91 88 10 82 99 84 97 57 95 15 73 29 11 38 21 0 41 27 37 41 53 ]
[ 65 31 66 94 27 47 7 57 67 32 48 55 95 83 6 79 80 63 27 47 88 56 59 27 77 ]
[ 11 20 5 0 61 10 17 92 76 11 71 75 18 28 42 3 29 97 98 64 55 29 44 70 56 ]
[ 43 59 64 54 38 42 65 58 99 17 71 9 34 63 38 98 34 13 16 14 56 71 95 5 69 ]
[ 59 13 51 55 83 59 99 42 24 53 32 18 71 90 69 88 13 78 75 76 68 25 62 82 41 ]
[ 29 90 65 24 47 86 36 60 37 91 44 97 42 38 73 96 71 43 19 13 12 59 79 90 34 ]
[ 55 59 59 70 93 53 99 35 70 75 82 56 63 95 46 7 91 43 49 81 68 97 52 11 16 ]
[ 18 23 76 97 65 62 4 76 74 74 21 79 25 56 49 53 91 57 16 86 3 23 29 98 25 ]
[ 10 66 22 15 29 91 85 52 19 34 70 81 38 98 7 65 20 38 42 76 39 95 19 97 64 ]
[ 57 0 39 86 99 64 97 17 39 64 47 30 49 51 49 83 73 82 73 72 42 90 92 80 33 ]
[ 20 20 80 40 17 44 97 69 36 36 20 0 85 90 91 49 37 21 98 40 70 33 66 5 6 ]
[ 38 47 97 82 27 82 2 99 62 94 16 59 44 38 47 80 58 47 17 48 91 66 37 12 16 ]
[ 30 35 1 48 40 7 86 87 56 20 66 90 74 66 53 69 34 64 65 72 11 97 83 10 14 ]
[ 83 1 32 73 66 48 3 1 49 3 93 8 89 32 17 61 98 7 35 16 12 56 51 28 73 ]
[ 75 39 70 10 50 36 94 3 68 67 69 68 22 22 69 25 15 30 66 47 47 79 98 6 14 ]
[ 14 71 23 17 99 96 45 39 19 55 41 55 1 96 24 20 66 92 94 88 62 19 56 44 37 ]
[ 3 91 68 53 49 83 68 20 58 37 20 54 82 11 73 38 52 81 39 48 5 60 66 49 54 ]
[ 7 63 26 63 7 15 18 50 84 72 0 19 92 72 77 29 44 83 12 55 9 2 59 90 93 ]
[ 60 47 5 26 48 12 85 12 90 48 71 5 67 74 41 91 26 12 83 98 89 64 43 25 28 ]
[ 50 34 30 10 76 76 70 75 81 48 23 93 34 87 83 34 59 41 53 85 82 44 11 95 27 ]

Running insertion sort algorithm: 
Timer (sort): 17032ms real	15930ms user	60ms sys
The output is sorted!
[ 10 12 23 59 9 2 47 12 26 7 22 28 45 44 69 44 41 29 13 30 2 15 8 36 3 ]
[ 20 3 38 17 34 69 8 31 73 5 28 7 22 26 48 12 16 45 10 25 5 19 18 38 38 ]
[ 9 25 24 12 17 4 0 31 4 23 29 9 73 45 96 46 8 15 76 2 85 35 18 23 1 ]
[ 37 51 48 86 1 45 74 16 28 31 12 63 6 2 77 1 10 83 10 1 0 8 7 14 12 ]
[ 14 21 47 23 3 26 52 11 60 0 44 28 25 23 11 29 55 3 62 16 23 35 16 96 5 ]
[ 86 2 36 51 21 16 83 16 29 8 18 27 9 39 24 6 46 4 58 17 27 5 27 21 56 ]
[ 32 33 21 21 1 55 0 51 17 33 88 3 13 11 22 98 30 18 36 8 1 38 19 76 20 ]
[ 45 40 68 16 46 19 50 31 11 2 56 20 36 50 1 32 70 5 35 1 1 69 10 15 24 ]
[ 33 33 7 21 21 63 37 22 23 35 11 42 38 9 7 27 7 94 53 5 92 8 23 28 17 ]
[ 71 37 14 45 10 79 31 46 87 89 15 27 28 34 0 7 2 4 43 1 16 4 29 18 23 ]
[ 39 35 76 1 7 35 12 28 14 1 22 88 15 31 26 75 34 10 0 6 29 60 39 15 72 ]
[ 1 44 0 41 69 17 12 17 59 31 7 17 14 28 3 90 66 95 15 42 10 22 0 2 74 ]
[ 14 79 95 90 20 4 9 20 71 14 3 15 6 4 36 6 25 38 47 73 67 5 21 6 10 ]
[ 58 78 52 41 14 0 14 2 58 21 21 13 0 66 37 76 11 29 38 24 6 34 28 32 26 ]
[ 4 19 52 2 61 18 8 85 3 81 7 5 97 83 5 20 6 55 43 4 1 11 4 41 65 ]
[ 58 1 59 66 10 30 43 36 22 14 37 16 6 38 62 16 68 5 9 7 6 80 4 83 5 ]
[ 3 47 9 55 39 57 1 23 36 45 12 27 83 23 10 72 2 69 12 32 28 25 18 16 39 ]
[ 11 2 45 34 59 8 20 41 0 8 70 11 51 71 4 11 1 90 15 25 99 39 14 24 34 ]
[ 52 6 34 3 35 90 21 69 59 17 38 10 57 59 2 75 22 8 8 10 20 3 14 0 76 ]
[ 60 60 43 37 41 2 22 1 11 79 9 48 43 92 23 23 8 17 86 7 17 0 9 0 50 ]

Timer (generate): 10ms real	10ms user	0ms sys
[ 40 16 53 76 81 50 63 95 80 40 40 37 54 71 92 7 97 25 96 49 14 3 2 98 70 ]
[ 30 97 30 64 37 59 4 54 13 80 35 63 95 82 95 36 75 33 42 46 25 49 43 2 97 ]
[ 45 17 1 47 15 23 77 64 6 93 2 65 97 8 78 30 95 42 25 77 89 13 52 22 7 ]
[ 50 99 8 46 2 6 91 71 59 90 38 82 19 54 88 13 8 54 10 16 84 40 11 26 18 ]
[ 41 16 83 45 90 91 96 90 99 42 44 5 85 15 16 75 5 99 94 59 39 59 68 45 70 ]
[ 36 30 62 0 8 32 41 76 16 86 67 7 82 9 58 76 53 16 61 20 32 88 25 83 35 ]
[ 36 23 94 56 20 64 93 50 79 93 59 63 34 35 79 72 54 38 7 63 97 83 16 13 97 ]
[ 88 97 85 13 81 20 2 56 15 58 76 31 51 79 62 96 38 26 82 25 57 55 80 96 62 ]
[ 95 93 97 64 58 94 52 55 32 18 88 4 20 44 71 30 73 55 82 52 17 30 42 95 13 ]
[ 19 53 68 51 49 82 47 94 79 63 52 26 15 7 10 85 48 14 5 92 86 36 17 93 70 ]
[ 21 10 0 15 58 65 87 11 85 38 12 67 37 6 99 0 58 77 16 17 87 53 65 53 59 ]
[ 10 91 47 79 84 69 1 47 21 68 5 87 55 68 72 94 80 92 83 86 91 84 96 20 52 ]
[ 65 7 5 83 60 16 93 4 15 72 88 36 25 35 58 94 40 97 49 8 69 95 40 61 79 ]
[ 26 4 15 74 24 19 40 83 76 23 96 93 68 0 60 92 88 97 18 76 7 64 68 4 65 ]
[ 29 25 61 69 39 92 48 43 59 22 20 78 62 3 54 37 51 99 5 51 12 50 92 9 68 ]
[ 68 68 84 36 24 49 17 49 62 87 88 6 35 84 65 57 4 95 72 59 50 9 11 1 67 ]
[ 62 13 17 54 74 37 74 94 73 63 18 22 80 68 37 67 8 43 54 92 9 12 96 56 36 ]
[ 56 58 97 67 60 16 81 25 33 88 0 22 14 46 95 77 65 70 10 85 7 29 93 2 84 ]
[ 86 63 48 34 20 36 90 78 33 9 38 50 43 64 35 31 16 58 97 14 5 75 79 27 37 ]
[ 64 86 66 58 89 2 96 52 50 30 72 86 73 51 72 34 41 22 77 57 57 60 25 67 58 ]

Running insertion sort algorithm: 
Timer (sort): 16661ms real	15810ms user	0ms sys
The output is sorted!
[ 32 38 63 62 5 1 42 44 2 1 10 3 22 0 30 73 30 47 29 47 14 30 1 35 11 ]
[ 38 14 6 29 14 46 4 37 30 59 21 27 33 17 37 23 1 36 4 28 69 2 29 19 83 ]
[ 10 24 5 72 11 28 25 0 31 5 26 21 67 21 54 55 9 27 8 61 41 26 43 18 25 ]
[ 57 39 33 63 43 29 6 20 7 92 19 25 3 22 15 4 19 30 0 9 66 48 39 9 45 ]
[ 27 51 27 35 3 30 5 4 21 39 11 7 2 54 34 21 20 44 66 71 14 73 25 23 51 ]
[ 92 91 7 5 33 4 68 5 47 31 65 7 14 1 44 8 45 29 35 1 66 33 6 9 19 ]
[ 59 48 15 7 10 36 16 15 3 56 43 9 27 5 28 37 0 86 6 47 10 19 58 68 58 ]
[ 10 9 1 45 60 1 8 40 21 1 34 12 21 66 78 36 13 62 10 48 91 9 20 33 37 ]
[ 4 16 13 3 5 68 61 2 27 19 10 83 45 27 6 62 15 84 6 2 40 34 5 34 98 ]
[ 65 55 3 31 26 12 22 6 9 1 63 66 12 17 42 18 46 23 18 25 30 23 72 23 64 ]
[ 13 57 7 75 28 10 78 63 3 13 36 64 19 21 17 31 56 18 25 20 7 9 23 66 18 ]
[ 23 14 5 64 50 3 15 17 90 66 10 21 11 8 50 36 20 18 38 69 33 13 9 94 6 ]
[ 38 12 12 32 48 90 9 81 0 8 34 12 47 23 43 13 7 91 10 31 5 67 45 16 11 ]
[ 81 72 71 4 23 11 3 2 15 0 84 49 53 29 40 39 10 44 21 56 1 4 25 21 27 ]
[ 37 4 0 20 30 40 61 21 70 38 15 67 73 9 48 14 40 34 1 8 25 69 14 0 49 ]
[ 48 74 64 5 18 31 11 6 65 24 48 2 26 5 50 8 14 55 10 50 20 39 2 57 68 ]
[ 65 10 47 2 19 34 10 27 49 4 29 0 99 84 2 0 4 2 68 69 19 15 32 13 97 ]
[ 84 33 10 8 39 27 37 15 73 13 79 16 49 9 50 11 21 33 58 39 2 34 37 18 5 ]
[ 91 82 12 41 20 41 6 41 17 16 18 55 27 6 7 68 3 6 19 34 44 21 25 49 54 ]
[ 23 3 2 35 42 39 90 6 92 16 6 25 4 56 25 11 8 21 44 38 8 91 48 0 72 ]

Timer (generate): 26ms real	10ms user	0ms sys
[ 14 83 6 52 37 57 28 20 42 91 33 75 91 41 21 31 69 61 41 11 69 66 57 42 87 ]
[ 96 65 23 85 0 95 99 83 1 4 72 59 84 44 53 75 78 80 19 71 1 2 92 62 43 ]
[ 3 32 10 60 26 97 8 92 20 93 44 16 45 27 69 49 51 80 33 96 85 60 26 65 79 ]
[ 97 19 82 42 33 77 97 17 87 58 44 37 18 88 57 64 32 25 9 11 47 58 62 27 43 ]
[ 10 13 55 36 30 87 86 49 69 28 83 98 77 0 86 35 96 23 6 84 32 70 16 10 79 ]
[ 79 57 89 94 84 84 4 49 39 93 80 26 31 81 47 11 64 46 88 17 84 76 13 7 82 ]
[ 98 91 4 66 1 35 98 58 24 92 95 60 48 44 99 93 76 78 76 58 77 87 74 23 28 ]
[ 91 7 56 57 66 38 7 58 94 25 59 29 23 70 5 67 65 65 68 61 16 13 90 94 90 ]
[ 0 72 29 74 47 57 18 7 13 27 25 3 34 83 97 11 95 78 35 17 83 54 82 48 74 ]
[ 95 65 88 37 11 78 37 83 7 64 83 17 34 90 82 61 15 86 47 51 35 58 98 14 45 ]
[ 15 49 52 49 98 26 96 15 14 34 26 44 23 10 4 87 93 21 73 35 3 86 2 41 33 ]
[ 5 77 44 3 43 41 70 92 93 71 42 72 68 57 86 54 84 83 77 46 87 17 91 8 90 ]
[ 26 63 77 80 5 62 86 82 6 41 77 48 12 21 93 35 64 65 3 21 4 57 57 87 87 ]
[ 3 74 4 94 34 94 72 97 23 53 2 86 91 36 92 32 65 92 96 87 86 32 51 51 87 ]
[ 24 55 97 82 42 84 85 68 40 80 2 34 4 0 58 57 54 44 48 91 88 33 8 81 29 ]
[ 95 67 13 46 70 1 23 26 50 5 20 86 42 89 26 74 43 12 79 95 70 36 50 66 37 ]
[ 93 7 70 1 88 99 97 7 65 95 77 66 18 55 68 75 28 54 18 69 80 44 12 92 23 ]
[ 8 15 12 58 33 49 3 40 19 4 28 70 53 87 35 49 17 53 19 72 21 47 52 75 17 ]
[ 21 7 61 86 0 85 94 67 97 4 0 98 7 41 69 63 21 39 17 9 27 18 78 32 89 ]
[ 50 6 36 55 33 53 76 41 67 62 93 52 8 60 1 64 12 51 71 53 20 87 27 11 4 ]

Running insertion sort algorithm: 
Timer (sort): 16774ms real	16010ms user	50ms sys
The output is sorted!
[ 13 22 58 22 28 3 12 0 76 77 30 1 10 90 3 35 2 6 18 4 55 8 0 4 41 ]
[ 57 26 64 3 55 19 57 39 79 37 12 9 9 11 19 8 12 3 42 4 65 13 15 24 13 ]
[ 71 6 0 18 0 55 19 43 31 23 2 18 74 36 35 26 13 54 26 3 18 48 40 39 2 ]
[ 9 73 92 20 6 77 19 15 39 3 5 75 2 41 70 10 20 11 2 24 10 12 12 59 13 ]
[ 25 8 7 44 3 52 57 11 21 1 80 55 2 24 44 83 7 18 49 13 13 17 29 53 13 ]
[ 33 34 28 39 59 24 11 45 0 7 8 93 37 18 25 61 42 41 16 5 52 29 2 16 16 ]
[ 34 11 27 12 37 1 86 0 12 6 4 17 38 28 27 68 37 34 47 0 3 95 18 61 39 ]
[ 27 77 15 18 28 1 35 27 51 22 10 36 58 21 20 18 18 52 52 5 49 39 39 8 19 ]
[ 22 2 2 3 70 1 18 71 32 83 55 15 61 49 34 42 10 20 5 14 28 5 5 94 4 ]
[ 98 31 0 31 39 64 11 41 30 35 62 14 9 20 1 6 0 0 6 73 37 26 7 40 75 ]
[ 11 51 17 47 9 13 7 32 72 14 26 16 41 45 14 9 12 3 4 69 86 84 50 29 7 ]
[ 8 9 78 82 15 10 5 47 13 9 25 2 79 45 57 31 49 17 41 11 72 35 3 14 12 ]
[ 81 24 86 20 54 5 5 51 50 8 25 52 51 39 0 17 18 14 13 23 3 5 61 10 54 ]
[ 5 19 89 11 35 8 28 4 5 30 11 2 92 71 52 45 51 13 50 88 6 7 17 18 13 ]
[ 38 26 96 6 6 37 16 79 29 42 23 64 1 60 0 4 22 37 10 6 2 63 50 31 23 ]
[ 27 11 56 26 18 71 65 20 94 86 19 7 12 3 10 34 2 13 25 30 0 1 29 97 16 ]
[ 49 0 43 52 0 18 36 66 22 25 71 9 15 4 30 5 34 45 3 35 3 90 24 10 88 ]
[ 5 7 19 69 0 6 31 5 15 15 51 9 79 31 29 34 27 24 55 23 99 12 38 51 43 ]
[ 42 6 36 27 2 72 20 32 4 60 30 40 34 13 28 7 45 0 9 68 25 94 9 22 53 ]
[ 40 54 36 87 3 15 87 34 84 24 20 0 20 7 21 18 38 53 8 2 47 40 30 4 7 ]

Timer (generate): 10ms real	10ms user	0ms sys
[ 53 74 17 53 90 61 37 39 8 3 86 48 58 85 93 34 13 19 5 7 54 35 41 83 72 ]
[ 83 2 48 77 36 10 31 62 27 84 4 88 73 43 49 77 30 97 87 67 91 73 81 62 78 ]
[ 40 68 13 81 3 38 16 58 86 94 94 96 77 56 75 13 12 16 87 56 65 16 38 62 55 ]
[ 5 5 80 38 67 10 78 87 76 11 91 14 80 49 0 74 95 48 3 3 23 16 15 39 55 ]
[ 71 4 23 61 19 78 19 24 10 57 44 21 88 31 97 99 22 11 79 23 63 5 18 11 8 ]
[ 21 86 25 37 26 80 60 82 4 22 1 34 93 78 45 2 22 18 90 5 15 42 80 78 21 ]
[ 3 41 79 74 4 87 95 42 64 84 68 97 97 3 53 71 4 39 64 34 36 66 8 54 57 ]
[ 14 69 99 94 99 72 49 40 3 75 96 91 71 39 7 7 59 4 4 62 9 75 19 49 39 ]
[ 5 85 58 14 40 67 28 61 18 74 61 42 75 1 46 51 50 89 74 41 96 81 0 53 38 ]
[ 15 62 13 86 11 5 91 97 15 5 37 82 85 50 0 11 11 42 87 65 88 38 15 77 64 ]
[ 56 26 45 8 79 35 75 41 1 61 5 58 5 2 73 62 91 55 48 41 7 11 53 1 98 ]
[ 70 42 88 85 71 52 93 97 50 1 76 85 77 70 86 90 75 44 47 29 69 10 20 76 10 ]
[ 13 83 21 18 37 72 88 79 60 25 50 65 18 48 15 72 76 0 1 98 39 43 73 35 91 ]
[ 2 5 1 74 33 11 40 69 84 58 6 56 99 85 69 24 87 34 95 87 49 67 64 1 68 ]
[ 62 40 63 88 28 54 42 85 55 17 18 18 57 87 3 67 45 11 66 82 80 91 70 14 86 ]
[ 57 63 5 73 65 25 88 57 88 28 37 43 70 22 50 39 93 69 96 32 24 16 78 35 82 ]
[ 12 16 25 34 30 63 92 46 68 17 63 93 57 20 34 85 10 77 8 84 27 47 77 48 44 ]
[ 62 72 60 40 8 94 4 24 20 39 6 83 83 52 4 0 15 49 10 88 83 47 98 60 55 ]
[ 82 40 3 12 88 47 74 61 59 66 21 5 70 45 25 9 51 61 92 4 65 45 71 14 7 ]
[ 59 98 54 9 10 10 92 2 13 56 43 12 30 56 23 48 77 28 18 22 6 80 25 67 24 ]

Running insertion sort algorithm: 
Timer (sort): 17013ms real	16010ms user	250ms sys
The output is sorted!
[ 16 4 48 35 26 33 3 3 18 5 35 75 0 28 79 11 7 6 24 45 77 23 34 27 10 ]
[ 1 9 3 30 31 0 50 30 28 86 3 51 69 3 21 89 31 17 21 1 48 13 11 22 42 ]
[ 1 15 35 2 5 5 51 37 3 43 28 46 77 4 22 62 95 8 0 1 23 27 41 50 42 ]
[ 17 60 20 5 9 5 79 4 52 29 68 82 27 8 36 7 3 17 12 28 41 7 39 63 20 ]
[ 31 7 60 40 6 27 53 27 2 6 86 19 11 49 31 61 16 38 27 1 23 10 58 26 23 ]
[ 20 13 15 33 26 22 6 29 63 21 68 77 15 18 50 32 4 9 0 37 29 5 94 12 50 ]
[ 92 5 38 31 21 19 23 53 25 35 8 10 33 9 5 38 46 81 16 9 9 55 2 5 90 ]
[ 10 9 38 0 21 69 33 1 24 46 9 49 44 1 34 48 30 1 13 45 57 12 65 84 17 ]
[ 35 35 10 14 40 18 8 49 16 27 41 22 16 12 15 72 79 12 59 11 7 9 25 90 39 ]
[ 28 6 16 10 43 40 8 15 24 31 80 0 38 44 85 63 10 2 9 73 27 69 16 22 4 ]
[ 4 12 31 40 23 43 51 0 21 95 22 16 30 23 22 17 12 95 21 19 10 48 64 0 52 ]
[ 83 25 7 24 3 2 17 15 20 3 99 33 60 43 29 47 1 66 9 86 57 4 16 14 10 ]
[ 1 16 26 2 10 86 9 43 11 33 7 24 12 31 68 50 18 62 78 3 60 1 89 1 32 ]
[ 15 28 29 4 23 4 82 21 47 30 0 15 2 52 7 77 34 11 19 57 91 53 65 7 2 ]
[ 17 18 1 45 5 31 0 49 37 57 14 20 52 32 30 4 27 49 4 46 40 57 47 28 70 ]
[ 57 5 83 49 62 3 4 13 16 71 30 87 4 44 34 17 8 13 0 4 81 1 13 33 55 ]
[ 11 14 28 12 30 13 30 30 14 14 70 23 29 92 14 57 11 61 32 68 15 33 2 28 56 ]
[ 44 58 53 0 66 51 16 3 56 3 46 25 37 79 25 38 2 36 15 3 47 46 29 3 9 ]
[ 0 16 52 53 12 71 9 24 33 29 10 20 62 52 48 56 39 24 2 7 6 71 5 44 46 ]
[ 39 68 58 7 28 95 5 22 16 49 21 74 2 52 0 2 91 4 11 13 24 24 56 29 1 ]

