Timer (generate): 40ms real	40ms user	0ms sys
[ 90 11 57 65 58 76 15 49 0 70 71 75 64 63 48 86 20 60 35 81 88 84 80 75 68 ]
[ 80 0 84 1 80 47 43 91 4 8 1 33 24 51 33 46 74 60 10 37 8 49 57 21 84 ]
[ 38 9 20 70 36 88 50 37 73 3 69 20 46 12 76 7 13 9 31 16 94 77 90 54 39 ]
[ 79 15 40 36 36 76 26 97 97 49 34 85 99 23 10 55 44 82 53 56 59 60 21 20 43 ]
[ 90 15 72 32 69 12 12 36 4 48 72 81 27 22 30 76 8 67 27 83 78 82 27 60 36 ]
[ 35 71 96 8 92 40 50 59 12 83 80 76 95 17 33 43 41 66 22 63 96 98 23 63 26 ]
[ 6 93 60 85 6 96 72 77 45 33 21 37 83 80 1 66 61 30 61 78 63 57 71 29 79 ]
[ 35 25 30 10 40 56 17 86 16 54 92 65 27 69 62 12 91 99 95 23 52 14 84 82 75 ]
[ 14 97 84 86 26 64 21 3 46 83 96 2 52 82 70 7 26 87 86 95 49 98 38 0 45 ]
[ 62 53 59 98 87 35 13 85 19 99 63 35 72 67 81 55 15 35 8 97 58 67 75 97 53 ]
[ 22 47 51 61 99 96 75 4 8 25 92 43 38 29 14 37 92 2 61 11 35 17 26 23 77 ]
[ 75 33 44 50 30 97 73 29 0 86 29 48 13 85 56 38 77 51 29 58 18 18 51 20 80 ]
[ 14 7 49 41 30 26 68 63 22 71 46 19 44 75 71 82 56 71 47 42 28 85 71 31 66 ]
[ 30 49 85 81 21 17 95 29 66 88 11 44 9 27 66 80 73 37 24 0 8 58 57 79 5 ]
[ 99 59 42 70 43 9 52 92 46 85 66 63 33 95 81 21 58 25 30 37 91 10 10 28 86 ]
[ 63 88 96 20 19 1 71 31 96 93 74 5 46 18 3 31 84 18 64 31 99 38 90 76 20 ]
[ 27 67 31 90 47 69 53 87 66 25 6 19 96 89 15 41 63 72 87 82 75 71 66 93 35 ]
[ 98 92 25 40 20 46 19 87 77 61 86 98 66 25 16 91 84 36 39 73 51 81 37 24 20 ]
[ 71 99 91 37 45 79 87 89 4 79 10 50 99 49 79 12 88 78 79 13 94 22 97 82 62 ]
[ 23 34 95 60 58 67 83 9 11 72 54 90 60 96 94 91 6 97 42 55 76 55 43 6 86 ]

Running insertion sort algorithm: 
Timer (generate): 40ms real	40ms user	0ms sys
[ 30 85 63 64 89 95 25 61 7 62 26 26 46 26 68 39 75 7 93 17 20 9 91 98 19 ]
[ 98 94 10 40 36 98 22 21 62 38 10 57 15 71 64 77 50 42 75 76 62 14 3 70 59 ]
[ 72 42 68 63 92 40 13 39 2 5 75 0 27 49 62 17 59 72 32 83 88 9 33 31 36 ]
[ 61 45 50 17 67 10 41 10 30 57 54 22 70 93 24 28 69 77 7 18 39 25 29 63 57 ]
[ 64 52 19 49 35 55 63 80 58 32 48 20 73 10 2 30 64 25 53 10 1 81 79 78 88 ]
[ 49 18 65 30 81 23 47 85 94 96 20 1 11 1 59 43 1 31 17 11 34 99 27 59 4 ]
[ 37 60 85 68 91 26 69 61 91 52 94 66 99 80 12 95 0 66 59 53 25 2 54 9 71 ]
[ 17 43 71 45 54 75 34 66 13 3 57 91 24 18 34 76 13 53 75 45 65 23 45 31 82 ]
[ 99 9 36 5 70 8 23 13 79 20 19 6 54 85 71 9 95 62 34 13 97 62 78 50 38 ]
[ 75 67 13 21 51 47 72 12 83 77 82 91 52 95 22 72 14 29 27 51 0 88 46 15 22 ]
[ 12 12 85 42 14 75 18 33 88 91 84 35 63 96 70 92 30 62 97 77 84 69 43 65 48 ]
[ 95 18 37 41 33 11 5 97 96 48 11 23 66 96 11 57 81 98 72 29 69 16 12 83 65 ]
[ 89 67 35 33 85 35 28 3 72 21 36 84 27 33 32 27 96 56 93 92 19 2 25 70 26 ]
[ 7 91 42 19 74 8 60 93 95 93 78 30 73 81 55 95 69 91 74 54 23 1 2 31 46 ]
[ 47 51 48 72 73 74 31 64 68 2 38 28 63 31 75 56 62 58 82 43 13 77 65 4 3 ]
[ 19 79 56 22 11 2 21 14 2 93 39 28 77 3 48 79 93 29 94 76 4 3 38 62 85 ]
[ 34 27 14 99 83 17 70 15 25 44 26 27 65 92 81 11 31 9 88 86 9 19 79 38 14 ]
[ 7 43 69 46 57 54 32 37 68 31 72 85 1 87 10 98 65 89 63 9 70 74 40 31 62 ]
[ 78 40 34 57 31 0 65 74 69 63 83 23 95 72 91 78 45 28 31 84 90 29 50 79 93 ]
[ 59 1 67 52 84 82 30 76 68 40 7 68 57 33 89 20 17 12 15 41 55 93 38 35 24 ]

Running insertion sort algorithm: 
Timer (generate): 40ms real	40ms user	0ms sys
[ 77 47 89 89 7 89 41 91 19 24 62 87 26 96 91 6 23 10 63 65 84 44 30 61 2 ]
[ 7 57 51 6 47 27 83 94 68 24 53 9 17 96 80 94 58 68 20 54 11 78 30 21 93 ]
[ 95 5 38 78 66 92 85 75 43 91 23 22 27 69 91 3 75 52 21 71 33 15 82 53 87 ]
[ 36 64 17 18 85 11 14 90 1 92 8 93 29 35 89 73 10 11 52 32 54 55 7 7 28 ]
[ 78 40 43 60 93 82 49 57 0 67 94 11 81 36 12 25 96 57 7 31 46 80 94 58 32 ]
[ 26 64 87 33 71 16 11 63 11 72 8 94 21 65 46 40 11 57 22 47 21 99 43 78 6 ]
[ 27 25 38 21 35 70 47 51 10 32 23 78 43 38 89 15 47 35 88 64 33 29 76 90 3 ]
[ 23 63 54 19 42 13 98 19 51 19 6 74 18 57 36 50 32 14 93 71 55 61 18 43 1 ]
[ 82 76 82 10 67 85 86 30 92 5 24 5 55 95 8 74 1 34 44 59 70 94 91 84 39 ]
[ 62 92 52 32 35 54 67 11 88 77 30 26 15 13 18 72 37 75 27 85 35 1 86 70 45 ]
[ 45 40 91 89 77 31 51 69 35 36 4 89 3 67 30 32 98 56 48 11 74 20 0 1 48 ]
[ 85 36 49 24 6 47 69 99 38 58 28 21 62 97 57 98 53 98 1 20 80 85 70 36 33 ]
[ 33 10 54 86 11 2 23 0 3 47 6 50 69 57 41 79 85 14 93 82 23 91 87 74 44 ]
[ 60 54 30 30 91 63 16 53 69 2 17 71 25 17 75 25 75 77 46 33 70 25 18 37 19 ]
[ 53 60 62 92 86 59 52 41 89 35 84 4 51 89 74 5 6 97 82 75 24 7 51 2 53 ]
[ 36 24 31 6 61 50 11 74 64 4 60 23 8 53 64 43 89 69 46 79 95 51 37 44 34 ]
[ 13 69 93 16 23 99 52 47 30 58 61 32 70 35 96 74 95 20 82 1 84 78 90 5 24 ]
[ 69 52 28 7 97 14 72 18 7 88 41 6 40 40 88 50 1 20 20 88 17 46 84 37 81 ]
[ 37 73 59 27 79 35 49 83 15 8 32 29 80 50 89 20 43 95 60 84 84 10 37 56 83 ]
[ 26 73 29 62 62 62 99 88 73 78 67 61 79 2 76 87 35 6 19 85 95 91 81 42 3 ]

Running insertion sort algorithm: 
Timer (generate): 41ms real	40ms user	0ms sys
[ 27 88 51 85 71 19 14 86 75 33 79 3 36 90 49 57 0 51 50 7 51 30 7 38 19 ]
[ 6 89 44 65 3 94 44 91 98 30 62 69 44 0 44 29 32 0 18 22 49 75 74 53 25 ]
[ 34 4 7 93 94 78 0 83 22 65 86 69 62 29 67 92 43 36 88 96 33 69 28 85 87 ]
[ 2 86 62 29 91 39 63 95 98 56 89 76 56 25 51 74 11 20 36 93 39 80 36 75 20 ]
[ 84 60 89 12 97 77 67 84 91 96 75 83 11 23 81 19 64 10 28 89 61 2 53 33 90 ]
[ 46 72 70 34 99 42 19 60 31 83 57 60 50 93 52 98 21 87 9 44 20 29 8 30 57 ]
[ 98 43 11 51 76 1 49 48 23 35 0 65 54 60 96 90 69 9 92 15 61 91 36 0 0 ]
[ 32 20 29 40 3 38 90 46 49 93 75 50 42 75 25 30 75 90 84 35 39 26 57 48 19 ]
[ 72 61 10 60 61 62 92 33 92 84 36 82 75 35 32 20 10 34 15 85 60 45 61 50 29 ]
[ 48 41 8 57 89 27 29 50 89 41 63 51 85 97 95 70 33 78 45 20 62 17 30 96 32 ]
[ 68 8 77 29 11 59 77 52 67 35 42 46 16 44 35 10 8 38 95 5 34 65 90 64 62 ]
[ 11 26 80 93 74 64 61 83 42 42 94 1 20 46 68 7 40 14 75 85 1 37 93 39 33 ]
[ 50 25 50 40 89 65 3 67 97 49 42 61 10 25 3 53 71 4 25 17 24 84 10 90 11 ]
[ 95 43 49 40 35 34 90 60 36 82 2 1 38 69 98 87 63 12 49 40 15 54 11 72 79 ]
[ 81 48 15 91 91 79 38 34 28 78 69 14 20 82 50 2 84 4 40 5 54 27 21 66 29 ]
[ 61 34 83 25 58 63 58 6 30 1 97 9 39 84 89 69 53 3 89 87 6 91 23 10 84 ]
[ 29 64 63 2 31 92 63 17 76 40 75 91 98 33 21 51 31 31 42 67 72 11 20 76 0 ]
[ 60 82 44 83 92 28 64 8 43 66 91 36 82 8 12 22 83 3 73 17 76 76 0 59 19 ]
[ 67 32 30 39 8 83 99 42 79 83 86 59 47 94 2 66 86 38 48 46 2 70 82 57 95 ]
[ 51 34 72 51 45 91 70 77 73 61 37 56 61 79 87 96 17 46 95 12 49 61 50 39 9 ]

Running insertion sort algorithm: 
Timer (generate): 40ms real	40ms user	0ms sys
[ 49 61 81 59 86 87 97 66 8 15 57 65 32 64 1 62 44 64 68 3 6 0 51 75 94 ]
[ 34 48 95 21 74 1 22 35 35 33 73 74 31 40 34 46 49 99 78 65 53 92 61 17 61 ]
[ 64 23 61 15 51 55 1 99 2 74 25 4 48 12 39 82 86 65 13 78 0 59 27 51 90 ]
[ 92 4 82 53 22 43 69 97 56 37 0 11 90 51 14 65 76 70 13 41 61 95 79 26 60 ]
[ 57 26 20 36 78 62 80 82 44 85 56 40 54 6 96 43 6 60 34 10 74 51 38 96 64 ]
[ 79 57 12 58 83 72 67 10 44 55 40 6 35 74 3 20 31 43 27 89 39 22 47 99 56 ]
[ 57 25 7 96 21 24 75 30 88 86 14 60 5 76 57 61 16 15 96 90 70 69 73 13 48 ]
[ 62 5 70 10 56 79 19 34 86 15 7 62 43 38 50 81 4 63 86 80 20 99 48 87 96 ]
[ 38 58 17 64 71 65 26 28 87 88 37 66 8 71 5 75 30 67 70 68 18 51 72 81 90 ]
[ 52 53 89 52 40 37 91 98 54 7 22 71 85 2 59 74 39 25 34 62 82 61 93 50 32 ]
[ 61 20 83 86 1 25 90 6 15 43 46 52 86 97 59 93 71 30 78 25 41 4 65 19 90 ]
[ 79 1 52 72 51 36 86 71 71 24 24 97 14 30 12 9 29 64 47 78 23 40 1 6 71 ]
[ 26 47 27 91 66 70 23 68 22 47 71 58 33 43 81 9 19 78 24 50 90 85 31 7 33 ]
[ 61 82 25 62 88 48 88 88 76 32 54 46 55 74 20 2 46 30 88 41 11 97 60 90 73 ]
[ 62 32 59 45 39 44 6 22 69 68 62 70 57 50 46 89 5 44 44 31 16 98 77 98 86 ]
[ 18 61 84 31 3 57 93 36 68 39 27 12 97 49 82 66 64 4 23 14 2 64 71 98 60 ]
[ 3 14 58 32 64 45 3 25 29 34 29 38 79 17 7 70 44 19 68 46 53 34 10 57 9 ]
[ 24 59 25 48 57 85 51 23 43 35 87 40 38 65 21 24 46 60 4 63 67 74 7 38 42 ]
[ 53 44 28 15 1 37 40 13 62 88 22 99 91 46 95 78 85 35 17 2 57 41 48 69 97 ]
[ 63 88 72 23 26 66 28 22 95 44 76 84 36 89 99 76 63 98 67 61 93 45 47 29 14 ]

Running insertion sort algorithm: 
Timer (generate): 40ms real	40ms user	0ms sys
[ 7 55 32 67 87 32 94 99 20 0 77 86 0 67 87 45 62 33 31 4 17 57 61 96 28 ]
[ 5 92 77 54 85 83 13 41 68 80 28 0 26 79 73 79 57 59 79 76 99 76 38 32 7 ]
[ 94 2 65 55 50 45 60 43 23 14 28 6 80 21 74 60 49 27 87 81 52 66 38 11 97 ]
[ 66 10 74 4 95 33 98 97 98 6 47 44 66 42 19 33 23 25 13 44 52 73 46 79 12 ]
[ 27 83 30 17 94 28 83 57 54 39 52 39 89 1 38 95 0 34 62 43 53 95 18 30 8 ]
[ 62 34 33 8 65 46 87 48 76 4 43 56 39 52 62 78 4 2 68 57 92 15 57 78 77 ]
[ 52 83 24 70 13 84 85 48 18 45 13 16 33 14 44 37 57 53 77 9 15 7 65 69 27 ]
[ 22 61 43 31 39 72 84 74 97 6 40 81 91 40 51 37 5 19 70 19 16 59 76 69 88 ]
[ 37 36 48 54 58 75 76 19 18 60 11 91 44 37 40 50 77 73 94 17 77 31 23 96 53 ]
[ 42 64 12 71 85 53 60 74 1 15 32 76 43 3 47 3 66 90 99 4 30 2 81 55 96 ]
[ 51 32 79 26 81 32 20 45 96 91 83 49 4 57 2 71 41 31 14 44 78 70 11 68 69 ]
[ 67 50 71 0 5 67 51 90 46 29 71 30 50 68 27 93 51 28 97 8 31 68 1 62 35 ]
[ 46 92 5 9 12 26 28 62 98 28 19 17 32 9 16 61 80 46 11 49 25 5 52 54 54 ]
[ 13 37 75 14 51 10 12 43 15 21 55 41 49 69 91 30 88 61 62 98 77 75 30 23 39 ]
[ 31 1 44 84 7 50 49 44 25 63 47 35 76 90 2 49 97 96 51 18 39 81 6 0 95 ]
[ 56 77 70 39 53 9 22 54 5 6 61 56 7 57 81 71 4 69 99 46 23 48 95 19 99 ]
[ 13 59 32 71 11 27 80 89 98 19 94 7 41 0 13 0 13 21 7 70 54 30 26 75 81 ]
[ 24 99 30 71 70 81 84 81 14 7 93 93 87 34 91 58 28 51 0 28 16 52 41 37 11 ]
[ 63 43 94 41 19 75 65 18 5 36 40 39 72 22 5 79 15 98 67 1 90 77 29 93 77 ]
[ 9 9 81 50 98 93 65 41 39 6 60 14 23 30 72 59 23 11 83 45 68 62 12 66 81 ]

Running insertion sort algorithm: 
Timer (generate): 34ms real	30ms user	0ms sys
[ 25 14 39 8 89 32 78 79 67 25 82 54 64 56 55 19 68 15 43 39 26 28 97 15 40 ]
[ 15 83 90 9 7 85 34 74 76 42 63 8 20 94 75 98 76 82 62 85 37 34 5 5 29 ]
[ 97 31 57 94 98 50 9 81 40 70 41 25 56 15 53 99 78 61 71 25 89 21 53 71 36 ]
[ 38 60 70 44 17 99 41 0 8 87 98 10 48 80 51 18 73 28 74 88 82 25 18 95 97 ]
[ 43 84 70 97 7 6 87 20 76 31 89 27 24 90 88 63 40 98 11 72 1 81 45 82 56 ]
[ 33 16 33 52 11 82 47 48 53 96 7 59 84 27 36 67 69 15 92 11 3 55 51 54 19 ]
[ 24 55 0 69 89 8 55 5 42 59 17 24 6 65 77 3 24 89 39 4 25 6 73 92 50 ]
[ 84 96 6 35 2 77 11 9 77 33 99 86 88 4 80 47 21 4 5 38 34 60 63 23 99 ]
[ 67 0 6 92 92 56 76 40 14 63 42 91 75 52 21 60 51 59 48 7 39 47 81 43 4 ]
[ 19 29 65 34 52 16 53 4 22 97 97 31 73 89 97 89 32 89 16 36 62 76 39 21 76 ]
[ 46 60 23 27 55 79 99 85 44 85 89 61 91 94 35 88 43 18 14 32 16 3 16 57 19 ]
[ 52 19 95 43 40 71 42 52 46 21 7 25 20 44 22 58 86 35 49 80 22 37 75 41 51 ]
[ 7 57 6 24 66 25 28 85 72 72 77 95 66 29 41 87 88 19 60 85 93 18 71 28 19 ]
[ 3 2 8 78 43 60 85 52 18 61 70 44 90 55 68 14 84 64 80 13 57 67 54 76 79 ]
[ 39 21 97 10 1 68 65 4 77 43 99 89 80 4 7 42 74 51 32 82 72 98 66 36 78 ]
[ 32 93 97 86 22 29 25 43 26 87 45 47 4 49 24 47 0 13 27 4 20 21 79 24 53 ]
[ 61 96 3 27 32 33 59 77 31 97 99 12 74 43 38 13 40 37 17 41 61 16 41 74 96 ]
[ 46 95 17 25 19 23 38 15 26 17 99 60 29 76 43 26 76 55 1 71 45 14 11 83 84 ]
[ 4 44 0 45 19 96 91 66 14 68 37 37 58 4 63 76 3 23 5 31 18 31 59 73 84 ]
[ 30 19 51 93 2 35 97 98 35 43 17 32 86 35 98 7 72 35 65 76 50 41 79 26 98 ]

Running insertion sort algorithm: 
Timer (generate): 39ms real	30ms user	10ms sys
[ 80 60 6 36 73 4 21 27 88 16 21 16 39 40 97 30 78 85 72 14 74 5 34 52 73 ]
[ 18 35 62 82 90 94 62 2 52 51 76 56 72 55 96 40 28 13 79 68 62 61 46 47 85 ]
[ 13 74 43 47 78 16 17 66 79 0 56 25 14 10 29 65 86 37 89 94 34 29 22 99 60 ]
[ 91 61 73 89 60 59 2 86 54 50 17 70 67 83 1 19 91 78 34 1 7 99 40 45 89 ]
[ 34 79 70 56 78 31 99 91 56 89 3 15 91 90 21 93 7 92 13 42 45 32 33 24 66 ]
[ 34 31 18 26 76 59 60 7 29 69 37 12 68 80 69 9 84 36 1 74 58 46 33 2 11 ]
[ 75 47 44 8 23 62 94 7 80 21 35 39 33 43 21 54 32 33 75 13 54 84 97 91 37 ]
[ 23 49 84 8 3 95 83 2 91 43 26 54 89 33 86 62 20 26 48 15 99 2 48 32 77 ]
[ 13 87 14 62 30 51 85 31 87 45 34 35 80 36 26 75 14 32 64 47 19 79 68 97 27 ]
[ 83 48 81 83 80 59 96 19 25 10 1 76 47 32 16 92 18 51 72 55 29 47 69 14 64 ]
[ 69 85 43 89 34 70 24 82 51 60 14 62 8 86 39 19 87 16 66 72 84 11 90 35 83 ]
[ 97 16 83 19 82 47 40 67 42 29 53 64 5 35 67 65 2 30 74 88 21 45 27 37 11 ]
[ 51 21 22 42 8 58 91 77 93 62 59 40 2 27 34 83 80 98 89 68 65 6 70 47 32 ]
[ 10 69 77 89 6 41 41 80 15 35 40 25 26 17 18 89 29 10 91 8 44 27 40 42 16 ]
[ 8 60 74 30 7 59 92 76 88 82 35 29 23 67 97 58 7 74 36 77 93 77 58 55 21 ]
[ 66 0 48 6 94 16 67 54 90 49 62 49 42 90 38 76 25 19 51 44 68 9 52 43 97 ]
[ 81 36 75 91 91 96 57 43 44 15 90 60 34 96 2 84 10 4 78 1 94 54 78 13 57 ]
[ 23 34 66 27 77 15 60 65 90 51 8 38 8 52 82 75 94 94 10 90 49 46 1 5 24 ]
[ 54 99 30 32 64 87 55 98 5 34 75 20 94 40 63 97 49 1 5 53 36 33 47 82 43 ]
[ 89 83 41 42 88 65 96 87 47 29 52 86 36 2 43 23 78 15 17 70 30 15 19 84 72 ]

Running insertion sort algorithm: 
Timer (generate): 37ms real	30ms user	0ms sys
[ 9 19 19 56 13 36 27 11 13 54 86 28 71 21 68 67 48 23 65 47 77 17 22 37 78 ]
[ 25 46 34 11 53 46 20 72 65 28 38 54 55 49 19 61 87 47 33 8 68 52 8 43 18 ]
[ 55 73 35 30 10 65 55 8 52 66 61 98 38 85 15 18 75 69 73 24 41 86 11 40 71 ]
[ 19 8 24 27 4 94 35 77 29 65 39 46 72 99 98 90 12 96 28 49 12 46 25 33 71 ]
[ 49 26 57 13 67 81 84 27 5 64 31 99 99 60 80 16 51 26 88 50 77 78 14 73 58 ]
[ 64 37 56 89 23 79 90 49 88 55 68 69 40 48 74 56 79 25 55 92 57 23 95 84 11 ]
[ 98 13 41 12 86 51 76 76 7 17 51 86 60 52 74 15 73 44 7 21 70 63 0 48 70 ]
[ 44 5 93 92 41 56 90 54 97 2 93 48 31 21 7 0 72 93 60 24 20 76 97 16 83 ]
[ 70 86 99 71 86 69 67 92 15 59 85 71 1 40 21 56 33 69 39 54 29 39 78 74 0 ]
[ 54 94 76 4 10 11 74 49 10 97 35 32 17 79 47 76 65 18 30 57 91 86 90 61 25 ]
[ 96 42 16 26 16 16 80 11 44 84 73 8 59 22 18 8 10 2 25 41 49 54 58 20 84 ]
[ 15 11 22 57 24 99 5 66 15 31 35 32 12 46 76 48 71 84 59 94 55 68 56 9 93 ]
[ 49 59 47 8 31 83 23 94 5 33 71 4 38 37 20 70 72 4 82 70 80 82 42 17 42 ]
[ 88 24 10 96 85 3 45 44 3 53 27 86 29 22 44 62 93 48 0 82 20 22 7 24 56 ]
[ 29 57 39 23 74 81 11 50 91 7 35 46 5 32 1 10 11 40 39 85 84 53 30 32 6 ]
[ 65 53 28 72 77 85 53 34 24 77 60 5 88 62 48 48 50 46 5 34 48 15 45 88 7 ]
[ 83 72 12 13 56 18 78 61 99 2 91 84 56 25 60 33 38 17 73 52 17 73 2 63 78 ]
[ 36 63 46 34 51 53 17 75 65 82 84 36 61 45 35 15 36 71 71 14 31 56 4 0 82 ]
[ 56 17 7 59 80 38 47 44 84 33 47 89 2 75 6 85 11 42 98 56 29 13 45 0 37 ]
[ 11 31 45 15 31 27 71 0 87 82 81 25 82 77 61 15 76 50 70 3 8 55 14 3 53 ]

Running insertion sort algorithm: 
Timer (generate): 40ms real	40ms user	0ms sys
[ 67 62 0 12 78 23 66 37 66 65 20 71 83 85 21 89 58 52 69 84 86 36 32 26 52 ]
[ 35 0 54 8 65 76 27 27 28 39 57 51 58 46 69 75 19 92 10 4 13 99 14 65 21 ]
[ 99 3 57 83 30 61 19 82 16 27 47 92 7 26 21 46 83 24 56 81 46 31 0 38 42 ]
[ 57 4 93 71 21 14 22 25 24 6 7 85 25 89 1 4 88 46 11 14 67 10 49 43 66 ]
[ 30 41 50 83 32 92 40 36 37 63 9 52 86 86 28 44 93 13 21 82 15 25 70 61 89 ]
[ 36 80 51 85 75 69 68 17 19 51 1 11 91 89 1 6 98 53 44 85 33 88 30 46 9 ]
[ 13 13 87 35 74 28 24 6 79 9 34 0 29 51 20 80 4 83 23 93 84 30 91 89 74 ]
[ 28 22 15 59 69 76 24 82 63 11 9 43 35 67 74 97 1 75 26 4 95 59 8 30 82 ]
[ 1 15 64 45 56 91 73 79 6 84 0 82 8 34 98 72 95 41 7 63 68 56 16 43 35 ]
[ 21 90 94 29 20 76 83 87 93 28 44 84 53 23 42 90 75 76 50 9 74 22 57 68 82 ]
[ 20 36 38 88 31 73 9 21 67 91 93 96 74 81 41 54 77 77 59 52 19 49 27 95 0 ]
[ 88 22 22 45 42 56 17 30 95 6 61 20 67 34 40 58 79 88 84 12 29 38 89 6 98 ]
[ 41 77 47 68 24 99 9 46 74 6 88 30 24 70 77 82 83 98 1 17 90 60 49 30 96 ]
[ 61 11 35 51 69 85 44 46 84 65 70 84 74 69 58 80 9 88 56 80 18 90 63 68 92 ]
[ 33 58 4 82 40 0 95 51 87 46 20 72 43 66 9 8 88 93 34 57 3 14 67 43 23 ]
[ 99 61 65 62 29 57 95 39 13 29 79 14 25 82 53 23 2 26 66 20 35 26 9 80 60 ]
[ 18 83 75 85 78 50 36 40 15 99 21 25 46 61 90 76 92 4 53 75 10 76 29 88 95 ]
[ 50 23 21 11 55 82 29 90 9 67 68 11 3 60 26 54 82 3 1 95 94 29 87 50 82 ]
[ 14 60 10 96 48 5 46 23 79 9 78 13 90 20 22 9 89 33 65 49 11 19 83 15 72 ]
[ 78 61 1 18 11 35 84 72 46 80 72 3 78 96 82 87 26 95 30 99 69 39 88 2 4 ]

Running insertion sort algorithm: 
