Timer (generate): 4ms real	0ms user	0ms sys
[ 27 50 24 38 11 50 58 62 18 9 63 89 28 35 5 19 94 78 48 49 49 91 68 70 74 ]
[ 42 47 93 22 53 96 49 3 20 87 14 70 45 28 88 7 91 29 35 26 87 6 21 65 54 ]
[ 22 14 98 42 84 72 37 83 18 59 37 14 8 92 34 47 59 57 45 87 97 52 79 79 39 ]
[ 57 66 45 30 31 52 5 97 50 47 81 74 84 16 92 95 5 6 3 98 93 51 9 2 48 ]
[ 96 51 0 27 30 39 37 48 84 19 79 88 24 28 38 24 9 13 60 78 57 56 83 64 59 ]
[ 33 9 62 42 63 10 91 14 62 70 45 1 7 93 38 27 25 26 3 53 65 27 15 30 88 ]
[ 93 39 44 28 55 55 62 64 18 56 27 80 99 42 43 70 39 44 29 84 34 8 9 61 12 ]
[ 15 78 91 30 60 79 75 99 75 3 55 83 17 71 1 74 99 33 25 93 76 95 32 73 77 ]
[ 68 59 85 78 20 49 45 50 41 27 62 72 2 62 48 57 69 83 75 40 36 1 91 69 78 ]
[ 36 98 74 20 71 51 89 30 88 19 3 38 64 5 79 43 68 51 45 82 51 54 3 34 81 ]
[ 95 70 34 39 92 13 75 90 87 48 13 90 37 95 78 8 98 68 24 56 47 67 24 51 64 ]
[ 58 2 18 61 89 0 56 11 34 95 3 47 23 93 86 71 58 28 60 54 59 68 52 27 92 ]
[ 60 75 11 36 26 75 94 80 93 7 69 93 16 33 80 63 36 79 86 82 66 9 40 94 69 ]
[ 94 5 89 99 33 81 59 8 92 48 86 67 42 18 13 2 88 6 18 73 38 81 9 18 20 ]
[ 43 84 29 36 30 51 82 36 40 81 21 74 93 29 18 41 67 38 35 85 51 37 25 9 7 ]
[ 98 48 41 60 18 61 55 54 42 91 84 45 74 72 86 7 45 12 52 26 30 45 93 20 81 ]
[ 31 23 70 56 33 78 7 33 19 19 3 32 74 57 26 18 93 72 92 18 58 51 63 22 4 ]
[ 90 4 49 35 25 82 66 48 5 75 33 35 82 18 6 53 21 38 27 30 64 97 24 36 41 ]
[ 42 46 93 5 68 49 47 73 98 83 50 33 1 98 38 76 84 73 10 54 79 63 76 69 43 ]
[ 6 33 40 82 22 34 24 20 27 82 89 76 81 14 26 16 64 11 18 14 49 94 98 74 57 ]

Running insertion sort algorithm: 
Timer (sort): 2865ms real	2800ms user	40ms sys
The output is sorted!
[ 35 4 21 2 4 21 21 18 19 42 21 55 0 77 32 64 54 19 20 21 61 51 3 37 57 ]
[ 6 18 11 10 65 23 1 62 29 0 86 66 31 20 99 31 94 0 5 23 52 16 1 7 14 ]
[ 32 11 18 9 16 22 89 18 31 17 87 42 9 65 23 0 79 33 16 2 35 4 80 7 27 ]
[ 58 94 9 33 33 6 20 32 10 56 5 3 22 31 85 6 53 92 0 5 15 25 15 47 24 ]
[ 7 88 1 0 4 20 7 56 54 8 50 36 12 20 5 30 62 45 3 48 36 17 15 95 64 ]
[ 39 5 29 4 55 27 28 33 58 14 3 7 23 62 44 24 1 9 4 29 80 89 52 20 44 ]
[ 15 64 12 71 37 11 10 21 5 39 11 26 29 97 23 17 98 25 33 1 44 57 23 7 11 ]
[ 21 8 23 90 16 3 89 16 30 84 6 8 1 13 57 20 15 17 79 13 38 25 64 16 38 ]
[ 33 8 32 91 16 25 0 18 17 65 25 7 44 26 49 40 34 36 90 13 26 28 10 60 2 ]
[ 30 78 26 3 37 32 57 48 56 61 0 9 9 38 96 8 4 14 15 34 3 87 3 45 6 ]
[ 53 28 71 0 11 20 98 3 36 29 87 24 0 2 23 20 3 73 5 35 11 48 2 85 41 ]
[ 21 23 23 80 77 86 9 6 13 23 52 12 19 51 50 49 54 2 14 51 8 26 18 37 4 ]
[ 83 67 8 16 10 2 4 37 18 55 41 24 14 32 0 73 17 22 6 51 43 64 85 3 34 ]
[ 51 3 39 56 29 24 0 8 14 19 24 65 2 78 52 0 45 35 54 55 65 0 40 37 22 ]
[ 34 5 64 25 58 47 10 16 5 18 26 20 27 33 87 11 86 7 18 9 42 72 1 11 86 ]
[ 22 5 37 78 13 95 5 54 25 34 82 22 8 12 12 36 26 64 17 9 36 55 49 24 0 ]
[ 30 17 18 54 1 19 7 88 4 21 29 23 4 38 45 51 39 17 23 70 33 88 76 24 2 ]
[ 86 23 74 35 9 21 78 1 9 14 6 4 60 60 19 80 89 8 4 12 49 18 43 6 17 ]
[ 43 77 94 20 10 9 12 1 13 23 2 65 14 27 88 5 19 56 35 80 5 86 2 11 28 ]
[ 53 22 47 38 52 15 11 77 5 20 80 14 2 5 9 35 24 99 7 57 29 27 54 22 23 ]

Timer (generate): 4ms real	0ms user	0ms sys
[ 84 76 88 23 52 18 95 80 5 2 41 83 0 54 96 86 17 40 73 12 62 8 25 31 84 ]
[ 18 50 72 84 64 51 68 92 91 44 44 61 39 76 67 94 69 2 94 75 98 32 93 90 5 ]
[ 57 53 65 34 84 49 53 35 21 89 51 24 10 95 67 54 91 29 93 67 48 87 88 50 33 ]
[ 64 0 65 9 91 23 66 44 40 53 80 90 58 15 63 47 18 40 57 13 7 11 4 88 57 ]
[ 23 36 44 64 86 30 28 39 95 37 30 70 55 74 11 8 54 53 66 22 68 14 92 8 23 ]
[ 58 68 35 14 56 92 38 93 88 2 31 18 82 70 66 19 0 88 26 26 99 87 33 52 53 ]
[ 7 21 19 99 81 43 57 49 30 72 6 74 62 51 62 16 82 33 98 5 51 69 57 39 95 ]
[ 84 39 82 69 43 88 76 16 59 75 98 54 85 99 84 57 57 58 19 60 73 35 95 58 85 ]
[ 0 9 54 57 48 1 93 39 36 14 83 76 90 99 35 18 49 90 3 1 26 12 58 37 83 ]
[ 71 10 18 66 20 55 66 29 61 75 29 62 21 69 50 35 52 26 78 3 14 96 5 4 51 ]
[ 58 82 15 68 19 98 39 81 68 5 1 23 71 30 84 99 12 98 20 81 49 7 85 27 85 ]
[ 40 41 33 45 97 36 3 80 51 24 99 49 63 81 17 69 34 40 92 17 76 91 29 75 63 ]
[ 10 76 71 95 3 56 35 45 42 33 94 78 88 74 82 12 74 31 76 7 1 97 41 93 89 ]
[ 58 70 33 87 97 96 49 73 67 44 28 76 32 25 18 17 20 48 5 94 30 70 20 14 46 ]
[ 27 15 95 21 8 84 31 30 69 19 27 66 20 52 85 65 33 61 49 58 31 66 30 32 23 ]
[ 25 14 93 97 28 39 25 95 86 98 4 71 29 86 40 0 66 58 21 18 44 38 3 57 87 ]
[ 62 41 53 92 73 76 69 39 22 67 68 61 44 15 48 42 71 71 23 58 63 24 24 74 45 ]
[ 94 18 83 98 27 70 12 20 75 56 45 3 78 85 25 97 5 39 41 20 39 35 92 62 58 ]
[ 50 77 34 26 51 79 72 21 14 22 49 36 34 69 11 43 67 67 73 52 44 70 57 35 63 ]
[ 29 26 98 21 88 8 23 66 43 1 69 74 74 91 89 96 92 25 83 13 89 78 80 8 51 ]

Running insertion sort algorithm: 
Timer (sort): 3199ms real	2780ms user	0ms sys
The output is sorted!
[ 6 34 12 2 13 45 4 31 5 37 83 9 25 52 15 85 74 11 7 25 0 75 74 12 1 ]
[ 16 50 20 4 9 25 1 49 76 1 48 15 61 30 58 3 23 4 22 58 28 2 10 88 47 ]
[ 12 64 57 55 31 16 6 27 2 11 6 51 29 33 87 13 65 2 49 5 54 10 46 25 6 ]
[ 3 11 58 2 25 2 59 40 0 30 80 39 84 20 23 15 10 21 15 1 83 34 25 62 24 ]
[ 21 13 67 20 19 67 91 36 5 21 66 45 50 5 18 33 10 6 78 27 3 15 18 12 42 ]
[ 74 27 56 2 20 35 71 8 26 18 34 3 14 99 3 34 47 36 2 81 7 48 26 12 5 ]
[ 24 16 11 47 52 17 4 31 95 24 3 26 15 7 36 64 59 92 30 35 8 24 19 38 14 ]
[ 59 66 31 28 15 35 19 8 13 15 89 0 29 15 15 8 56 72 10 34 9 98 57 11 1 ]
[ 7 39 28 21 47 31 38 22 32 41 39 64 72 1 7 69 28 64 8 39 11 5 26 6 52 ]
[ 2 83 58 31 60 63 15 9 6 71 25 30 8 53 17 13 17 57 1 24 40 66 6 0 44 ]
[ 38 16 76 3 89 32 42 9 0 19 23 9 8 56 43 11 13 78 59 14 27 27 9 41 59 ]
[ 8 4 88 27 55 73 80 35 4 6 28 20 34 41 42 41 21 15 12 11 10 22 23 10 92 ]
[ 8 24 0 99 29 13 29 4 35 14 42 5 97 9 31 15 13 16 60 16 12 55 41 53 82 ]
[ 31 9 2 13 13 0 11 94 17 25 90 25 3 54 53 47 83 44 8 32 27 11 43 22 48 ]
[ 17 35 15 1 2 13 98 16 22 54 8 44 7 47 14 41 35 24 61 36 85 8 72 2 48 ]
[ 5 20 51 98 65 5 32 11 60 36 36 17 49 29 44 22 30 70 1 6 13 68 10 18 10 ]
[ 1 14 6 91 60 36 9 22 24 66 69 51 3 12 42 94 8 12 46 41 3 6 14 64 13 ]
[ 77 70 14 14 50 48 62 23 27 35 71 10 1 56 19 15 15 2 21 45 6 29 29 54 22 ]
[ 17 50 6 23 82 29 45 27 40 12 17 45 8 81 24 64 11 48 12 9 52 7 12 5 91 ]
[ 49 49 7 29 72 2 45 60 2 35 3 34 37 79 48 5 37 21 4 6 6 37 45 87 20 ]

Timer (generate): 3ms real	0ms user	0ms sys
[ 87 12 6 69 92 17 86 51 14 57 47 46 56 73 81 67 48 76 73 4 83 60 8 81 58 ]
[ 2 42 31 51 59 48 38 24 54 59 16 72 97 19 38 54 67 85 11 92 18 30 92 94 3 ]
[ 48 30 16 57 11 26 59 5 9 62 64 57 0 88 11 11 56 35 61 76 74 15 95 11 78 ]
[ 87 81 9 79 76 64 27 6 80 84 69 6 96 74 15 58 90 24 11 79 36 74 87 71 35 ]
[ 63 97 51 58 8 81 97 90 90 76 18 55 56 76 87 92 45 46 88 71 13 99 61 38 10 ]
[ 92 74 84 80 45 72 95 95 75 6 3 56 3 45 99 32 15 6 40 91 93 32 88 91 73 ]
[ 59 5 72 21 43 34 13 69 70 45 66 42 41 61 17 99 17 74 2 14 25 86 30 31 78 ]
[ 73 24 11 62 16 36 21 73 60 94 16 94 60 85 64 5 51 59 98 65 76 97 82 2 52 ]
[ 96 27 90 26 58 69 0 35 32 14 3 20 87 76 80 82 44 74 94 81 90 51 84 49 50 ]
[ 49 78 99 31 32 3 28 60 94 6 70 15 58 57 99 72 60 19 12 36 99 46 32 25 40 ]
[ 13 67 91 98 69 93 99 99 93 31 31 48 11 91 94 69 14 9 28 71 60 52 84 79 64 ]
[ 72 30 10 5 7 2 18 75 94 68 96 39 20 95 84 51 26 33 14 70 27 83 84 89 11 ]
[ 7 49 16 91 81 80 64 11 43 21 19 97 91 46 91 60 42 83 80 37 67 83 63 0 49 ]
[ 85 80 32 21 21 96 29 22 12 72 3 44 36 67 39 57 38 37 49 36 80 61 78 63 93 ]
[ 67 31 28 82 83 77 68 63 9 89 36 57 70 59 69 43 14 66 79 81 5 89 19 42 90 ]
[ 55 23 51 85 38 96 4 69 24 87 5 1 7 20 62 96 57 20 67 16 41 10 30 7 41 ]
[ 64 13 82 35 7 72 43 82 75 28 21 23 33 42 47 72 47 0 79 68 15 75 77 35 94 ]
[ 93 76 56 75 36 98 39 1 32 27 8 5 70 43 32 98 16 56 83 58 3 55 58 56 34 ]
[ 78 71 62 55 58 56 0 86 65 27 22 63 19 23 95 46 84 52 16 79 85 14 95 41 50 ]
[ 5 96 5 15 52 92 93 75 6 0 33 62 0 20 27 28 42 42 99 18 90 45 54 94 61 ]

Running insertion sort algorithm: 
Timer (sort): 3765ms real	2620ms user	10ms sys
The output is sorted!
[ 29 11 21 27 17 3 10 58 22 34 18 34 16 22 21 23 55 44 10 0 16 48 55 31 67 ]
[ 8 43 25 44 23 42 11 18 15 2 30 51 18 18 17 80 88 13 30 29 44 10 17 2 22 ]
[ 7 88 9 22 32 3 11 43 3 94 0 5 20 55 32 49 9 5 1 79 49 14 68 6 0 ]
[ 14 28 3 12 37 43 0 64 51 1 47 58 7 10 59 41 13 0 9 49 11 64 17 63 44 ]
[ 17 25 35 46 41 11 60 13 25 86 5 21 44 7 50 6 18 2 17 5 88 48 57 17 19 ]
[ 43 2 25 18 0 21 10 95 5 56 84 3 9 55 11 4 72 18 56 13 65 40 28 15 22 ]
[ 14 91 3 68 27 32 6 75 7 15 11 34 35 38 24 2 33 20 42 32 5 48 42 4 63 ]
[ 39 30 20 66 4 16 99 13 57 25 62 44 7 3 8 62 3 15 84 30 7 3 53 22 14 ]
[ 34 2 55 77 5 25 23 40 67 2 36 66 17 16 19 30 2 66 27 35 28 22 14 85 1 ]
[ 17 12 7 49 30 8 26 17 13 52 35 15 8 58 5 15 22 99 29 4 93 84 3 13 81 ]
[ 4 24 49 12 23 30 20 27 47 81 46 41 39 42 28 27 76 10 4 72 33 6 21 20 15 ]
[ 2 5 94 20 2 45 0 34 66 37 3 18 19 80 18 16 66 28 57 39 33 6 37 51 25 ]
[ 73 7 96 25 55 53 8 10 8 33 34 25 10 9 6 30 35 68 60 52 45 4 19 5 41 ]
[ 6 30 57 38 25 75 41 1 90 17 1 11 48 3 24 21 68 87 16 7 12 39 66 23 6 ]
[ 18 13 60 0 32 76 51 9 19 13 4 8 57 14 53 38 35 12 54 17 56 21 31 51 70 ]
[ 13 13 31 57 75 66 0 86 6 18 21 58 4 21 47 88 4 27 45 7 41 50 8 4 26 ]
[ 12 8 46 10 32 61 22 47 5 41 4 40 48 13 74 3 55 5 68 30 15 7 97 31 43 ]
[ 74 18 4 24 2 12 32 53 45 3 41 29 21 5 40 57 26 48 25 28 24 22 64 90 35 ]
[ 21 27 6 46 74 66 16 19 12 79 29 80 37 64 4 17 17 51 8 5 47 9 34 15 42 ]
[ 9 34 20 63 77 67 75 31 1 21 10 48 8 69 46 40 13 17 17 26 66 34 25 0 13 ]

Timer (generate): 3ms real	0ms user	0ms sys
[ 45 9 14 24 31 2 4 88 11 16 55 41 62 65 79 19 1 97 24 71 69 82 64 96 30 ]
[ 63 90 9 83 33 20 80 95 86 57 26 88 61 66 99 77 21 92 91 86 72 11 40 21 35 ]
[ 11 42 70 75 38 0 38 29 61 74 14 81 6 9 67 63 35 7 76 54 58 54 75 51 45 ]
[ 14 75 8 54 96 96 65 38 66 93 28 18 31 9 79 5 24 12 64 85 31 27 73 38 4 ]
[ 27 96 10 54 47 7 68 74 68 74 70 64 92 60 82 85 89 52 16 98 31 74 74 95 90 ]
[ 60 26 17 85 64 73 12 12 35 66 12 43 87 86 63 13 57 79 5 69 61 90 10 13 59 ]
[ 61 96 85 35 91 75 47 69 44 32 33 18 96 45 53 15 57 48 2 96 11 15 5 90 73 ]
[ 74 51 63 85 16 22 46 64 59 33 7 34 81 76 79 65 61 49 62 59 2 77 68 51 31 ]
[ 64 14 98 69 5 71 96 8 35 33 77 9 31 41 21 64 1 55 97 29 86 63 91 35 25 ]
[ 2 90 54 70 93 85 87 7 83 8 12 7 4 21 94 89 98 55 20 91 76 85 44 84 34 ]
[ 74 70 97 17 58 74 19 0 28 41 93 65 28 0 1 89 65 8 45 38 54 35 88 9 55 ]
[ 31 86 92 76 22 79 50 44 76 67 2 3 86 2 83 79 47 49 60 0 2 49 17 62 46 ]
[ 55 16 81 95 25 89 26 63 33 2 85 12 52 30 41 71 84 44 57 39 79 89 86 28 49 ]
[ 38 82 50 55 44 96 10 60 78 5 86 19 32 1 52 86 87 17 91 69 58 62 53 54 72 ]
[ 44 33 61 31 14 62 69 96 12 25 41 8 87 1 38 45 39 57 29 41 62 15 80 79 6 ]
[ 1 89 69 6 95 93 51 28 54 34 94 16 55 43 28 80 84 88 20 37 27 65 29 36 46 ]
[ 22 98 61 54 29 20 55 18 41 61 13 34 64 94 88 98 40 56 54 83 36 86 67 24 6 ]
[ 57 51 23 86 40 69 8 38 83 62 20 3 69 38 96 30 4 30 95 50 70 45 90 26 99 ]
[ 74 62 86 93 86 44 2 90 20 88 82 41 48 20 24 62 40 79 31 31 75 14 87 57 61 ]
[ 89 27 58 31 5 58 57 67 96 3 6 92 5 48 12 46 30 6 94 2 30 9 95 62 92 ]

Running insertion sort algorithm: 
Timer (sort): 4128ms real	2510ms user	0ms sys
The output is sorted!
[ 39 12 6 20 17 14 7 6 24 84 1 15 65 29 10 73 23 11 48 36 21 47 71 11 18 ]
[ 37 34 23 54 24 42 42 27 58 42 30 1 70 16 2 7 13 9 2 27 80 5 7 58 42 ]
[ 96 29 7 31 1 18 47 5 57 5 38 15 2 16 57 54 68 39 44 42 24 26 7 19 11 ]
[ 19 47 7 16 5 29 96 20 47 41 4 5 63 0 4 46 50 37 59 20 15 51 26 0 53 ]
[ 45 9 77 8 85 26 46 4 13 0 29 4 43 58 5 5 58 8 55 30 15 34 23 47 41 ]
[ 3 11 44 49 23 75 53 24 12 37 42 7 6 26 13 21 61 56 21 53 3 37 40 12 59 ]
[ 91 80 16 15 1 21 27 37 7 15 28 18 36 2 31 62 85 5 79 58 0 56 1 13 9 ]
[ 21 41 27 0 56 16 11 19 19 9 84 0 2 77 5 16 27 25 27 67 41 52 25 35 95 ]
[ 51 38 23 91 3 6 42 8 20 90 3 43 40 7 68 79 24 10 0 4 55 13 4 45 32 ]
[ 13 6 11 79 85 4 14 30 44 0 15 29 19 32 27 52 26 9 10 79 44 47 7 72 50 ]
[ 89 0 80 31 6 47 9 25 11 69 14 45 17 19 51 13 9 76 34 8 8 39 25 38 43 ]
[ 38 30 73 89 26 9 37 52 66 38 1 9 12 65 2 66 36 52 12 8 7 33 17 3 25 ]
[ 94 40 20 62 24 19 47 30 0 16 28 11 30 18 36 17 9 95 10 9 17 82 7 37 51 ]
[ 65 57 30 46 0 1 20 10 10 8 83 19 49 71 0 84 25 40 9 58 26 30 22 24 23 ]
[ 36 21 91 53 77 13 51 70 20 53 18 15 79 0 29 41 0 4 64 2 11 5 7 24 27 ]
[ 57 83 51 20 55 42 16 5 26 43 2 39 22 47 36 18 11 15 23 19 18 93 35 24 12 ]
[ 33 3 42 9 12 26 16 41 57 26 26 65 16 22 43 93 51 31 94 2 1 64 12 14 15 ]
[ 90 81 70 41 8 21 8 34 14 33 38 7 31 31 13 40 20 16 20 7 4 32 45 31 80 ]
[ 3 19 70 10 25 56 5 8 6 2 1 7 86 9 97 14 76 25 50 15 22 46 81 5 80 ]
[ 76 28 21 49 17 87 3 28 12 55 29 13 25 12 14 4 3 38 5 52 49 74 41 8 78 ]

Timer (generate): 4ms real	0ms user	0ms sys
[ 2 40 50 83 78 74 53 84 92 62 2 64 72 20 37 36 45 64 51 14 39 84 14 7 19 ]
[ 54 37 66 78 54 4 32 94 6 67 25 32 20 9 77 34 64 93 58 84 30 94 29 95 98 ]
[ 95 86 34 10 93 53 16 83 72 94 37 28 79 84 34 46 9 19 19 70 96 53 34 89 12 ]
[ 71 72 58 0 19 56 96 5 90 58 51 96 74 86 68 21 75 48 52 59 82 98 20 1 17 ]
[ 43 49 23 77 91 35 48 63 93 1 82 2 49 39 92 59 42 88 33 28 8 6 4 56 58 ]
[ 15 91 9 36 44 78 79 94 1 8 85 88 9 48 82 10 82 84 11 73 28 70 16 69 55 ]
[ 44 77 62 0 86 72 16 77 33 52 21 12 83 15 65 91 52 54 52 0 88 62 34 72 73 ]
[ 8 52 95 76 21 51 20 99 13 73 85 37 89 14 71 93 35 35 28 3 0 71 55 54 24 ]
[ 8 42 86 42 66 12 2 19 7 78 92 58 51 91 23 24 28 61 65 94 84 10 30 19 38 ]
[ 85 19 9 40 26 33 0 20 72 95 87 84 97 58 43 28 50 54 31 94 29 55 74 90 72 ]
[ 69 26 82 51 45 20 36 17 81 28 95 15 29 15 39 76 54 75 73 64 18 53 67 24 84 ]
[ 61 54 91 87 96 63 56 23 97 7 20 69 95 89 51 24 84 18 5 52 57 81 58 84 6 ]
[ 23 2 60 42 79 96 3 33 88 90 29 3 99 4 53 6 77 22 54 66 25 78 3 95 35 ]
[ 7 4 16 65 88 74 40 43 34 82 22 31 37 7 71 80 88 26 79 93 79 37 70 54 91 ]
[ 88 31 21 91 27 56 98 83 24 16 72 99 8 67 85 91 89 68 80 48 91 60 36 18 91 ]
[ 29 49 29 51 3 72 40 35 46 31 14 54 82 97 79 50 21 30 58 88 15 1 77 36 82 ]
[ 25 27 42 62 45 34 43 47 15 95 50 39 87 37 85 70 3 40 52 1 19 54 22 1 13 ]
[ 63 16 14 40 52 48 18 80 91 32 77 77 27 24 44 22 27 83 61 16 69 32 20 9 36 ]
[ 73 80 91 47 81 4 10 49 70 3 2 19 21 34 62 5 63 91 32 40 35 7 67 70 68 ]
[ 35 39 0 55 0 37 28 80 28 28 13 84 38 63 54 41 17 25 62 3 87 19 66 78 52 ]

Running insertion sort algorithm: 
Timer (sort): 5925ms real	2980ms user	10ms sys
The output is sorted!
[ 71 73 27 15 18 6 34 64 3 16 4 35 19 7 15 9 64 3 6 15 30 8 1 43 1 ]
[ 9 23 4 16 40 37 17 4 3 41 7 72 11 5 22 47 17 26 25 9 83 36 17 15 96 ]
[ 62 6 36 25 13 75 34 0 29 34 7 14 72 0 13 34 11 8 75 39 45 23 21 22 15 ]
[ 99 0 67 14 75 1 51 19 50 56 3 14 11 38 0 11 38 31 7 38 34 16 19 30 0 ]
[ 43 10 2 12 3 49 14 66 20 83 86 7 33 55 19 8 49 35 22 12 39 9 1 56 6 ]
[ 40 67 40 4 7 19 20 34 69 5 11 14 93 23 8 4 64 32 9 62 9 76 45 5 2 ]
[ 15 25 37 15 14 3 19 57 20 29 15 44 38 34 57 99 88 30 22 6 9 16 5 20 46 ]
[ 52 51 46 63 8 3 35 13 88 19 2 31 6 72 0 10 33 67 24 49 1 13 11 36 41 ]
[ 33 21 39 7 5 42 37 7 41 38 17 19 3 21 80 30 17 90 25 34 32 12 27 29 71 ]
[ 85 11 10 1 16 20 31 49 61 15 7 42 19 2 14 54 40 37 68 18 7 68 3 12 92 ]
[ 34 10 17 41 41 56 9 77 55 35 1 18 56 19 30 50 40 45 26 46 20 5 7 20 32 ]
[ 50 19 59 34 9 20 27 80 12 14 66 27 23 3 7 56 40 18 12 53 72 31 28 22 8 ]
[ 32 78 38 47 16 9 0 10 33 12 82 34 9 41 34 9 86 41 23 29 47 29 14 29 13 ]
[ 2 31 3 4 8 13 7 87 39 9 30 53 35 1 5 61 26 20 90 89 76 7 36 23 54 ]
[ 17 51 3 30 13 2 3 48 38 42 24 46 62 37 73 26 33 14 67 42 25 39 40 17 19 ]
[ 35 19 23 10 22 14 34 15 36 19 13 64 38 2 60 0 10 25 43 42 74 93 34 68 19 ]
[ 9 35 10 61 33 24 33 81 12 21 23 15 3 72 17 36 46 10 27 24 53 0 63 79 28 ]
[ 7 59 2 24 6 92 55 25 8 23 0 51 22 51 20 14 9 76 54 22 12 59 53 12 62 ]
[ 5 84 33 83 43 25 8 54 29 58 0 14 15 4 5 50 16 64 91 6 79 0 55 1 0 ]
[ 3 11 46 22 6 22 1 28 18 57 56 29 42 1 26 16 68 98 20 85 50 43 34 7 35 ]

Timer (generate): 4ms real	0ms user	0ms sys
[ 31 4 23 48 45 66 70 79 95 76 65 93 70 41 34 18 59 9 9 74 93 73 12 56 73 ]
[ 30 73 65 73 64 56 56 68 79 5 65 98 27 44 45 56 61 38 26 54 72 96 14 33 6 ]
[ 88 79 31 53 35 56 35 8 22 8 24 78 65 92 9 22 9 59 1 5 4 57 19 43 35 ]
[ 73 67 32 87 53 90 28 32 21 81 67 78 16 27 52 76 51 82 93 95 43 15 56 3 69 ]
[ 61 7 26 32 50 62 6 70 46 45 23 36 73 55 57 6 74 87 22 53 91 51 4 25 44 ]
[ 51 69 12 7 72 81 20 31 7 53 34 21 11 4 67 56 27 55 30 34 13 88 60 52 11 ]
[ 13 96 14 69 21 58 20 90 70 79 62 51 99 46 11 4 80 32 15 84 52 72 63 7 54 ]
[ 49 72 42 9 25 5 74 73 19 95 94 30 67 37 0 46 51 4 97 97 15 2 77 47 17 ]
[ 61 99 41 76 59 95 25 31 90 86 8 47 12 81 67 59 28 97 26 65 49 24 16 53 74 ]
[ 14 68 28 91 68 45 5 19 39 33 78 86 59 10 76 97 70 24 10 52 43 21 80 92 48 ]
[ 45 41 24 13 47 50 27 15 78 71 35 24 28 55 15 61 85 1 72 47 78 70 18 54 32 ]
[ 70 97 53 2 41 53 99 82 30 12 81 80 92 49 59 15 84 35 95 91 50 56 77 51 81 ]
[ 24 81 3 42 87 35 64 84 40 18 77 46 17 12 76 82 93 56 26 42 15 93 27 50 88 ]
[ 70 52 96 47 4 77 72 37 32 66 25 67 83 61 60 1 39 6 71 51 82 5 44 90 83 ]
[ 39 6 76 18 8 16 88 61 12 36 17 42 60 6 74 78 31 94 61 45 54 15 36 12 86 ]
[ 39 46 43 35 36 26 74 94 54 92 55 70 81 16 82 69 85 76 29 91 51 7 75 45 21 ]
[ 72 51 36 8 15 74 99 61 17 34 49 95 9 44 49 53 99 71 86 67 5 55 4 82 36 ]
[ 95 33 96 22 30 17 94 81 5 54 96 79 53 9 48 40 58 43 49 54 44 54 5 15 41 ]
[ 24 72 48 28 54 37 24 39 33 98 69 2 45 2 59 99 50 38 5 59 86 45 70 81 46 ]
[ 24 77 0 82 44 93 6 16 94 35 71 83 11 10 16 9 32 70 54 86 29 6 37 19 11 ]

Running insertion sort algorithm: 
Timer (sort): 4573ms real	2840ms user	0ms sys
The output is sorted!
[ 19 3 26 32 22 64 56 15 35 8 30 73 0 35 9 12 85 49 11 69 48 19 3 12 5 ]
[ 28 13 50 4 12 46 58 50 60 23 64 11 31 42 16 37 8 33 14 6 15 6 54 61 5 ]
[ 5 76 41 35 29 30 0 54 36 0 37 43 14 91 1 7 3 51 51 60 7 2 60 20 3 ]
[ 27 1 70 12 49 51 86 47 8 8 9 18 52 5 3 28 21 28 14 63 23 51 12 16 71 ]
[ 92 15 41 27 21 4 10 74 46 23 67 4 34 25 5 10 82 30 59 39 7 1 2 50 6 ]
[ 24 41 50 15 1 13 38 13 3 45 46 16 81 86 13 7 39 31 1 0 14 72 55 21 64 ]
[ 73 42 17 26 29 66 11 5 14 74 14 53 18 8 13 13 10 65 71 7 17 24 23 54 46 ]
[ 21 12 40 22 3 5 6 73 14 61 26 51 48 5 43 12 2 78 98 24 6 63 15 0 66 ]
[ 15 36 29 1 33 6 9 2 34 58 20 1 9 86 10 52 46 31 80 29 49 10 61 51 37 ]
[ 80 7 43 2 96 17 23 12 15 15 60 51 12 82 77 28 2 2 0 21 79 55 11 2 7 ]
[ 7 10 52 10 23 48 14 16 3 31 66 42 22 0 69 43 80 63 5 21 65 35 37 11 30 ]
[ 17 21 20 38 15 35 9 90 8 50 40 32 57 97 14 34 65 9 13 0 11 16 43 42 27 ]
[ 41 8 22 1 52 5 69 16 44 88 32 4 77 27 20 53 9 66 18 7 45 53 52 1 0 ]
[ 86 42 9 15 2 18 55 50 19 62 88 29 0 30 8 14 5 99 26 64 8 57 7 8 10 ]
[ 46 94 88 11 0 22 13 18 2 51 63 11 2 23 31 57 25 60 39 43 41 15 22 30 5 ]
[ 69 0 4 62 14 57 20 33 15 14 29 26 86 17 36 35 37 94 45 62 10 18 10 23 0 ]
[ 14 41 40 17 35 90 71 4 51 42 83 18 22 4 82 42 18 3 6 4 50 30 32 9 8 ]
[ 3 59 18 99 74 20 29 13 69 10 56 10 20 9 0 76 72 12 16 25 44 1 13 69 2 ]
[ 30 60 1 19 14 33 12 1 27 94 1 78 63 63 52 26 33 14 78 28 3 20 35 2 36 ]
[ 31 97 16 80 38 56 39 1 5 30 1 23 60 9 38 6 96 21 0 58 5 34 16 14 51 ]

Timer (generate): 4ms real	0ms user	0ms sys
[ 61 34 98 35 58 86 16 9 81 58 72 93 62 21 38 11 84 65 91 74 58 0 13 88 27 ]
[ 43 94 17 80 80 65 42 67 15 29 25 1 97 86 34 7 10 28 70 83 66 33 19 83 24 ]
[ 93 41 76 58 81 55 1 28 72 82 60 89 76 27 56 5 4 9 55 42 44 62 52 24 32 ]
[ 88 90 18 7 25 42 53 67 71 11 0 26 13 28 51 47 89 40 23 16 97 80 73 6 35 ]
[ 15 2 98 20 26 30 8 68 0 15 94 95 68 61 66 32 13 92 45 42 95 92 83 36 15 ]
[ 51 85 47 24 43 83 92 46 81 12 72 63 20 41 64 87 35 11 8 48 77 40 13 21 85 ]
[ 55 17 29 90 5 96 94 90 43 18 33 78 10 79 11 22 4 27 94 97 43 82 32 54 42 ]
[ 32 31 82 45 52 19 53 21 48 95 26 96 89 16 39 60 2 70 22 33 81 97 37 8 91 ]
[ 34 51 25 18 5 67 2 88 49 0 41 20 5 62 68 0 41 16 42 9 8 2 11 78 24 ]
[ 45 59 21 34 20 65 21 71 90 39 29 58 94 17 59 94 58 80 51 73 0 51 66 69 45 ]
[ 75 77 47 87 55 24 84 66 97 18 86 14 39 10 5 31 39 15 25 56 26 71 67 58 22 ]
[ 92 11 25 58 80 23 85 57 70 24 64 46 8 82 96 27 69 10 18 31 67 1 70 34 26 ]
[ 78 61 49 97 19 23 41 82 1 51 62 24 37 71 46 61 87 93 70 70 41 49 91 51 19 ]
[ 22 71 21 44 5 99 74 66 1 72 38 24 13 20 77 65 35 1 54 6 48 15 46 93 37 ]
[ 16 34 86 7 37 58 81 8 79 77 66 30 51 32 31 75 22 8 89 95 85 6 30 87 60 ]
[ 88 87 75 34 80 13 50 66 51 9 55 9 42 16 40 19 82 71 71 66 54 98 89 62 87 ]
[ 84 48 45 14 35 5 54 74 33 89 54 98 91 72 1 1 79 63 95 95 3 15 77 26 38 ]
[ 96 33 36 85 95 76 69 95 21 35 82 79 89 56 12 30 62 62 22 34 63 75 14 26 70 ]
[ 61 82 37 91 60 27 87 93 64 72 41 92 93 36 13 80 19 44 21 75 56 52 38 70 26 ]
[ 24 34 1 90 60 23 52 94 13 95 55 40 82 0 4 6 41 48 51 78 62 83 97 6 4 ]

Running insertion sort algorithm: 
Timer (sort): 3489ms real	2510ms user	0ms sys
The output is sorted!
[ 35 3 4 19 9 42 70 14 23 52 34 13 32 62 28 31 6 2 1 66 21 35 77 33 2 ]
[ 2 39 21 50 4 12 1 29 17 34 1 53 88 12 38 57 52 1 7 4 4 59 10 84 36 ]
[ 27 39 7 12 16 12 3 28 20 86 12 56 43 15 70 18 59 61 49 55 13 7 8 31 5 ]
[ 7 90 45 2 8 20 25 43 86 4 69 0 74 10 8 7 28 94 3 95 1 2 9 0 23 ]
[ 16 6 53 33 68 31 20 73 14 28 28 21 52 62 35 47 30 23 5 8 33 13 5 24 29 ]
[ 34 51 25 18 5 67 2 88 49 0 41 20 5 62 68 0 41 16 42 9 8 2 11 78 24 ]
[ 41 4 63 9 37 80 87 4 2 22 42 0 22 14 34 21 7 28 18 36 86 43 27 20 20 ]
[ 59 4 35 44 17 40 24 7 21 8 32 3 18 21 26 22 64 92 10 54 39 68 11 3 49 ]
[ 64 11 47 6 20 19 57 42 18 31 20 59 38 17 24 11 1 33 79 1 60 2 87 13 11 ]
[ 16 25 1 12 9 23 8 68 4 35 13 27 98 92 44 82 35 11 22 14 7 2 29 49 47 ]
[ 9 27 17 20 1 29 52 8 20 31 6 1 40 1 34 47 73 72 10 47 70 78 37 53 2 ]
[ 37 13 76 36 10 19 2 19 51 38 30 93 20 6 7 80 11 86 39 13 20 15 11 11 42 ]
[ 76 11 76 55 4 37 8 6 19 51 6 92 66 19 3 15 38 32 26 21 21 3 11 24 74 ]
[ 41 18 21 57 34 11 9 40 93 4 51 9 6 8 0 1 87 47 13 96 43 2 57 14 34 ]
[ 58 75 5 43 23 16 54 24 15 0 83 2 4 54 30 20 74 19 48 4 20 0 81 28 18 ]
[ 52 44 19 6 44 27 7 12 13 55 12 66 74 4 31 8 23 20 91 50 10 33 24 29 44 ]
[ 34 2 17 44 14 66 40 5 8 12 35 35 34 42 87 12 33 69 13 19 95 21 29 31 3 ]
[ 13 28 15 8 94 22 38 46 7 53 10 65 4 25 89 81 22 25 6 6 26 27 11 45 41 ]
[ 17 61 18 63 25 4 35 60 1 27 99 70 0 33 13 39 40 27 32 54 17 34 8 16 14 ]
[ 54 58 26 2 34 23 83 54 17 12 10 52 26 53 84 8 18 40 9 11 5 58 32 31 11 ]

Timer (generate): 5ms real	0ms user	0ms sys
[ 2 87 54 16 77 47 95 36 15 60 72 63 71 95 46 17 29 49 52 94 27 84 40 47 34 ]
[ 65 7 57 72 28 23 74 15 77 91 93 76 38 81 44 98 53 59 70 0 57 39 30 7 91 ]
[ 24 34 27 16 33 13 82 41 23 6 69 46 80 85 75 71 30 3 9 11 47 60 16 6 30 ]
[ 69 16 21 99 23 64 75 9 43 91 42 57 25 83 80 31 5 78 64 42 53 35 72 56 97 ]
[ 35 56 57 3 14 39 72 30 12 23 53 76 98 62 71 42 57 28 19 92 60 3 97 38 67 ]
[ 91 43 2 15 0 51 50 8 60 6 22 99 30 53 63 54 58 91 4 73 63 46 30 91 66 ]
[ 74 4 21 24 94 88 15 38 42 31 90 94 33 98 54 39 72 6 70 25 21 76 36 13 80 ]
[ 9 76 79 91 19 97 17 23 18 41 18 6 57 8 48 40 98 94 73 96 1 65 68 59 87 ]
[ 46 80 63 82 93 95 43 69 74 86 89 23 3 64 41 45 34 99 54 42 48 94 40 94 19 ]
[ 88 47 84 9 6 71 7 39 86 41 32 34 84 54 60 22 95 84 25 11 25 22 46 77 76 ]
[ 88 25 22 29 71 42 17 19 26 78 25 50 85 16 88 26 49 74 62 55 35 84 2 71 62 ]
[ 13 96 84 59 25 13 48 50 35 29 74 77 98 93 56 77 70 58 62 87 46 41 88 21 3 ]
[ 95 8 40 97 79 2 10 27 38 22 53 51 70 55 87 99 29 16 97 74 72 26 97 30 41 ]
[ 36 29 82 24 2 37 71 62 77 68 41 79 30 68 18 52 73 21 74 29 8 25 10 77 23 ]
[ 37 49 1 34 32 42 70 13 76 46 67 14 69 29 91 37 70 23 67 90 93 72 16 14 46 ]
[ 45 75 72 7 52 47 44 53 0 30 37 43 52 2 19 50 69 33 19 98 77 8 20 52 28 ]
[ 63 45 0 79 11 98 76 38 70 83 42 69 80 48 70 62 85 65 15 40 84 17 9 70 37 ]
[ 60 99 45 80 51 73 95 48 25 74 59 24 50 50 46 86 92 68 18 40 38 80 78 3 47 ]
[ 18 39 65 79 61 2 39 60 99 72 63 25 67 11 2 94 23 78 96 73 25 34 65 45 4 ]
[ 58 35 85 36 90 84 6 29 49 85 43 3 77 3 3 49 67 80 68 30 82 14 53 13 11 ]

Running insertion sort algorithm: 
Timer (sort): 4022ms real	2550ms user	0ms sys
The output is sorted!
[ 6 1 4 2 96 11 48 81 1 24 39 34 57 10 41 15 15 48 3 52 10 56 10 4 64 ]
[ 23 30 29 71 15 44 18 52 4 39 88 1 17 33 31 8 13 11 5 51 1 41 20 14 91 ]
[ 55 2 56 0 19 3 1 26 7 23 0 17 64 55 34 49 87 17 29 17 2 39 94 26 43 ]
[ 7 91 74 24 72 37 12 18 8 29 51 1 5 42 15 59 16 3 91 41 6 8 1 30 37 ]
[ 14 56 70 44 2 38 2 14 54 9 3 10 86 85 4 15 92 8 28 14 14 26 2 18 78 ]
[ 9 25 20 30 46 47 17 43 47 17 9 69 17 61 42 5 61 21 43 92 15 3 0 6 47 ]
[ 56 19 0 49 11 65 41 1 26 15 15 2 25 41 89 74 20 52 6 38 22 76 35 8 8 ]
[ 26 65 8 22 43 27 23 2 93 6 68 6 4 15 19 15 83 43 13 40 74 60 33 5 6 ]
[ 95 40 72 51 2 13 6 41 37 14 71 6 44 41 21 26 48 8 4 51 20 1 42 17 30 ]
[ 4 53 4 51 3 36 77 44 10 51 44 10 66 24 1 14 21 9 14 17 33 88 20 95 17 ]
[ 28 6 50 35 41 48 32 41 37 30 13 78 8 23 59 73 1 52 12 10 3 46 9 25 48 ]
[ 14 28 30 52 0 68 1 11 3 16 2 19 94 49 27 35 30 9 36 17 77 20 58 72 40 ]
[ 17 13 47 2 24 55 7 16 59 35 17 8 60 27 38 10 45 44 4 66 3 31 52 91 39 ]
[ 12 85 6 28 1 46 52 13 21 2 10 88 18 81 14 51 82 17 2 20 0 54 32 22 54 ]
[ 7 0 82 63 63 10 50 5 20 81 32 0 21 45 45 28 2 1 28 67 32 43 3 48 36 ]
[ 77 44 18 27 10 31 11 72 16 11 58 8 11 79 38 20 11 19 6 28 60 74 41 10 33 ]
[ 98 79 2 10 7 6 0 85 55 16 45 3 3 34 42 19 68 24 26 46 10 13 22 18 87 ]
[ 17 17 16 58 31 86 9 65 44 40 5 30 1 19 21 82 79 6 12 22 32 12 9 91 24 ]
[ 8 0 47 36 35 82 40 78 0 27 20 42 35 11 22 42 74 18 21 45 53 42 1 14 40 ]
[ 0 11 12 97 11 15 93 44 11 76 5 79 41 11 10 52 10 9 45 83 47 37 4 18 14 ]

Timer (generate): 10ms real	10ms user	0ms sys
[ 61 85 54 88 20 54 37 46 1 24 61 51 49 4 67 69 30 75 9 21 1 30 91 68 87 ]
[ 94 44 36 21 26 96 34 11 3 22 31 9 59 78 62 36 91 13 85 96 81 6 26 8 15 ]
[ 0 62 97 43 82 37 37 26 73 58 52 22 45 15 25 67 99 34 79 29 97 67 20 62 52 ]
[ 16 43 10 95 4 25 47 66 75 90 48 64 28 75 89 38 79 11 83 47 88 3 46 75 82 ]
[ 75 24 49 95 86 53 64 30 63 11 34 40 58 52 67 48 0 31 28 27 21 19 59 32 54 ]
[ 6 73 57 4 48 39 79 72 40 26 58 93 90 40 8 1 26 49 11 78 68 60 79 0 40 ]
[ 58 21 59 17 5 14 75 30 23 79 78 63 58 50 55 85 61 1 27 1 9 81 28 10 92 ]
[ 58 79 4 37 31 97 96 4 56 65 9 22 41 40 46 20 70 61 31 73 16 68 34 17 95 ]
[ 87 79 28 67 41 73 26 72 77 15 3 74 63 7 83 29 69 5 22 61 3 42 83 64 73 ]
[ 56 81 41 42 50 89 82 81 17 49 23 90 27 47 20 43 51 46 6 10 29 87 31 87 9 ]
[ 92 90 52 76 55 77 84 88 19 27 90 60 9 24 77 10 99 20 38 46 40 33 49 38 91 ]
[ 60 68 79 91 7 40 36 97 44 64 4 22 0 44 93 79 87 53 40 11 82 51 62 2 41 ]
[ 8 94 26 58 85 17 70 53 48 13 12 89 49 9 33 65 66 55 66 62 0 97 1 53 38 ]
[ 64 88 89 26 42 82 35 89 8 45 74 77 15 79 26 80 91 15 82 52 48 47 70 56 65 ]
[ 33 56 63 34 62 53 99 50 42 77 92 76 12 81 36 9 7 13 76 86 39 57 77 6 39 ]
[ 30 7 38 0 63 4 85 71 19 72 33 72 23 35 66 0 28 94 65 61 30 74 69 95 51 ]
[ 7 87 8 85 93 99 67 0 37 19 15 93 5 87 64 77 72 36 0 8 54 52 36 48 17 ]
[ 49 30 92 70 26 95 30 13 55 15 58 54 34 11 43 53 26 37 10 65 1 87 38 90 39 ]
[ 46 96 92 34 97 61 83 79 53 6 57 0 36 70 55 3 81 9 37 92 5 42 70 42 53 ]
[ 36 95 92 74 37 84 20 34 76 54 83 37 89 62 43 47 20 43 83 42 51 38 23 12 27 ]

Running insertion sort algorithm: 
Timer (sort): 4978ms real	2930ms user	20ms sys
The output is sorted!
[ 96 3 28 22 28 4 72 20 59 3 6 3 0 56 10 72 25 17 13 48 11 3 64 34 12 ]
[ 60 1 71 27 12 14 28 12 21 18 30 6 13 6 29 25 58 84 31 20 62 12 63 45 5 ]
[ 48 92 9 28 6 50 83 19 10 15 93 12 55 26 5 11 54 10 38 3 5 3 40 6 36 ]
[ 87 16 12 16 19 16 1 0 5 36 74 8 4 26 51 30 52 72 19 32 46 9 84 21 37 ]
[ 20 59 56 5 2 7 38 0 76 6 19 71 3 49 16 0 34 5 0 35 41 69 80 52 30 ]
[ 41 47 0 32 6 38 1 1 74 37 23 2 1 73 31 4 45 6 55 9 57 20 56 90 26 ]
[ 40 0 93 84 2 23 51 56 0 22 8 96 3 0 6 67 18 0 38 4 26 31 18 70 27 ]
[ 11 3 29 16 9 32 29 76 10 1 56 28 36 50 49 10 87 14 74 5 86 16 6 44 8 ]
[ 8 4 6 12 53 28 24 6 98 16 22 17 4 99 38 49 68 58 30 7 28 4 30 63 15 ]
[ 8 99 4 1 86 56 28 6 48 2 15 11 4 0 44 13 9 1 59 53 68 89 52 6 30 ]
[ 47 22 97 15 18 20 25 32 8 4 71 22 71 4 51 14 14 25 41 2 4 75 53 37 22 ]
[ 19 12 41 43 31 14 20 34 24 4 7 11 54 37 9 12 53 16 75 78 51 28 10 38 76 ]
[ 16 0 37 7 17 48 11 32 70 75 31 48 28 80 49 8 5 7 65 32 5 12 57 29 29 ]
[ 40 94 56 4 46 84 42 24 1 82 42 2 2 15 4 71 6 83 29 28 2 14 0 26 3 ]
[ 4 6 49 5 94 57 89 11 14 52 10 12 44 9 48 16 11 52 36 78 20 8 46 29 5 ]
[ 2 52 82 19 2 21 24 40 67 5 84 43 54 36 20 1 5 15 21 29 38 45 43 21 39 ]
[ 77 22 30 53 16 7 44 5 77 9 46 30 71 22 14 18 16 81 13 8 2 96 16 24 17 ]
[ 11 35 35 26 7 90 9 10 3 0 39 33 24 25 5 67 53 31 15 12 71 55 23 79 57 ]
[ 49 9 42 8 45 11 69 9 71 3 78 33 16 45 21 85 15 43 58 14 23 30 6 0 32 ]
[ 21 26 11 49 24 28 9 89 4 58 67 97 35 57 35 20 58 8 7 0 18 14 32 11 38 ]

Timer (generate): 4ms real	0ms user	0ms sys
[ 3 75 71 90 69 52 29 93 65 75 17 90 78 15 59 74 3 38 31 19 20 13 76 22 24 ]
[ 88 6 17 97 72 84 0 99 7 43 69 11 24 14 76 99 31 18 77 46 78 3 2 16 34 ]
[ 21 88 99 49 11 24 38 69 41 87 41 77 39 41 36 82 10 47 7 76 75 6 8 94 36 ]
[ 6 72 39 60 40 26 33 28 25 83 91 1 73 60 94 60 2 23 99 95 59 82 57 58 41 ]
[ 33 34 47 93 80 35 52 4 75 12 44 53 46 24 30 29 16 84 2 28 78 14 82 54 13 ]
[ 77 65 47 86 76 88 72 62 88 65 42 23 17 46 50 82 42 3 28 66 86 9 34 70 63 ]
[ 63 0 77 97 54 90 75 72 90 13 48 78 85 10 18 3 52 42 72 50 92 6 92 48 34 ]
[ 58 34 95 45 56 58 8 56 35 5 63 26 32 35 68 98 35 46 35 45 17 90 49 59 63 ]
[ 99 3 69 91 3 56 1 89 51 46 45 10 54 54 45 12 17 23 96 4 91 94 39 90 82 ]
[ 36 59 72 85 18 87 84 73 9 75 77 65 28 66 68 75 64 78 81 18 76 93 87 51 42 ]
[ 91 95 88 82 37 70 18 96 43 3 66 82 39 39 91 66 16 56 94 35 25 69 99 55 51 ]
[ 69 83 96 56 87 38 99 82 79 33 19 1 51 67 96 6 33 79 97 72 70 63 41 79 9 ]
[ 76 4 79 27 11 82 48 47 78 56 34 69 55 16 0 40 87 1 43 54 98 1 39 77 98 ]
[ 11 47 13 52 26 22 80 82 53 59 46 35 7 93 66 63 79 87 70 47 87 10 34 88 53 ]
[ 40 38 54 79 15 4 42 15 17 47 93 40 79 76 45 39 74 81 46 19 99 10 98 86 32 ]
[ 45 25 43 31 65 48 71 4 55 2 19 59 96 86 29 43 80 21 75 8 66 14 82 99 12 ]
[ 1 98 22 51 84 7 96 9 50 79 75 50 2 79 57 4 50 69 52 37 98 48 69 71 23 ]
[ 77 37 37 59 37 49 12 35 24 63 72 31 11 33 33 42 8 35 44 39 93 0 42 62 52 ]
[ 31 12 0 0 83 75 77 72 12 88 9 14 0 97 90 15 69 21 78 2 6 20 63 93 16 ]
[ 54 86 16 96 0 68 79 64 21 79 47 96 8 72 61 96 33 75 48 30 17 15 51 90 45 ]

Running insertion sort algorithm: 
Timer (sort): 3923ms real	2670ms user	0ms sys
The output is sorted!
[ 1 4 54 3 34 6 1 12 7 15 45 70 54 28 90 25 6 50 19 10 20 82 63 7 55 ]
[ 7 45 5 12 76 2 43 56 38 0 6 17 85 4 11 41 4 8 65 40 55 33 60 31 29 ]
[ 20 43 65 65 74 14 7 77 14 25 9 16 5 13 14 50 2 44 65 18 7 52 21 3 58 ]
[ 1 28 16 59 26 8 36 3 68 16 21 67 2 79 35 66 31 76 31 14 12 11 69 11 4 ]
[ 99 32 1 4 29 30 11 26 21 11 87 19 12 82 33 81 50 34 35 26 17 8 6 2 42 ]
[ 2 1 42 32 0 35 15 12 16 1 21 58 41 34 19 7 48 35 65 98 44 44 86 22 23 ]
[ 13 48 41 17 77 2 27 3 22 18 1 37 16 6 72 59 78 79 53 13 38 0 11 9 63 ]
[ 16 8 1 14 55 14 54 10 38 21 45 62 12 72 24 54 8 69 54 18 39 11 76 19 9 ]
[ 43 54 24 44 77 0 21 85 11 78 5 3 25 30 9 0 5 12 84 28 54 46 9 32 26 ]
[ 40 0 62 61 39 51 88 7 70 34 45 59 3 1 6 13 25 38 98 1 0 15 28 29 0 ]
[ 61 15 6 63 31 47 75 66 23 19 0 4 67 49 39 38 21 6 44 51 8 6 8 18 48 ]
[ 30 27 46 40 1 26 13 74 4 47 12 8 1 60 51 9 62 20 81 31 96 9 47 17 4 ]
[ 87 48 61 67 0 26 20 7 2 7 27 30 98 54 7 20 40 37 0 26 48 38 7 7 52 ]
[ 10 52 11 59 0 10 34 24 21 12 23 54 8 38 14 70 52 63 63 0 8 46 44 94 8 ]
[ 36 12 0 21 15 64 9 53 66 33 80 62 32 67 32 64 3 9 4 49 34 4 39 0 36 ]
[ 88 54 2 1 54 8 8 73 51 15 8 67 26 64 7 38 14 71 13 27 0 47 4 37 55 ]
[ 19 9 6 1 10 63 91 17 48 99 32 62 41 18 17 29 67 28 14 5 26 14 63 59 0 ]
[ 16 16 67 3 87 83 74 1 16 56 4 34 31 5 29 7 1 50 23 40 96 30 22 43 4 ]
[ 15 23 49 97 29 21 1 54 85 69 15 20 40 12 2 16 28 86 82 34 9 7 28 11 8 ]
[ 27 86 6 19 68 27 1 3 3 22 10 20 14 52 25 3 1 31 75 86 11 48 88 81 38 ]

