PS C:\Users\sanje\Documents\GitHub\InsertionSort_MergeSort_HW1\CS590_hw1_code\Testing> & C:/Users/sanje/AppData/Local/Programs/Python/Python310/python.exe c:/Users/sanje/Documents/GitHub/InsertionSort_MergeSort_HW1/CS590_hw1_code/test.py
10000
100000
25000
250000
50000
output-default-inverted-10
10
2800
216731
13738
0
54256
10000
100000
25000
250000
50000
output-default-inverted-25
25
5756
0
29869
0
121036
10000
100000
25000
250000
50000
output-default-inverted-50
50
10180
0
58870
0
235464
10000
100000
25000
50000
output-default-random-10
10
1536
196037
8038
32080
10000
100000
25000
50000
output-default-random-25
25
3371
0
16580
80580
10000
100000
25000
50000
output-default-random-50
50
5613
0
30437
142478
10000
100000
1000000
25000
250000
2500000
50000
500000
output-default-sorted-10
10
0
6
69
1
20
175
2
38
10000
100000
1000000
25000
250000
2500000
50000
500000
output-default-sorted-25
25
1
17
155
2
34
376
5
81
10000
100000
1000000
25000
250000
2500000
50000
500000
output-default-sorted-50
50
2
28
291
5
76
627
17
156
10000
100000
1000000
25000
250000
2500000
50000
500000
output-optimised-inverted-10
10
268
19954
0
1732
125816
0
5265
0
10000
100000
1000000
25000
250000
2500000
50000
500000
output-optimised-inverted-25
25
268
20023
0
1697
127489
0
5258
0
10000
100000
1000000
25000
250000
2500000
50000
500000
output-optimised-inverted-50
50
239
20034
0
1684
127498
0
5381
0
10000
100000
1000000
25000
250000
50000
500000
output-optimised-random-10
10
127
10228
0
812
64947
3051
254083
10000
100000
1000000
25000
250000
50000
500000
output-optimised-random-25
25
131
9928
0
897
62491
3013
246133
10000
100000
1000000
25000
250000
50000
500000
output-optimised-random-50
50
121
10249
0
809
65115
3082
255088
10000
100000
1000000
25000
250000
2500000
50000
500000
output-optimised-sorted-10
10
1
12
173
2
33
423
7
68
10000
100000
1000000
25000
250000
2500000
50000
500000
output-optimised-sorted-25
25
2
12
205
3
51
499
7
117
10000
100000
1000000
25000
250000
2500000
50000
500000
output-optimised-sorted-50
50
1
18
288
4
67
577
12
142
test.py