Timer (generate): 2ms real	0ms user	0ms sys
[ 34 81 72 10 52 86 40 19 92 41 ]
[ 61 18 40 25 94 34 9 54 41 72 ]
[ 54 14 19 71 43 55 28 47 11 24 ]
[ 31 46 57 3 56 61 41 48 80 33 ]
[ 89 93 52 81 19 98 68 80 4 61 ]
[ 52 58 75 23 82 71 79 62 18 42 ]
[ 86 49 88 44 4 96 57 45 96 90 ]
[ 30 37 83 34 19 54 33 87 34 37 ]
[ 0 39 48 76 14 82 47 93 44 65 ]
[ 88 82 66 76 26 22 25 36 19 21 ]
[ 26 49 59 9 36 30 16 69 69 2 ]
[ 58 69 93 6 97 8 88 44 53 84 ]
[ 61 41 67 79 70 45 1 95 81 20 ]
[ 68 7 22 79 69 58 61 85 79 82 ]
[ 39 37 52 33 96 49 41 36 46 94 ]
[ 21 7 36 88 87 58 85 40 53 67 ]
[ 13 73 26 35 53 95 45 14 32 76 ]
[ 97 24 65 1 57 61 2 50 98 48 ]
[ 44 71 8 32 11 47 90 96 87 95 ]
[ 63 0 69 42 87 74 37 84 88 22 ]

Running insertion sort algorithm: 
Timer (sort): 1437ms real	1440ms user	0ms sys
The output is sorted!
[ 23 52 4 28 2 26 15 14 21 3 ]
[ 2 6 60 7 27 1 51 2 9 23 ]
[ 7 32 6 2 42 31 6 11 44 9 ]
[ 51 17 41 0 27 12 19 11 5 15 ]
[ 34 5 63 6 14 5 25 17 20 9 ]
[ 4 24 29 68 41 15 1 7 9 6 ]
[ 16 34 45 5 13 20 36 7 11 22 ]
[ 16 8 24 4 1 48 19 39 6 49 ]
[ 49 29 50 47 8 5 20 1 6 0 ]
[ 27 31 0 11 47 2 5 29 56 8 ]
[ 18 22 1 82 11 13 12 3 28 27 ]
[ 20 13 9 51 35 5 19 33 5 27 ]
[ 5 8 51 17 28 6 15 32 41 18 ]
[ 20 20 28 24 7 9 9 19 37 50 ]
[ 46 1 37 28 13 28 56 9 4 3 ]
[ 57 3 86 10 13 7 20 14 16 3 ]
[ 18 17 39 7 21 6 61 21 34 9 ]
[ 20 1 13 2 58 55 30 18 18 21 ]
[ 1 8 64 52 4 10 31 50 17 0 ]
[ 39 24 24 0 67 21 14 1 1 51 ]

Timer (generate): 3ms real	0ms user	0ms sys
[ 61 96 97 25 54 65 1 88 62 90 ]
[ 82 12 78 43 11 15 6 8 29 33 ]
[ 23 2 9 66 70 68 57 26 83 69 ]
[ 66 96 17 63 21 23 81 23 11 95 ]
[ 65 46 7 95 41 70 10 99 78 91 ]
[ 84 54 45 93 72 16 62 82 42 97 ]
[ 51 60 93 20 76 15 43 57 90 6 ]
[ 52 55 4 11 2 45 34 64 96 64 ]
[ 55 81 70 1 74 43 17 36 25 11 ]
[ 33 28 71 27 48 47 94 43 56 84 ]
[ 1 8 91 6 72 93 3 58 57 0 ]
[ 22 64 81 93 65 55 36 34 44 13 ]
[ 45 29 41 69 8 89 68 2 84 25 ]
[ 38 85 85 29 43 57 74 99 15 83 ]
[ 51 90 48 84 83 65 91 71 52 35 ]
[ 84 49 65 25 70 73 66 39 28 2 ]
[ 64 66 39 49 48 83 59 74 34 74 ]
[ 58 85 16 58 69 99 75 60 22 79 ]
[ 48 58 81 65 83 51 90 1 90 18 ]
[ 55 54 37 95 4 85 30 15 11 64 ]

Running insertion sort algorithm: 
Timer (sort): 1366ms real	1360ms user	10ms sys
The output is sorted!
[ 10 7 38 5 7 46 5 48 4 2 ]
[ 13 1 13 3 2 46 3 41 30 32 ]
[ 39 23 5 50 6 9 0 5 26 26 ]
[ 2 4 47 15 6 24 29 35 28 6 ]
[ 1 55 28 30 8 16 11 22 18 12 ]
[ 8 2 11 33 25 32 11 29 41 10 ]
[ 7 31 10 54 23 14 11 4 23 27 ]
[ 9 16 12 36 42 3 14 12 21 45 ]
[ 2 1 23 20 14 64 3 45 8 36 ]
[ 8 2 7 18 6 92 41 8 15 19 ]
[ 23 11 47 16 1 27 56 19 16 5 ]
[ 76 24 11 4 5 47 3 14 25 12 ]
[ 0 6 22 7 5 4 49 44 76 12 ]
[ 39 50 14 8 29 2 9 18 57 0 ]
[ 18 4 19 20 5 42 62 50 4 4 ]
[ 4 41 7 37 16 4 45 41 2 32 ]
[ 1 14 7 26 75 23 16 5 22 42 ]
[ 34 3 11 4 29 29 57 20 17 32 ]
[ 14 11 3 38 22 70 2 37 31 8 ]
[ 24 57 25 43 20 5 11 19 28 5 ]

Timer (generate): 6ms real	0ms user	0ms sys
[ 57 17 64 63 16 77 63 79 88 48 ]
[ 44 26 21 11 88 54 65 8 46 33 ]
[ 75 32 92 11 86 55 65 90 26 6 ]
[ 66 83 76 30 99 92 59 14 23 99 ]
[ 62 19 26 36 31 66 90 48 26 88 ]
[ 81 2 73 25 65 11 80 30 2 6 ]
[ 37 68 41 65 50 92 57 9 6 81 ]
[ 60 21 0 86 57 83 5 99 31 31 ]
[ 39 64 85 64 89 2 76 21 33 30 ]
[ 27 22 50 21 87 0 13 96 61 72 ]
[ 77 21 45 30 60 54 13 17 5 97 ]
[ 0 44 13 38 61 3 40 37 24 25 ]
[ 19 4 47 69 25 86 21 90 83 82 ]
[ 14 12 55 59 42 67 13 56 84 18 ]
[ 5 37 15 18 75 76 73 15 65 50 ]
[ 41 36 54 40 5 31 27 26 73 10 ]
[ 60 88 74 67 47 17 35 13 25 71 ]
[ 83 30 8 50 0 83 78 74 99 43 ]
[ 24 92 79 30 32 36 13 11 14 38 ]
[ 73 26 26 48 94 26 65 81 91 42 ]

Running insertion sort algorithm: 
Timer (sort): 1397ms real	1240ms user	0ms sys
The output is sorted!
[ 4 7 11 11 39 37 46 15 22 5 ]
[ 12 28 2 44 36 5 15 29 31 0 ]
[ 15 18 20 20 73 4 0 40 7 8 ]
[ 3 19 12 8 8 2 92 51 2 12 ]
[ 5 1 14 75 2 0 21 71 24 13 ]
[ 3 16 8 28 94 6 9 18 14 36 ]
[ 30 5 20 15 25 57 76 2 1 3 ]
[ 37 78 13 4 22 8 3 16 42 11 ]
[ 4 40 20 25 11 8 21 36 24 45 ]
[ 32 69 5 35 7 20 7 23 17 20 ]
[ 22 12 21 6 6 18 74 28 37 13 ]
[ 26 25 36 21 3 22 42 2 41 21 ]
[ 46 5 22 22 9 16 58 21 19 23 ]
[ 0 7 28 23 57 11 46 37 30 2 ]
[ 28 12 59 36 25 8 35 2 31 7 ]
[ 1 33 39 37 28 8 41 13 40 6 ]
[ 35 10 4 15 2 24 72 23 54 7 ]
[ 52 17 7 1 25 2 38 44 52 8 ]
[ 7 31 47 64 34 14 12 4 1 36 ]
[ 40 70 20 5 6 9 51 2 38 9 ]

Timer (generate): 2ms real	0ms user	0ms sys
[ 24 53 37 23 14 6 14 41 87 48 ]
[ 25 60 47 61 70 0 68 55 65 43 ]
[ 7 39 48 4 41 69 44 17 77 58 ]
[ 75 1 11 64 24 78 22 91 71 61 ]
[ 39 97 22 38 10 44 38 31 51 4 ]
[ 74 59 95 23 15 36 92 59 53 21 ]
[ 18 80 23 81 96 99 11 18 90 83 ]
[ 80 82 80 54 20 90 50 11 21 2 ]
[ 15 48 13 10 71 28 98 15 40 51 ]
[ 37 10 84 60 43 80 11 55 51 54 ]
[ 90 31 88 70 37 8 12 87 19 86 ]
[ 41 86 34 6 48 57 35 46 72 27 ]
[ 50 9 89 86 21 32 18 85 39 69 ]
[ 39 29 52 27 51 89 87 16 29 59 ]
[ 54 70 45 40 77 94 97 64 92 69 ]
[ 43 42 31 32 80 4 16 99 89 8 ]
[ 68 80 89 21 7 41 62 47 9 91 ]
[ 6 63 14 3 3 91 49 0 7 42 ]
[ 21 50 36 52 34 17 9 2 16 98 ]
[ 10 36 79 0 9 38 93 72 37 2 ]

Running insertion sort algorithm: 
Timer (sort): 2024ms real	1290ms user	20ms sys
The output is sorted!
[ 1 27 4 37 11 6 27 2 33 36 ]
[ 36 4 0 22 13 17 6 22 3 65 ]
[ 29 0 3 24 12 24 70 1 8 19 ]
[ 52 0 1 31 12 8 8 36 50 3 ]
[ 23 2 28 48 7 57 1 0 3 39 ]
[ 5 6 19 7 28 7 88 18 10 21 ]
[ 50 78 10 16 6 5 7 22 8 8 ]
[ 9 8 24 13 70 39 32 2 12 2 ]
[ 11 10 3 3 0 0 42 4 49 95 ]
[ 44 15 19 1 1 37 12 68 17 3 ]
[ 3 22 6 18 5 9 86 23 15 32 ]
[ 25 20 32 1 8 0 4 0 63 68 ]
[ 77 6 10 43 20 7 4 36 13 5 ]
[ 1 35 0 20 71 18 2 26 27 22 ]
[ 56 17 41 0 4 10 12 51 10 21 ]
[ 12 12 1 8 50 45 31 26 22 17 ]
[ 7 9 38 25 16 45 16 17 40 12 ]
[ 1 86 0 9 32 29 40 1 8 20 ]
[ 30 9 0 51 8 11 19 15 0 84 ]
[ 18 20 44 12 30 25 6 39 6 28 ]

Timer (generate): 2ms real	0ms user	0ms sys
[ 61 53 30 27 0 50 8 87 86 59 ]
[ 95 5 74 78 75 38 77 78 10 75 ]
[ 19 62 75 42 39 7 68 20 39 70 ]
[ 2 0 23 84 79 75 86 87 62 72 ]
[ 99 57 29 73 87 4 63 16 35 73 ]
[ 92 54 87 19 96 79 27 16 99 66 ]
[ 38 54 19 13 38 98 88 25 86 2 ]
[ 49 37 11 31 62 50 87 25 67 22 ]
[ 50 11 29 37 30 77 68 9 46 68 ]
[ 76 84 74 47 98 12 45 38 89 83 ]
[ 41 91 20 4 22 82 55 9 59 74 ]
[ 84 9 37 13 99 19 42 19 29 88 ]
[ 87 57 25 13 4 23 78 1 61 67 ]
[ 85 54 10 57 11 84 92 66 46 51 ]
[ 92 30 13 29 95 64 48 37 83 77 ]
[ 78 23 86 3 88 90 26 66 44 39 ]
[ 86 81 46 96 38 57 81 30 75 27 ]
[ 34 67 9 99 96 4 15 96 93 50 ]
[ 26 71 25 12 74 14 3 0 80 99 ]
[ 92 66 80 90 63 18 47 96 1 22 ]

Running insertion sort algorithm: 
Timer (sort): 2699ms real	1460ms user	20ms sys
The output is sorted!
[ 30 5 26 3 3 48 0 7 29 10 ]
[ 10 3 2 1 70 52 31 7 7 0 ]
[ 6 8 34 10 3 20 30 11 4 65 ]
[ 14 21 40 18 13 34 10 17 3 22 ]
[ 3 26 17 12 23 63 16 0 1 31 ]
[ 37 0 2 75 0 2 20 30 15 13 ]
[ 26 4 22 7 24 34 10 67 1 6 ]
[ 6 77 4 19 24 22 10 19 6 14 ]
[ 6 25 46 12 59 18 6 5 0 33 ]
[ 54 5 7 24 10 10 43 10 28 23 ]
[ 35 18 34 50 27 9 25 6 11 1 ]
[ 4 17 0 11 14 38 16 40 58 19 ]
[ 37 0 20 29 23 41 3 0 54 14 ]
[ 12 43 4 45 35 7 8 25 33 11 ]
[ 32 0 16 48 45 0 40 2 2 39 ]
[ 27 34 12 7 3 11 3 15 29 85 ]
[ 42 17 13 70 37 4 6 14 17 11 ]
[ 30 26 1 27 10 30 11 36 61 6 ]
[ 46 12 9 9 17 80 18 43 0 5 ]
[ 32 8 1 43 45 0 26 37 21 27 ]

Timer (generate): 2ms real	0ms user	0ms sys
[ 40 28 60 38 72 67 40 84 29 33 ]
[ 62 41 59 89 34 72 87 68 86 55 ]
[ 99 54 32 99 67 68 91 97 15 35 ]
[ 61 7 15 73 97 87 41 89 23 70 ]
[ 23 85 63 82 27 49 55 14 17 93 ]
[ 69 16 47 2 68 66 22 11 15 37 ]
[ 98 28 96 14 2 94 1 43 83 77 ]
[ 65 6 62 28 41 89 77 96 56 94 ]
[ 89 25 62 88 79 82 54 1 94 69 ]
[ 90 92 98 87 6 0 33 60 95 68 ]
[ 37 60 27 51 40 68 93 69 64 49 ]
[ 15 5 26 77 93 58 60 47 59 6 ]
[ 68 2 50 66 41 57 18 74 69 65 ]
[ 94 58 77 21 9 17 41 54 38 5 ]
[ 3 53 62 82 83 55 40 95 54 51 ]
[ 1 75 53 51 41 94 60 12 20 29 ]
[ 29 15 87 7 88 49 76 30 3 15 ]
[ 87 59 68 2 41 51 57 81 46 64 ]
[ 84 99 39 38 3 32 84 63 96 5 ]
[ 45 26 72 32 33 12 33 9 94 37 ]

Running insertion sort algorithm: 
Timer (sort): 1945ms real	1250ms user	10ms sys
The output is sorted!
[ 1 14 19 63 18 9 19 2 1 5 ]
[ 19 27 3 8 5 6 2 0 36 45 ]
[ 14 10 38 27 15 58 5 15 13 6 ]
[ 8 16 31 27 32 2 38 31 2 18 ]
[ 52 1 43 20 13 9 42 10 15 4 ]
[ 25 19 2 30 0 66 3 16 44 11 ]
[ 24 12 42 18 52 3 15 3 13 35 ]
[ 75 3 38 19 41 15 13 8 4 6 ]
[ 22 11 50 11 14 2 15 16 13 72 ]
[ 32 20 15 60 9 20 7 11 18 36 ]
[ 5 66 0 9 31 30 25 9 16 37 ]
[ 18 35 29 23 15 2 2 4 14 87 ]
[ 14 13 3 42 6 23 77 19 9 27 ]
[ 1 44 46 28 21 30 40 11 15 1 ]
[ 6 9 24 76 8 29 11 22 3 52 ]
[ 92 1 38 12 17 22 0 10 43 7 ]
[ 53 1 5 1 73 13 39 11 11 39 ]
[ 45 6 13 35 25 26 10 52 19 15 ]
[ 24 8 11 12 90 45 5 17 25 10 ]
[ 9 17 69 5 69 34 1 32 0 11 ]

Timer (generate): 2ms real	0ms user	0ms sys
[ 82 45 38 79 34 52 54 30 70 54 ]
[ 78 8 50 43 64 2 83 48 39 65 ]
[ 45 57 42 26 72 16 84 58 9 94 ]
[ 84 92 91 22 23 25 26 30 7 96 ]
[ 84 85 4 86 80 21 88 63 21 79 ]
[ 80 18 36 22 44 60 90 28 70 0 ]
[ 74 54 44 17 28 67 94 54 97 1 ]
[ 51 81 38 7 19 71 80 7 86 1 ]
[ 86 67 19 74 41 15 87 32 96 57 ]
[ 84 70 64 28 88 92 95 82 47 45 ]
[ 36 50 78 26 9 98 97 90 5 36 ]
[ 43 44 55 63 70 48 78 57 80 26 ]
[ 67 64 97 31 44 37 75 40 71 74 ]
[ 37 59 24 15 86 86 13 35 76 71 ]
[ 71 71 67 26 34 89 75 65 47 7 ]
[ 91 66 24 40 49 68 29 24 60 1 ]
[ 99 97 60 75 65 46 61 78 82 89 ]
[ 1 5 61 20 84 47 10 11 64 9 ]
[ 18 8 75 94 48 24 15 78 0 75 ]
[ 31 51 25 43 79 90 90 40 20 24 ]

Running insertion sort algorithm: 
Timer (sort): 2029ms real	1200ms user	0ms sys
The output is sorted!
[ 1 22 22 13 16 19 7 17 6 6 ]
[ 5 9 12 86 0 4 7 24 0 4 ]
[ 5 1 1 14 30 13 27 20 0 56 ]
[ 9 1 3 30 0 84 9 9 19 7 ]
[ 43 41 5 24 26 5 17 14 17 0 ]
[ 11 11 0 17 11 34 9 20 4 87 ]
[ 29 15 45 18 35 20 21 21 0 1 ]
[ 6 10 24 63 18 4 23 35 4 20 ]
[ 30 1 29 5 31 6 23 53 8 21 ]
[ 15 1 7 13 76 39 4 3 43 9 ]
[ 4 53 0 31 13 44 14 24 20 7 ]
[ 33 13 2 36 22 45 20 10 22 8 ]
[ 40 26 27 1 3 1 6 11 82 18 ]
[ 17 5 25 23 39 15 61 18 14 2 ]
[ 8 61 13 2 27 46 18 1 28 16 ]
[ 5 65 0 64 1 8 3 55 13 8 ]
[ 81 10 9 12 17 10 0 15 56 14 ]
[ 28 11 9 34 80 11 22 23 3 4 ]
[ 12 4 24 44 25 27 12 29 34 15 ]
[ 7 4 56 75 9 5 47 5 18 1 ]

Timer (generate): 1ms real	0ms user	0ms sys
[ 60 88 77 73 58 18 6 92 82 85 ]
[ 12 23 37 3 42 59 39 94 71 35 ]
[ 53 46 31 20 10 44 31 18 37 2 ]
[ 64 49 91 93 22 49 12 80 93 46 ]
[ 66 5 69 55 60 64 14 51 58 37 ]
[ 86 11 35 69 31 45 14 14 64 3 ]
[ 16 80 52 59 74 27 60 86 7 53 ]
[ 32 73 10 54 28 71 18 95 74 76 ]
[ 32 13 39 20 82 22 65 48 36 81 ]
[ 51 4 62 56 64 36 83 24 74 90 ]
[ 78 58 16 40 64 96 11 82 91 38 ]
[ 10 76 3 49 48 85 23 65 86 59 ]
[ 47 37 16 61 93 32 49 28 56 23 ]
[ 71 86 33 87 27 98 83 90 80 27 ]
[ 80 43 55 83 44 3 21 68 68 7 ]
[ 79 67 96 95 28 90 27 77 70 36 ]
[ 52 41 74 86 28 53 36 64 96 16 ]
[ 43 76 11 98 12 56 53 33 76 21 ]
[ 92 55 89 88 3 69 30 82 47 1 ]
[ 70 51 42 45 37 23 50 73 39 46 ]

Running insertion sort algorithm: 
Timer (sort): 1974ms real	1330ms user	0ms sys
The output is sorted!
[ 11 26 12 6 26 17 43 4 15 7 ]
[ 7 2 15 0 9 53 37 45 2 22 ]
[ 46 13 6 14 4 43 33 9 17 7 ]
[ 2 20 1 10 5 47 12 39 13 50 ]
[ 60 23 7 41 13 8 8 33 6 5 ]
[ 39 3 35 8 2 15 12 52 35 4 ]
[ 19 11 24 0 2 22 45 43 13 27 ]
[ 18 13 4 20 4 21 20 29 26 52 ]
[ 29 5 15 4 26 37 64 3 30 5 ]
[ 7 76 28 2 25 23 2 32 2 22 ]
[ 0 47 73 15 32 21 1 0 31 0 ]
[ 89 0 40 7 0 6 15 20 19 26 ]
[ 49 15 57 8 14 13 4 32 20 13 ]
[ 4 12 22 20 73 22 27 6 8 33 ]
[ 29 10 28 18 13 28 37 5 58 3 ]
[ 9 10 34 23 35 0 2 17 27 74 ]
[ 60 64 0 17 19 20 28 18 4 2 ]
[ 14 28 10 1 49 34 7 14 18 58 ]
[ 27 4 6 47 24 14 5 52 32 23 ]
[ 0 60 21 8 10 4 31 5 50 46 ]

Timer (generate): 2ms real	0ms user	0ms sys
[ 77 53 88 1 62 33 1 34 25 99 ]
[ 42 94 58 62 48 25 28 63 98 76 ]
[ 11 46 43 13 56 54 90 34 73 94 ]
[ 87 3 47 27 4 10 12 58 44 37 ]
[ 57 38 83 67 1 32 92 29 95 43 ]
[ 5 58 89 0 72 46 6 14 32 80 ]
[ 8 71 83 55 98 39 65 62 97 62 ]
[ 51 6 0 34 26 53 18 70 83 14 ]
[ 13 40 72 3 41 96 1 47 10 33 ]
[ 79 18 4 62 74 54 54 91 16 3 ]
[ 5 67 62 6 1 88 59 72 58 94 ]
[ 86 24 35 10 27 28 59 80 75 69 ]
[ 13 7 40 69 21 66 23 75 57 39 ]
[ 79 63 58 93 21 59 81 32 83 91 ]
[ 27 69 15 14 32 94 42 91 74 69 ]
[ 12 39 76 52 8 98 18 83 25 28 ]
[ 22 56 43 80 49 64 92 82 96 75 ]
[ 26 75 97 93 41 81 40 35 24 66 ]
[ 5 36 6 33 41 66 83 59 50 9 ]
[ 39 24 17 82 57 19 98 49 1 47 ]

Running insertion sort algorithm: 
Timer (sort): 1766ms real	1290ms user	0ms sys
The output is sorted!
[ 64 31 1 30 12 29 9 5 5 9 ]
[ 36 9 4 28 27 17 26 8 3 37 ]
[ 20 0 2 1 12 26 26 9 21 83 ]
[ 8 21 8 22 5 46 34 15 29 12 ]
[ 49 7 5 42 13 4 26 24 29 6 ]
[ 28 37 25 11 63 5 19 0 10 8 ]
[ 40 1 1 23 10 46 26 51 6 3 ]
[ 29 5 26 21 17 70 3 8 23 7 ]
[ 6 54 10 28 19 2 10 21 12 55 ]
[ 15 5 51 0 21 33 10 14 48 22 ]
[ 11 19 6 33 37 14 58 36 6 5 ]
[ 14 27 38 20 27 42 8 11 27 15 ]
[ 80 1 48 24 18 9 3 25 18 3 ]
[ 5 9 76 2 10 54 11 41 14 10 ]
[ 74 37 10 36 6 3 42 3 16 9 ]
[ 70 6 17 8 38 25 5 21 17 32 ]
[ 2 61 25 6 8 0 24 24 38 51 ]
[ 22 63 1 3 36 53 35 4 3 21 ]
[ 44 31 8 29 56 15 33 3 14 8 ]
[ 63 11 3 13 5 35 35 16 43 18 ]

Timer (generate): 1ms real	0ms user	0ms sys
[ 42 19 57 93 80 69 29 21 33 87 ]
[ 67 70 81 46 62 10 29 97 98 21 ]
[ 60 99 33 7 31 54 39 6 76 24 ]
[ 65 70 95 74 63 75 96 44 49 29 ]
[ 31 16 52 12 14 14 75 43 12 73 ]
[ 64 72 24 50 31 7 56 22 13 84 ]
[ 46 30 54 42 57 69 69 5 13 18 ]
[ 86 44 87 38 9 53 53 84 49 17 ]
[ 57 65 41 33 67 25 40 24 47 6 ]
[ 8 94 36 15 88 45 84 57 50 98 ]
[ 28 37 94 67 75 3 20 80 87 69 ]
[ 49 96 35 43 81 54 68 22 78 15 ]
[ 28 39 61 16 54 49 62 90 59 64 ]
[ 40 39 1 35 6 29 38 78 61 78 ]
[ 0 11 26 87 6 8 41 74 82 72 ]
[ 89 10 11 51 78 65 52 40 7 63 ]
[ 5 48 2 58 83 60 39 73 39 1 ]
[ 3 91 64 30 30 70 38 71 96 20 ]
[ 43 85 82 54 88 60 71 93 53 31 ]
[ 56 10 79 11 68 14 71 60 87 62 ]

Running insertion sort algorithm: 
Timer (sort): 1712ms real	1110ms user	0ms sys
The output is sorted!
[ 6 11 23 52 11 21 12 4 2 17 ]
[ 37 0 30 19 30 28 5 9 1 15 ]
[ 4 73 0 10 18 3 60 0 4 12 ]
[ 3 31 4 1 21 27 10 20 12 59 ]
[ 64 1 29 0 2 7 8 36 0 44 ]
[ 10 42 0 19 5 46 2 6 68 10 ]
[ 25 3 59 7 28 31 10 17 0 29 ]
[ 27 25 31 40 5 21 2 18 28 12 ]
[ 8 6 13 30 23 22 42 31 17 18 ]
[ 23 26 72 4 19 26 11 1 26 2 ]
[ 26 5 34 40 13 3 14 16 37 23 ]
[ 17 14 7 36 3 8 35 27 71 4 ]
[ 26 59 9 10 5 14 59 6 9 25 ]
[ 4 10 24 49 2 6 18 28 3 79 ]
[ 45 14 27 15 3 20 45 46 9 0 ]
[ 7 5 40 8 5 22 23 30 66 20 ]
[ 20 19 2 11 3 22 30 16 41 65 ]
[ 13 36 3 12 3 35 14 74 10 31 ]
[ 9 8 2 24 2 19 39 47 68 15 ]
[ 13 5 75 22 23 5 3 54 37 0 ]

