Timer (generate): 19ms real	10ms user	0ms sys
[ 7 60 72 66 61 6 54 52 3 56 ]
[ 25 37 63 45 77 96 42 47 63 7 ]
[ 43 94 83 66 11 84 83 83 91 20 ]
[ 60 50 81 84 16 94 90 22 46 93 ]
[ 30 23 82 93 69 12 41 63 59 4 ]
[ 70 54 51 5 20 62 42 56 46 85 ]
[ 76 58 35 9 94 3 55 85 77 1 ]
[ 30 7 77 65 52 98 29 93 61 40 ]
[ 49 83 94 52 40 67 15 82 75 13 ]
[ 67 51 23 2 13 17 5 68 54 82 ]
[ 22 37 41 99 2 45 49 31 90 10 ]
[ 71 40 45 17 92 85 36 59 68 11 ]
[ 24 87 63 99 90 28 17 47 96 23 ]
[ 82 70 60 23 69 62 21 70 45 11 ]
[ 32 68 3 77 38 48 15 74 59 35 ]
[ 86 84 22 1 35 12 81 52 12 77 ]
[ 28 94 0 88 69 21 3 90 92 0 ]
[ 54 24 21 57 54 59 57 69 85 17 ]
[ 4 23 53 78 24 88 43 57 93 55 ]
[ 87 21 49 87 61 18 8 64 61 0 ]

Running insertion sort algorithm: 
Timer (sort): 162582ms real	162580ms user	0ms sys
The output is sorted!
[ 1 4 19 25 1 10 5 4 55 14 ]
[ 3 27 16 10 2 8 13 32 27 3 ]
[ 32 17 6 18 5 17 13 4 22 19 ]
[ 17 1 11 17 8 9 51 3 11 31 ]
[ 2 4 4 52 8 32 4 25 30 8 ]
[ 20 6 76 5 49 1 2 12 1 1 ]
[ 14 41 12 0 15 26 10 37 21 3 ]
[ 1 13 6 21 35 0 0 18 6 83 ]
[ 17 21 16 5 5 16 0 54 33 16 ]
[ 19 4 28 12 26 37 46 8 0 4 ]
[ 0 31 13 17 8 1 57 2 3 53 ]
[ 12 3 5 30 3 20 2 85 0 27 ]
[ 3 12 0 14 25 11 68 35 14 7 ]
[ 2 24 6 7 33 14 64 22 15 3 ]
[ 27 10 40 3 11 15 7 63 2 12 ]
[ 14 8 29 31 63 10 3 4 19 10 ]
[ 11 22 27 41 7 2 6 21 12 43 ]
[ 21 8 8 59 19 22 12 42 1 0 ]
[ 37 26 16 31 13 7 61 0 2 0 ]
[ 44 62 26 8 11 10 0 2 11 19 ]

Timer (generate): 21ms real	10ms user	0ms sys
[ 17 65 8 75 69 94 2 94 87 5 ]
[ 50 73 4 46 63 69 23 49 30 14 ]
[ 43 15 23 70 65 21 46 31 47 94 ]
[ 76 65 60 84 92 81 78 94 75 65 ]
[ 99 25 90 3 71 54 24 94 3 6 ]
[ 61 46 22 36 16 39 57 14 22 5 ]
[ 61 98 22 21 83 14 2 13 60 29 ]
[ 31 11 54 21 66 77 75 90 24 78 ]
[ 97 37 76 19 73 45 10 31 11 32 ]
[ 88 72 83 62 45 66 76 99 31 88 ]
[ 28 62 99 34 84 65 12 59 7 88 ]
[ 90 4 25 18 75 98 63 85 81 75 ]
[ 70 69 99 53 83 45 71 59 44 2 ]
[ 99 73 17 98 7 1 15 71 12 23 ]
[ 59 54 79 84 25 7 35 88 44 16 ]
[ 15 14 38 15 19 21 12 42 33 56 ]
[ 97 32 81 14 83 41 67 50 12 79 ]
[ 73 72 86 5 8 11 12 95 51 8 ]
[ 12 67 75 2 34 94 75 46 89 8 ]
[ 54 86 93 36 0 28 29 67 78 41 ]

Running insertion sort algorithm: 
Timer (sort): 172448ms real	172450ms user	0ms sys
The output is sorted!
[ 10 13 0 47 10 3 70 1 1 3 ]
[ 43 19 31 7 12 9 12 4 25 1 ]
[ 12 5 25 54 5 17 15 12 20 2 ]
[ 20 35 19 25 6 2 30 14 14 3 ]
[ 7 10 28 43 20 6 12 6 6 31 ]
[ 2 0 48 21 17 25 18 15 23 6 ]
[ 9 61 1 6 0 10 19 43 19 8 ]
[ 15 24 0 4 12 13 59 13 36 0 ]
[ 55 38 9 6 1 28 0 4 8 28 ]
[ 4 6 7 21 16 8 83 21 7 4 ]
[ 43 9 24 26 8 24 20 11 1 13 ]
[ 15 49 47 20 17 10 3 16 7 1 ]
[ 21 9 27 2 3 36 16 2 70 5 ]
[ 53 35 45 1 4 12 1 8 17 15 ]
[ 31 13 14 26 12 10 5 40 27 13 ]
[ 3 26 0 8 35 4 25 76 8 9 ]
[ 1 40 23 3 5 41 18 0 58 5 ]
[ 19 25 34 0 11 6 59 3 27 10 ]
[ 45 18 0 49 14 25 0 34 10 0 ]
[ 0 37 47 19 21 8 9 16 33 5 ]

Timer (generate): 18ms real	10ms user	0ms sys
[ 28 68 26 67 96 28 32 74 6 25 ]
[ 33 59 83 11 34 80 6 64 21 77 ]
[ 47 19 19 29 77 86 73 62 69 78 ]
[ 57 49 98 36 17 94 64 49 68 23 ]
[ 26 1 82 61 64 16 41 23 32 63 ]
[ 0 79 82 19 60 11 57 33 73 79 ]
[ 11 83 28 62 19 45 56 35 47 77 ]
[ 58 25 30 92 87 47 8 80 70 40 ]
[ 95 70 71 29 41 32 41 50 17 66 ]
[ 29 81 49 58 43 20 3 51 8 2 ]
[ 80 18 28 11 11 67 58 19 47 80 ]
[ 12 95 2 83 24 43 67 17 45 85 ]
[ 84 75 66 33 85 61 54 40 12 62 ]
[ 43 93 80 71 56 43 38 66 63 37 ]
[ 46 27 32 48 62 57 43 30 74 88 ]
[ 67 58 63 85 44 48 46 50 41 10 ]
[ 12 84 3 44 7 11 88 45 77 3 ]
[ 34 23 30 67 23 44 76 66 26 2 ]
[ 55 93 61 70 30 57 71 76 7 12 ]
[ 87 71 96 42 15 3 54 55 0 83 ]

Running insertion sort algorithm: 
Timer (sort): 200303ms real	200290ms user	0ms sys
The output is sorted!
[ 14 17 7 7 7 51 25 3 10 2 ]
[ 22 8 6 10 10 16 33 21 1 19 ]
[ 6 19 9 6 5 8 18 27 13 37 ]
[ 9 23 13 21 0 28 16 1 28 10 ]
[ 6 2 22 0 29 15 17 30 22 7 ]
[ 4 1 18 29 26 36 6 14 17 0 ]
[ 33 3 4 12 3 10 36 44 4 9 ]
[ 1 15 0 71 53 3 1 10 4 2 ]
[ 55 20 10 15 3 0 14 18 19 13 ]
[ 20 9 2 1 40 12 20 3 60 1 ]
[ 41 8 17 9 7 3 58 19 2 4 ]
[ 13 0 6 4 35 30 19 25 11 25 ]
[ 14 9 7 30 22 30 10 10 4 35 ]
[ 27 5 12 4 14 20 13 29 20 29 ]
[ 50 4 15 5 20 18 19 0 31 11 ]
[ 2 13 42 36 0 0 9 20 45 10 ]
[ 24 11 19 55 1 22 6 11 17 13 ]
[ 23 15 8 30 38 24 13 17 10 1 ]
[ 6 73 8 4 2 18 5 49 13 3 ]
[ 33 25 9 1 7 33 3 12 4 54 ]

Timer (generate): 18ms real	10ms user	0ms sys
[ 43 78 2 28 54 86 72 64 98 26 ]
[ 85 55 70 42 24 27 10 34 24 69 ]
[ 63 45 67 26 8 53 8 94 74 88 ]
[ 38 69 19 93 97 73 79 22 89 77 ]
[ 48 74 84 19 69 8 98 31 94 22 ]
[ 52 57 20 19 83 28 24 44 75 98 ]
[ 84 13 20 3 6 69 77 85 91 66 ]
[ 14 92 93 98 63 62 58 61 45 52 ]
[ 35 97 62 7 16 97 36 41 93 63 ]
[ 91 78 76 63 81 35 33 10 72 24 ]
[ 29 87 68 22 85 31 36 96 44 81 ]
[ 0 80 78 62 87 46 12 75 39 57 ]
[ 90 31 35 67 94 17 54 79 79 26 ]
[ 56 8 65 24 30 3 8 66 99 52 ]
[ 99 99 32 29 14 72 76 78 99 15 ]
[ 35 90 98 71 9 45 40 63 24 19 ]
[ 41 80 28 7 57 10 10 65 29 61 ]
[ 17 28 60 2 10 26 26 86 4 25 ]
[ 53 40 67 4 11 76 49 3 91 25 ]
[ 22 85 6 2 44 15 13 6 80 42 ]

Running insertion sort algorithm: 
Timer (sort): 198934ms real	198930ms user	0ms sys
The output is sorted!
[ 0 14 0 0 13 4 11 18 28 33 ]
[ 11 8 9 35 11 2 26 6 33 3 ]
[ 19 45 3 7 15 10 14 6 31 4 ]
[ 3 16 21 14 13 3 8 27 20 35 ]
[ 40 12 20 4 29 0 17 0 4 34 ]
[ 3 4 7 11 1 0 37 53 16 36 ]
[ 2 22 46 24 7 13 5 13 14 22 ]
[ 9 3 5 38 34 2 43 20 3 12 ]
[ 13 6 0 22 11 17 69 14 2 15 ]
[ 4 9 62 10 0 47 16 1 0 21 ]
[ 0 29 8 1 7 6 30 15 1 74 ]
[ 14 13 21 3 12 46 6 26 7 23 ]
[ 45 12 0 23 15 5 15 41 26 2 ]
[ 23 2 27 11 32 16 7 16 15 36 ]
[ 32 35 7 7 5 11 3 15 49 22 ]
[ 15 3 23 0 35 40 50 11 2 7 ]
[ 11 15 14 22 0 40 14 3 7 60 ]
[ 62 11 39 9 14 10 10 5 26 2 ]
[ 1 9 7 30 54 3 0 35 29 22 ]
[ 24 17 7 21 7 21 16 31 25 22 ]

Timer (generate): 17ms real	10ms user	0ms sys
[ 64 21 80 70 27 0 76 80 30 18 ]
[ 94 23 31 21 67 68 77 89 88 47 ]
[ 43 69 87 45 45 19 29 29 2 54 ]
[ 95 18 75 75 40 2 75 16 82 57 ]
[ 87 29 33 18 50 52 39 80 42 27 ]
[ 79 85 48 66 82 46 85 63 75 39 ]
[ 17 70 57 93 45 98 47 73 66 82 ]
[ 30 53 11 63 24 13 16 63 93 10 ]
[ 90 24 47 39 90 29 85 27 93 12 ]
[ 66 62 83 24 7 80 22 55 53 88 ]
[ 37 36 94 0 51 18 13 19 81 59 ]
[ 29 23 83 76 14 26 58 51 53 3 ]
[ 64 20 65 99 96 73 31 70 80 37 ]
[ 10 17 73 4 69 76 74 34 96 55 ]
[ 45 25 31 81 54 45 7 12 49 60 ]
[ 67 65 32 32 64 80 57 47 2 37 ]
[ 84 13 6 9 69 75 86 44 10 82 ]
[ 51 55 59 82 36 13 80 43 77 29 ]
[ 56 44 94 40 29 10 73 86 57 75 ]
[ 76 42 88 82 3 58 58 89 54 68 ]

Running insertion sort algorithm: 
Timer (sort): 206063ms real	206070ms user	0ms sys
The output is sorted!
[ 20 9 9 11 15 7 33 8 17 1 ]
[ 3 1 20 26 22 34 6 6 0 20 ]
[ 0 41 23 3 20 20 2 6 25 0 ]
[ 16 11 11 33 27 33 4 3 1 17 ]
[ 14 6 10 3 12 29 34 6 25 20 ]
[ 42 0 2 40 20 7 12 29 0 8 ]
[ 2 37 12 57 17 5 5 15 11 0 ]
[ 42 7 1 19 5 3 23 6 7 48 ]
[ 6 9 71 8 11 2 15 0 0 39 ]
[ 45 33 6 5 2 4 0 4 59 6 ]
[ 0 31 11 11 54 33 3 8 7 6 ]
[ 37 3 2 31 28 26 6 5 26 1 ]
[ 15 43 1 1 41 20 22 15 7 0 ]
[ 11 14 6 1 25 2 28 40 34 4 ]
[ 5 0 18 39 18 28 13 10 6 28 ]
[ 3 2 21 19 11 9 5 58 8 30 ]
[ 30 18 0 10 9 19 28 37 4 15 ]
[ 11 47 5 16 15 29 4 0 27 18 ]
[ 7 13 27 13 2 7 20 10 2 72 ]
[ 1 19 13 23 19 32 7 3 15 47 ]

Timer (generate): 17ms real	10ms user	0ms sys
[ 9 98 77 34 10 2 90 87 97 77 ]
[ 82 4 57 60 17 72 28 3 67 62 ]
[ 54 59 72 58 82 16 54 24 70 32 ]
[ 15 32 30 92 66 40 47 57 80 96 ]
[ 86 62 52 44 74 69 68 2 73 35 ]
[ 64 79 94 88 89 28 56 44 52 27 ]
[ 28 19 59 58 11 77 50 10 86 30 ]
[ 6 73 92 58 69 19 28 37 73 53 ]
[ 72 38 84 18 78 74 46 35 70 50 ]
[ 14 98 69 25 56 32 2 6 43 89 ]
[ 37 49 14 81 60 83 0 40 72 26 ]
[ 93 96 64 77 14 42 3 12 29 73 ]
[ 62 43 23 31 68 79 63 23 38 6 ]
[ 64 75 8 78 8 20 13 61 60 85 ]
[ 87 53 33 3 82 47 97 38 59 27 ]
[ 11 21 70 35 4 91 66 67 14 4 ]
[ 26 78 31 86 8 40 6 21 53 66 ]
[ 58 40 71 91 43 5 90 92 43 1 ]
[ 19 7 74 42 42 78 33 60 97 99 ]
[ 65 75 29 48 61 89 88 19 62 41 ]

Running insertion sort algorithm: 
Timer (sort): 237298ms real	237290ms user	10ms sys
The output is sorted!
[ 8 14 9 0 6 61 3 12 7 42 ]
[ 21 27 3 12 5 25 3 21 36 11 ]
[ 24 14 15 13 11 20 38 13 3 13 ]
[ 43 12 3 1 7 17 45 14 16 6 ]
[ 5 18 31 19 20 6 39 3 20 4 ]
[ 2 33 6 11 2 14 11 55 23 9 ]
[ 9 4 3 56 2 9 27 37 11 10 ]
[ 6 13 21 8 48 15 8 22 19 10 ]
[ 6 37 3 10 13 42 14 15 31 4 ]
[ 32 8 23 52 12 2 9 10 16 14 ]
[ 24 83 8 20 6 4 18 15 1 0 ]
[ 6 6 34 16 24 11 1 37 10 35 ]
[ 6 4 11 14 7 7 45 11 35 40 ]
[ 2 9 28 40 1 35 50 5 6 7 ]
[ 28 28 1 14 21 29 11 5 10 37 ]
[ 1 27 11 1 12 15 0 19 55 44 ]
[ 26 9 14 20 10 15 49 16 22 6 ]
[ 3 18 16 19 37 46 15 10 19 4 ]
[ 20 31 12 34 0 15 22 46 8 0 ]
[ 16 9 0 30 56 30 0 0 10 38 ]

Timer (generate): 18ms real	10ms user	0ms sys
[ 37 96 16 54 73 53 77 63 22 68 ]
[ 90 39 0 66 23 45 21 69 99 57 ]
[ 88 55 17 27 86 49 18 13 91 30 ]
[ 70 28 78 39 82 4 92 59 67 14 ]
[ 79 57 5 79 75 28 25 49 49 76 ]
[ 58 38 31 75 17 69 24 87 34 67 ]
[ 17 5 47 48 44 29 52 88 40 19 ]
[ 55 71 29 60 51 4 41 28 53 90 ]
[ 4 11 80 87 38 49 56 15 36 90 ]
[ 82 6 47 30 54 43 11 6 32 4 ]
[ 77 87 75 6 47 26 63 40 6 68 ]
[ 83 62 80 15 49 70 65 5 85 53 ]
[ 96 68 59 43 50 65 87 61 71 71 ]
[ 65 1 58 41 59 57 19 22 98 78 ]
[ 91 33 40 23 48 90 93 13 95 31 ]
[ 67 43 51 78 39 1 44 78 62 67 ]
[ 49 80 68 7 73 28 16 44 50 66 ]
[ 22 93 99 63 68 0 5 62 13 52 ]
[ 93 32 96 96 11 35 97 7 13 11 ]
[ 74 14 43 95 73 16 23 89 61 25 ]

Running insertion sort algorithm: 
Timer (sort): 200928ms real	200920ms user	0ms sys
The output is sorted!
[ 12 5 0 35 5 20 26 6 19 0 ]
[ 1 2 3 20 18 45 10 31 1 11 ]
[ 13 0 34 5 15 5 1 41 22 10 ]
[ 14 20 23 13 16 47 1 4 7 13 ]
[ 21 2 32 49 6 1 6 3 2 42 ]
[ 24 14 6 14 24 23 27 16 15 2 ]
[ 12 33 2 64 1 2 16 9 12 15 ]
[ 37 4 2 28 4 20 20 24 0 29 ]
[ 32 3 54 4 1 0 60 10 1 3 ]
[ 8 62 11 5 56 25 0 1 1 2 ]
[ 26 32 1 32 6 4 1 3 26 43 ]
[ 8 13 22 3 4 24 58 4 4 35 ]
[ 28 5 2 18 3 9 12 29 32 38 ]
[ 11 29 39 23 20 9 11 12 2 20 ]
[ 12 23 19 4 4 13 37 32 28 5 ]
[ 16 27 52 0 0 37 32 6 4 3 ]
[ 7 19 1 24 52 0 7 3 36 28 ]
[ 25 12 34 5 36 36 4 14 6 7 ]
[ 8 60 1 28 0 41 3 3 19 16 ]
[ 16 38 19 30 38 2 3 26 1 8 ]

Timer (generate): 17ms real	10ms user	0ms sys
[ 15 18 25 68 45 97 99 98 72 70 ]
[ 74 5 14 8 93 1 63 39 75 86 ]
[ 47 38 97 48 61 52 63 2 38 19 ]
[ 91 54 38 68 74 35 66 25 33 90 ]
[ 48 59 95 14 68 88 16 83 27 43 ]
[ 21 26 81 18 74 42 71 89 96 61 ]
[ 8 39 67 98 8 93 34 26 19 19 ]
[ 16 67 79 11 33 99 51 49 82 30 ]
[ 92 56 56 25 74 82 67 97 71 16 ]
[ 11 31 55 30 82 63 24 16 89 95 ]
[ 35 57 14 66 20 47 17 71 49 0 ]
[ 1 41 8 9 19 82 43 38 32 66 ]
[ 54 95 50 10 25 32 73 1 0 15 ]
[ 96 87 72 10 54 45 58 71 16 59 ]
[ 23 70 52 31 31 71 66 27 10 50 ]
[ 45 64 45 95 74 70 27 0 72 79 ]
[ 67 20 67 91 83 21 36 93 44 53 ]
[ 52 20 75 4 3 58 76 69 85 86 ]
[ 71 31 2 16 26 77 39 6 29 63 ]
[ 85 96 83 4 87 66 25 76 59 22 ]

Running insertion sort algorithm: 
Timer (sort): 241008ms real	240990ms user	0ms sys
The output is sorted!
[ 36 0 2 0 2 30 4 4 25 23 ]
[ 11 16 0 7 5 81 1 3 22 5 ]
[ 4 61 24 7 0 6 23 23 6 0 ]
[ 23 25 8 19 1 30 17 19 4 9 ]
[ 16 36 5 8 1 9 2 50 5 26 ]
[ 19 17 52 3 15 27 7 3 8 7 ]
[ 7 1 24 1 41 32 19 19 12 7 ]
[ 6 4 11 4 18 63 12 32 5 8 ]
[ 4 5 12 2 70 4 0 29 0 40 ]
[ 0 4 18 2 25 66 15 22 0 19 ]
[ 18 57 2 3 5 25 24 20 22 1 ]
[ 18 59 1 28 3 13 8 1 22 25 ]
[ 3 26 4 0 7 8 20 44 26 41 ]
[ 2 18 24 6 14 16 13 11 55 21 ]
[ 0 12 26 40 1 37 0 31 29 5 ]
[ 52 35 43 13 4 6 7 5 8 8 ]
[ 38 12 7 6 23 3 31 7 46 8 ]
[ 15 45 16 15 13 30 15 13 17 3 ]
[ 24 78 2 16 9 7 18 1 20 7 ]
[ 26 18 1 8 6 19 24 65 4 12 ]

Timer (generate): 17ms real	10ms user	0ms sys
[ 5 77 17 1 75 7 98 82 7 40 ]
[ 90 7 16 83 6 57 12 97 96 48 ]
[ 55 57 13 7 2 12 97 70 39 83 ]
[ 89 44 12 58 45 40 65 43 22 24 ]
[ 83 12 83 52 47 90 61 11 39 57 ]
[ 12 94 67 25 1 21 89 50 91 28 ]
[ 86 32 72 98 42 17 38 60 12 12 ]
[ 36 95 25 20 99 24 10 61 88 49 ]
[ 70 0 96 37 77 97 59 66 48 2 ]
[ 94 34 87 18 84 29 35 75 41 47 ]
[ 87 78 94 64 98 46 89 60 7 29 ]
[ 61 77 81 57 15 58 55 26 24 55 ]
[ 28 70 41 15 88 77 97 75 52 38 ]
[ 74 40 68 68 56 66 14 97 78 73 ]
[ 26 40 3 7 97 70 17 4 96 41 ]
[ 11 24 63 52 92 3 30 41 78 34 ]
[ 31 52 26 0 73 83 66 39 80 97 ]
[ 65 7 37 68 66 86 38 84 91 34 ]
[ 77 2 10 93 7 54 96 89 95 75 ]
[ 23 79 79 50 79 4 33 97 96 65 ]

Running insertion sort algorithm: 
Timer (sort): 221812ms real	221800ms user	0ms sys
The output is sorted!
[ 0 6 19 29 18 2 7 1 26 15 ]
[ 14 26 4 9 5 28 22 0 9 9 ]
[ 12 39 8 10 6 1 2 17 15 29 ]
[ 37 13 18 5 18 25 6 1 24 4 ]
[ 1 13 1 41 13 24 35 16 3 5 ]
[ 15 8 36 4 11 11 8 0 32 31 ]
[ 19 0 1 5 11 29 32 21 32 7 ]
[ 25 17 2 2 3 30 8 28 22 25 ]
[ 31 19 9 6 23 2 41 13 4 16 ]
[ 16 14 19 11 16 8 65 7 2 12 ]
[ 25 29 12 13 3 60 15 10 0 3 ]
[ 8 22 9 13 19 4 7 66 20 3 ]
[ 10 20 46 67 11 3 0 9 4 1 ]
[ 45 35 12 15 3 14 41 0 2 4 ]
[ 1 10 41 57 4 26 20 2 4 10 ]
[ 6 0 22 4 28 47 21 18 4 25 ]
[ 16 29 30 2 3 12 8 2 30 44 ]
[ 10 15 25 0 20 1 53 12 37 5 ]
[ 11 48 6 4 17 52 27 0 7 7 ]
[ 3 0 48 5 44 8 40 12 19 1 ]

Timer (generate): 19ms real	20ms user	0ms sys
[ 43 71 40 31 30 93 80 4 97 40 ]
[ 10 66 57 34 21 87 0 34 93 31 ]
[ 66 50 93 6 40 66 1 80 64 57 ]
[ 0 7 28 93 39 10 86 71 67 83 ]
[ 63 77 1 20 63 23 7 63 9 1 ]
[ 95 28 3 40 86 43 6 87 24 23 ]
[ 44 76 30 24 69 21 87 8 44 54 ]
[ 91 8 83 45 28 46 68 36 10 29 ]
[ 89 57 57 44 49 95 40 55 82 16 ]
[ 30 78 92 13 55 14 86 42 22 31 ]
[ 48 65 39 31 10 19 29 30 7 91 ]
[ 60 48 0 69 93 49 65 33 57 99 ]
[ 49 87 78 93 0 85 7 87 27 81 ]
[ 18 27 99 9 10 9 80 39 92 40 ]
[ 83 4 88 83 73 81 33 90 66 42 ]
[ 90 67 29 20 61 30 5 20 69 84 ]
[ 54 39 11 53 0 73 14 80 12 6 ]
[ 20 47 10 61 31 36 94 16 78 61 ]
[ 58 20 80 39 40 41 21 97 14 90 ]
[ 33 20 29 96 73 81 69 39 62 34 ]

Running insertion sort algorithm: 
Timer (sort): 218882ms real	218880ms user	0ms sys
The output is sorted!
[ 17 4 41 21 7 19 5 12 0 5 ]
[ 38 11 11 20 17 5 5 9 24 13 ]
[ 37 28 7 7 16 2 0 5 11 45 ]
[ 2 21 5 6 10 27 3 33 13 46 ]
[ 4 1 16 8 0 11 71 3 32 24 ]
[ 6 10 1 31 28 36 4 22 11 25 ]
[ 11 25 7 41 0 13 55 16 5 4 ]
[ 8 0 9 52 4 29 31 4 9 31 ]
[ 55 2 7 7 11 36 10 0 38 12 ]
[ 43 1 1 31 17 1 9 3 22 50 ]
[ 27 1 50 18 18 14 9 0 41 1 ]
[ 9 28 33 30 2 17 30 7 3 20 ]
[ 5 9 28 0 36 25 38 14 0 27 ]
[ 1 20 1 43 2 64 8 5 24 15 ]
[ 50 40 8 16 3 13 5 13 17 18 ]
[ 2 2 15 28 22 0 1 0 24 89 ]
[ 46 34 10 5 18 10 6 12 10 32 ]
[ 21 29 6 0 47 11 39 13 10 8 ]
[ 21 7 9 21 3 7 13 12 68 24 ]
[ 81 2 1 11 42 7 7 18 10 7 ]

