Timer (generate): 4ms real	0ms user	0ms sys
[ 63 38 88 66 69 88 33 56 58 67 ]
[ 47 88 92 31 13 76 4 48 92 59 ]
[ 37 26 52 57 64 69 93 9 20 36 ]
[ 30 35 27 18 1 96 58 87 4 68 ]
[ 6 4 57 50 35 22 26 39 70 18 ]
[ 51 59 45 3 68 61 72 62 70 92 ]
[ 50 52 28 77 22 81 25 80 20 82 ]
[ 49 27 86 58 77 73 80 4 64 2 ]
[ 74 15 61 71 19 81 84 91 43 6 ]
[ 36 46 58 16 75 80 49 1 13 70 ]
[ 35 62 97 73 20 26 46 52 82 10 ]
[ 6 57 78 67 28 97 48 13 40 44 ]
[ 71 28 90 30 44 17 62 46 18 75 ]
[ 16 53 37 13 78 9 39 24 13 22 ]
[ 87 19 31 65 38 11 14 39 76 6 ]
[ 35 48 35 77 30 31 94 92 77 13 ]
[ 68 93 18 57 58 97 19 50 73 32 ]
[ 24 12 4 55 77 94 18 43 33 95 ]
[ 50 68 95 85 45 25 68 40 17 46 ]
[ 5 37 91 75 95 50 24 14 0 50 ]

Running insertion sort algorithm: 
Timer (sort): 12651ms real	7630ms user	0ms sys
The output is sorted!
[ 37 6 8 21 30 1 38 7 3 9 ]
[ 14 9 8 75 4 53 8 5 4 2 ]
[ 18 4 41 24 4 2 11 19 41 18 ]
[ 10 6 3 39 9 16 12 41 13 35 ]
[ 9 36 13 15 15 29 13 17 38 3 ]
[ 29 41 27 7 7 4 27 19 5 31 ]
[ 0 4 8 1 79 4 15 42 29 19 ]
[ 65 2 11 22 25 13 29 4 21 10 ]
[ 1 26 0 56 9 8 6 7 46 52 ]
[ 25 22 10 23 25 41 6 11 10 38 ]
[ 14 1 32 48 4 10 40 21 38 5 ]
[ 24 34 27 25 40 0 11 48 4 4 ]
[ 55 3 1 8 31 17 40 1 27 35 ]
[ 25 12 20 21 20 6 68 11 15 20 ]
[ 2 7 39 44 40 18 52 3 6 8 ]
[ 62 2 14 6 11 12 19 68 7 20 ]
[ 17 32 9 23 20 1 2 81 10 26 ]
[ 59 16 25 21 4 5 52 19 13 7 ]
[ 2 1 38 25 11 32 46 19 37 10 ]
[ 21 54 0 34 8 7 60 26 7 6 ]

Timer (generate): 4ms real	0ms user	0ms sys
[ 30 11 6 10 97 50 16 7 91 46 ]
[ 56 33 22 29 47 88 16 88 69 72 ]
[ 32 62 67 56 20 6 11 27 43 64 ]
[ 4 73 75 62 84 25 12 52 84 55 ]
[ 50 41 40 73 22 87 13 90 76 83 ]
[ 62 60 97 81 17 17 88 80 44 31 ]
[ 45 0 4 72 14 40 97 26 92 82 ]
[ 33 43 75 73 68 49 61 33 39 89 ]
[ 68 1 49 65 83 18 35 71 99 31 ]
[ 54 96 84 58 68 98 51 66 77 43 ]
[ 48 10 38 23 84 58 72 97 92 11 ]
[ 38 60 64 39 78 47 58 13 70 57 ]
[ 44 24 53 80 35 73 79 86 39 56 ]
[ 81 39 66 20 62 2 78 86 99 22 ]
[ 49 37 83 66 77 61 65 87 26 36 ]
[ 96 22 12 1 3 99 74 82 85 14 ]
[ 90 67 5 56 39 20 11 69 6 10 ]
[ 92 8 0 27 74 29 40 91 68 18 ]
[ 27 64 92 92 65 95 91 39 29 77 ]
[ 5 19 96 11 28 87 31 91 8 89 ]

Running insertion sort algorithm: 
Timer (sort): 11059ms real	7540ms user	0ms sys
The output is sorted!
[ 13 8 16 11 7 3 20 16 26 19 ]
[ 1 15 5 20 1 0 0 22 77 41 ]
[ 11 23 9 15 21 53 16 0 10 24 ]
[ 13 87 10 6 7 10 19 13 11 16 ]
[ 8 57 2 9 2 18 15 52 32 3 ]
[ 9 54 14 8 35 77 1 5 0 0 ]
[ 62 30 12 2 0 17 12 1 29 38 ]
[ 43 6 25 57 20 15 2 2 22 13 ]
[ 57 15 19 17 24 1 43 19 8 5 ]
[ 31 7 9 80 5 12 8 11 43 3 ]
[ 1 51 24 13 42 9 10 39 7 18 ]
[ 16 9 19 2 4 13 9 28 95 20 ]
[ 67 3 11 1 52 1 16 35 7 24 ]
[ 23 5 27 46 0 3 28 37 47 4 ]
[ 18 12 4 83 3 52 22 1 15 11 ]
[ 35 54 2 2 7 1 96 7 9 10 ]
[ 74 8 9 25 2 41 26 35 4 0 ]
[ 39 59 1 25 11 27 4 31 12 16 ]
[ 91 13 0 4 71 16 8 8 11 4 ]
[ 13 24 18 3 8 4 80 57 4 15 ]

Timer (generate): 5ms real	0ms user	0ms sys
[ 42 30 40 23 37 77 58 58 2 43 ]
[ 19 77 3 57 85 52 52 87 98 90 ]
[ 51 23 32 6 53 9 8 97 33 84 ]
[ 7 27 14 0 2 3 77 13 13 31 ]
[ 8 32 8 63 41 94 15 94 33 65 ]
[ 84 37 89 69 95 94 78 3 43 63 ]
[ 39 51 43 5 3 45 60 80 58 73 ]
[ 12 18 57 72 81 99 18 97 45 4 ]
[ 62 81 41 3 50 36 98 80 91 41 ]
[ 96 82 44 39 87 47 36 99 28 47 ]
[ 72 92 65 81 16 47 32 87 44 77 ]
[ 91 58 11 84 62 61 72 12 94 63 ]
[ 53 90 45 98 29 84 45 17 83 25 ]
[ 64 7 69 30 88 38 29 21 25 73 ]
[ 50 68 31 61 4 45 75 76 57 69 ]
[ 39 63 11 36 61 40 20 58 9 55 ]
[ 36 74 62 57 56 2 95 85 75 72 ]
[ 10 26 92 93 39 96 91 66 72 48 ]
[ 87 63 11 98 51 24 90 23 35 0 ]
[ 78 23 26 92 80 82 95 28 19 70 ]

Running insertion sort algorithm: 
Timer (sort): 11229ms real	7810ms user	0ms sys
The output is sorted!
[ 2 9 25 2 10 0 3 25 17 10 ]
[ 23 12 1 4 22 20 9 9 34 33 ]
[ 33 22 19 46 25 4 6 1 4 8 ]
[ 8 11 10 10 1 63 31 0 34 12 ]
[ 3 7 4 3 51 13 33 14 33 24 ]
[ 41 37 1 29 5 4 35 4 15 15 ]
[ 7 27 14 0 2 3 77 13 13 31 ]
[ 39 27 17 5 0 24 48 0 16 13 ]
[ 7 9 8 35 14 19 8 7 87 0 ]
[ 31 10 5 26 6 5 8 37 47 21 ]
[ 5 45 0 1 6 57 1 12 60 11 ]
[ 16 17 0 4 13 12 56 19 4 59 ]
[ 4 6 3 12 26 90 18 3 30 10 ]
[ 2 3 0 15 26 28 78 20 30 2 ]
[ 30 1 27 12 3 2 55 37 0 37 ]
[ 0 2 4 40 18 7 47 3 34 53 ]
[ 7 8 53 7 19 43 33 3 13 23 ]
[ 11 23 34 6 13 30 0 27 56 9 ]
[ 14 89 4 2 18 18 50 13 4 3 ]
[ 4 21 29 17 4 16 71 0 1 52 ]

Timer (generate): 4ms real	0ms user	0ms sys
[ 47 99 76 9 57 53 9 21 29 34 ]
[ 19 15 18 83 11 11 4 1 67 22 ]
[ 99 14 95 51 17 4 36 52 66 21 ]
[ 42 13 21 19 22 30 72 83 51 1 ]
[ 17 23 68 87 58 31 98 14 33 17 ]
[ 88 84 83 83 35 0 39 24 52 5 ]
[ 45 94 18 66 13 92 49 37 27 52 ]
[ 91 96 75 59 83 85 91 33 99 76 ]
[ 50 88 60 33 71 48 33 63 72 37 ]
[ 68 17 32 39 36 97 83 85 35 11 ]
[ 37 78 7 65 37 43 50 80 76 2 ]
[ 56 79 90 17 12 13 65 98 76 37 ]
[ 35 97 6 67 88 42 17 71 79 4 ]
[ 34 69 82 42 86 19 37 88 0 13 ]
[ 90 8 92 32 25 57 98 42 55 26 ]
[ 31 42 23 38 62 11 32 79 35 12 ]
[ 35 69 33 17 11 19 88 0 7 40 ]
[ 14 50 49 58 82 26 15 80 69 22 ]
[ 7 0 65 82 90 27 94 23 58 29 ]
[ 87 93 50 72 10 62 91 50 62 50 ]

Running insertion sort algorithm: 
Timer (sort): 10446ms real	7540ms user	0ms sys
The output is sorted!
[ 17 37 4 10 5 10 6 12 9 42 ]
[ 8 0 15 1 2 8 59 0 18 42 ]
[ 2 24 7 26 23 43 15 5 19 10 ]
[ 35 5 20 10 18 31 6 52 6 1 ]
[ 27 0 2 7 9 26 21 68 9 19 ]
[ 1 73 10 27 12 6 0 16 14 31 ]
[ 19 16 22 4 41 6 9 11 28 35 ]
[ 1 1 44 31 2 37 1 9 38 28 ]
[ 37 18 2 37 2 44 29 5 12 7 ]
[ 31 7 14 17 3 24 18 61 10 10 ]
[ 3 24 11 11 55 23 0 18 24 33 ]
[ 23 61 23 32 6 5 3 30 16 6 ]
[ 4 27 31 46 20 8 28 4 25 14 ]
[ 50 1 14 21 60 2 16 11 21 12 ]
[ 41 2 31 29 16 35 6 3 44 2 ]
[ 28 11 65 8 25 0 6 13 35 19 ]
[ 13 2 26 23 42 40 12 32 1 21 ]
[ 48 0 13 5 11 73 17 31 9 5 ]
[ 15 71 5 61 10 24 4 6 9 9 ]
[ 24 1 13 20 7 50 19 0 54 27 ]

Timer (generate): 4ms real	0ms user	0ms sys
[ 18 41 81 97 6 33 29 83 65 31 ]
[ 74 62 7 76 4 98 67 77 88 68 ]
[ 94 75 34 16 3 0 83 62 76 83 ]
[ 81 95 24 62 44 82 48 74 17 65 ]
[ 57 44 27 16 20 83 14 87 60 54 ]
[ 7 7 29 41 75 85 42 58 47 70 ]
[ 93 81 65 17 95 62 51 95 88 69 ]
[ 60 45 13 39 13 85 23 79 25 35 ]
[ 33 32 94 15 74 69 0 68 79 99 ]
[ 38 72 80 56 41 76 18 93 71 6 ]
[ 62 84 3 27 23 16 12 98 47 37 ]
[ 34 80 70 80 47 96 50 47 16 81 ]
[ 47 54 54 79 62 95 7 80 88 31 ]
[ 38 2 15 93 81 90 61 94 41 8 ]
[ 83 27 89 5 7 36 53 9 36 69 ]
[ 91 35 76 45 14 38 92 74 71 33 ]
[ 5 9 87 72 55 69 14 16 15 55 ]
[ 25 50 34 14 56 42 2 61 3 90 ]
[ 31 94 25 7 91 92 45 84 66 16 ]
[ 17 23 78 4 47 33 25 61 49 40 ]

Running insertion sort algorithm: 
Timer (sort): 12813ms real	9660ms user	40ms sys
The output is sorted!
[ 3 5 5 28 12 49 17 10 22 26 ]
[ 1 0 10 11 39 26 8 12 42 37 ]
[ 21 4 13 56 12 32 13 14 19 8 ]
[ 12 14 21 11 2 19 31 3 49 37 ]
[ 17 49 6 14 23 3 82 0 9 0 ]
[ 15 8 58 8 8 2 35 33 29 8 ]
[ 49 18 41 27 11 18 5 2 5 29 ]
[ 18 8 73 5 1 17 13 51 16 3 ]
[ 10 18 11 58 41 4 46 3 10 5 ]
[ 4 44 62 9 20 15 31 5 2 15 ]
[ 0 8 25 17 0 43 61 32 4 20 ]
[ 57 4 6 2 11 8 0 43 28 53 ]
[ 0 21 20 13 48 7 4 1 49 50 ]
[ 10 9 60 12 77 18 3 5 13 6 ]
[ 4 39 9 11 14 29 24 5 4 74 ]
[ 6 16 6 26 35 25 16 41 25 18 ]
[ 24 15 35 6 8 8 40 6 28 45 ]
[ 32 6 11 8 0 51 8 0 82 18 ]
[ 45 16 2 24 5 80 10 25 1 9 ]
[ 7 27 28 71 22 26 24 2 2 8 ]

Timer (generate): 4ms real	0ms user	0ms sys
[ 31 31 38 1 36 37 41 75 33 73 ]
[ 70 63 34 31 32 11 18 64 99 72 ]
[ 73 9 51 59 50 44 81 81 3 45 ]
[ 43 86 29 33 39 65 70 81 93 3 ]
[ 6 63 18 41 46 2 4 64 67 3 ]
[ 37 92 65 40 51 15 84 84 48 40 ]
[ 30 91 26 11 25 18 76 95 99 21 ]
[ 51 57 85 21 50 31 24 55 48 43 ]
[ 10 85 35 75 25 86 42 62 70 91 ]
[ 2 52 82 80 63 59 98 92 7 49 ]
[ 13 58 7 50 31 57 34 55 64 82 ]
[ 98 27 67 33 2 44 71 97 6 94 ]
[ 88 8 98 22 41 14 82 39 58 41 ]
[ 41 71 99 48 74 82 57 8 38 74 ]
[ 90 88 1 9 74 55 53 45 52 12 ]
[ 91 92 20 90 67 61 56 1 53 14 ]
[ 42 94 85 93 94 11 75 3 19 13 ]
[ 77 61 54 30 22 28 86 28 25 90 ]
[ 40 17 83 12 59 2 26 15 3 31 ]
[ 29 45 25 66 90 71 78 65 74 49 ]

Running insertion sort algorithm: 
Timer (sort): 9146ms real	7560ms user	0ms sys
The output is sorted!
[ 13 20 19 33 10 28 1 4 7 31 ]
[ 20 26 56 2 4 4 30 5 18 4 ]
[ 6 16 13 26 13 2 6 30 39 26 ]
[ 22 59 0 2 26 11 12 11 22 16 ]
[ 33 13 23 24 5 45 3 28 8 3 ]
[ 18 55 5 10 14 26 6 3 20 29 ]
[ 0 14 17 48 5 46 4 11 35 6 ]
[ 17 0 8 70 8 14 22 0 47 3 ]
[ 36 14 29 2 13 6 19 35 37 1 ]
[ 58 6 3 30 0 5 77 11 0 8 ]
[ 22 94 4 23 5 20 6 15 9 0 ]
[ 4 7 40 25 16 12 18 12 55 19 ]
[ 17 41 0 16 1 21 22 4 32 57 ]
[ 24 4 70 10 8 10 5 48 7 27 ]
[ 6 53 9 26 73 5 3 15 3 20 ]
[ 19 8 8 13 77 4 26 27 7 25 ]
[ 36 16 32 6 18 37 30 23 7 9 ]
[ 2 58 42 19 0 27 9 13 40 7 ]
[ 34 6 16 34 24 9 58 7 10 20 ]
[ 6 43 25 53 5 1 0 20 27 39 ]

Timer (generate): 5ms real	0ms user	0ms sys
[ 93 37 35 84 99 87 85 80 93 12 ]
[ 96 67 61 1 73 51 88 87 21 57 ]
[ 68 23 91 16 82 60 54 41 51 37 ]
[ 62 44 26 49 80 25 88 17 6 82 ]
[ 82 54 49 43 7 74 94 95 62 67 ]
[ 5 82 43 96 98 25 56 4 18 59 ]
[ 41 32 3 20 81 84 45 69 53 3 ]
[ 51 35 9 1 78 16 27 72 64 89 ]
[ 40 69 72 83 65 70 60 73 27 78 ]
[ 33 20 10 88 40 43 24 38 64 78 ]
[ 93 16 13 3 69 92 19 96 16 35 ]
[ 38 8 4 62 43 21 84 3 47 11 ]
[ 81 32 32 43 20 72 86 45 10 51 ]
[ 23 4 19 88 59 40 80 78 88 49 ]
[ 66 26 57 70 88 1 44 73 56 91 ]
[ 36 90 23 68 33 43 93 72 40 3 ]
[ 75 15 59 94 4 18 86 36 49 74 ]
[ 85 15 53 95 37 93 48 81 18 56 ]
[ 24 55 46 47 23 32 43 16 4 83 ]
[ 72 79 51 83 25 55 54 11 43 55 ]

Running insertion sort algorithm: 
Timer (sort): 8873ms real	7720ms user	0ms sys
The output is sorted!
[ 5 20 1 2 20 9 45 3 25 2 ]
[ 9 5 0 38 16 3 27 23 12 8 ]
[ 34 23 1 25 17 2 7 10 37 3 ]
[ 5 24 13 2 16 5 7 6 4 84 ]
[ 36 34 30 29 7 26 0 2 15 0 ]
[ 42 15 8 30 8 18 31 12 3 15 ]
[ 9 2 5 64 28 5 16 15 18 25 ]
[ 7 27 10 29 9 15 7 39 18 30 ]
[ 1 16 16 16 29 2 75 33 3 1 ]
[ 0 14 6 17 24 14 86 19 14 1 ]
[ 6 40 22 0 34 27 10 10 44 2 ]
[ 70 18 35 19 0 0 15 14 9 17 ]
[ 43 12 6 8 2 0 49 4 61 12 ]
[ 40 7 56 6 11 1 14 23 38 2 ]
[ 48 46 30 6 26 25 3 5 5 10 ]
[ 10 0 43 22 53 1 0 6 48 22 ]
[ 6 12 22 55 44 5 0 9 38 15 ]
[ 39 22 23 5 14 0 8 77 13 8 ]
[ 3 3 29 62 1 4 15 60 7 27 ]
[ 13 2 27 45 37 14 7 37 30 0 ]

Timer (generate): 4ms real	0ms user	0ms sys
[ 15 83 22 25 56 71 47 7 83 2 ]
[ 54 2 67 17 41 0 28 49 73 81 ]
[ 3 61 19 6 69 66 72 32 41 30 ]
[ 3 8 13 77 85 21 1 32 28 84 ]
[ 86 82 39 6 0 80 6 28 29 32 ]
[ 61 32 93 32 90 14 99 15 46 92 ]
[ 45 2 0 10 31 85 31 84 70 11 ]
[ 21 8 93 60 66 45 40 25 73 21 ]
[ 57 86 54 2 19 44 16 70 59 15 ]
[ 62 56 69 62 66 0 99 49 85 21 ]
[ 60 6 30 6 66 96 51 58 21 77 ]
[ 79 30 63 85 32 34 82 1 4 41 ]
[ 16 66 50 85 80 68 37 80 18 22 ]
[ 1 30 80 83 36 98 32 40 56 5 ]
[ 17 88 36 32 73 20 67 55 21 71 ]
[ 49 37 90 99 74 70 19 12 2 89 ]
[ 86 56 20 67 39 8 17 71 0 74 ]
[ 77 17 14 65 2 87 85 21 95 7 ]
[ 92 44 96 34 95 71 5 14 35 59 ]
[ 4 73 15 76 92 55 84 10 78 85 ]

Running insertion sort algorithm: 
Timer (sort): 11269ms real	9730ms user	20ms sys
The output is sorted!
[ 21 1 9 13 14 8 6 0 15 61 ]
[ 1 9 11 2 19 27 39 28 31 20 ]
[ 25 36 1 18 5 86 7 7 7 6 ]
[ 46 36 1 30 23 2 19 3 1 38 ]
[ 19 8 19 14 1 18 27 26 11 57 ]
[ 2 26 28 17 31 15 3 36 42 1 ]
[ 12 26 1 26 12 4 0 11 22 89 ]
[ 24 13 15 22 11 20 60 27 8 4 ]
[ 4 0 33 17 10 9 22 47 15 54 ]
[ 64 39 5 8 6 3 1 45 39 2 ]
[ 21 2 1 10 16 48 44 58 3 9 ]
[ 63 16 24 29 17 24 6 2 8 24 ]
[ 47 9 20 24 2 58 27 4 17 10 ]
[ 4 21 9 12 60 1 42 29 27 13 ]
[ 6 11 29 18 35 39 0 2 69 9 ]
[ 15 43 50 15 18 26 30 3 9 10 ]
[ 25 41 9 21 28 0 45 7 9 34 ]
[ 1 19 15 67 3 9 8 43 3 52 ]
[ 27 11 1 12 50 17 21 18 14 49 ]
[ 11 3 25 9 31 13 13 58 20 37 ]

Timer (generate): 5ms real	0ms user	0ms sys
[ 39 14 11 31 0 74 93 22 55 73 ]
[ 12 89 11 27 19 36 63 31 61 64 ]
[ 73 82 10 22 81 20 1 5 46 19 ]
[ 55 86 33 18 69 33 92 62 7 0 ]
[ 88 71 41 99 99 61 87 14 44 0 ]
[ 30 69 34 93 92 15 13 93 72 11 ]
[ 64 79 97 98 97 19 31 42 33 91 ]
[ 94 21 62 35 20 13 48 59 27 92 ]
[ 59 10 14 94 3 6 61 68 51 34 ]
[ 79 16 65 29 14 63 0 97 5 33 ]
[ 88 99 55 51 86 27 64 35 39 44 ]
[ 79 98 6 93 44 9 51 6 77 3 ]
[ 92 8 19 57 89 85 20 89 82 77 ]
[ 75 23 28 82 26 15 9 42 2 0 ]
[ 86 33 99 92 27 95 53 30 1 82 ]
[ 33 93 43 4 51 32 89 23 74 24 ]
[ 1 49 47 81 31 73 96 92 15 50 ]
[ 93 54 84 44 98 63 39 52 93 93 ]
[ 86 27 38 29 83 41 14 73 65 88 ]
[ 97 18 37 44 99 20 69 48 12 36 ]

Running insertion sort algorithm: 
Timer (sort): 9651ms real	8510ms user	20ms sys
The output is sorted!
[ 0 4 9 22 1 11 89 6 8 22 ]
[ 1 9 6 26 18 41 8 3 24 42 ]
[ 8 33 29 23 0 25 10 13 36 6 ]
[ 33 49 3 6 28 11 0 1 40 13 ]
[ 37 15 7 1 55 2 34 15 17 1 ]
[ 13 8 26 22 54 2 7 3 4 46 ]
[ 1 17 4 48 39 23 35 14 5 6 ]
[ 12 12 13 0 10 16 42 16 60 14 ]
[ 81 31 27 13 2 15 2 2 3 19 ]
[ 18 16 24 0 8 90 20 19 0 4 ]
[ 1 14 18 36 43 1 36 8 37 6 ]
[ 9 4 0 9 0 46 44 14 42 36 ]
[ 39 26 4 7 6 19 10 1 77 15 ]
[ 20 55 16 8 28 25 7 8 1 38 ]
[ 22 9 8 14 40 44 21 17 29 5 ]
[ 69 30 34 32 0 2 2 9 32 0 ]
[ 1 43 27 17 17 3 82 1 5 14 ]
[ 58 27 10 33 0 6 44 5 21 7 ]
[ 37 33 63 1 45 2 2 9 21 2 ]
[ 4 33 97 26 12 10 1 7 24 4 ]

Timer (generate): 4ms real	0ms user	0ms sys
[ 38 58 43 21 76 96 75 19 53 92 ]
[ 70 73 14 4 73 50 67 6 40 39 ]
[ 41 85 42 93 14 31 72 85 20 69 ]
[ 71 58 27 14 79 4 63 7 75 16 ]
[ 51 97 42 65 1 15 67 68 22 8 ]
[ 59 63 45 53 8 60 36 80 97 56 ]
[ 50 68 14 29 35 45 85 98 4 60 ]
[ 66 56 57 8 73 58 76 41 78 98 ]
[ 1 89 13 98 42 21 58 78 53 55 ]
[ 86 55 76 0 85 11 46 70 61 50 ]
[ 31 79 58 88 40 32 99 16 25 29 ]
[ 66 78 19 79 76 61 52 35 92 57 ]
[ 42 78 13 18 31 50 81 77 72 42 ]
[ 79 3 74 90 44 14 22 95 30 99 ]
[ 24 96 77 43 27 53 57 79 40 1 ]
[ 36 83 79 1 53 62 3 87 39 76 ]
[ 81 71 31 55 61 27 69 35 22 51 ]
[ 34 99 99 11 94 26 16 3 5 57 ]
[ 4 94 92 36 47 97 98 51 36 90 ]
[ 79 18 61 10 25 74 38 47 61 12 ]

Running insertion sort algorithm: 
Timer (sort): 10223ms real	8640ms user	20ms sys
The output is sorted!
[ 2 12 6 17 22 20 4 0 23 21 ]
[ 35 24 3 44 2 1 4 11 1 11 ]
[ 15 0 15 67 3 6 22 0 18 5 ]
[ 0 10 7 35 23 2 28 4 23 19 ]
[ 7 5 25 7 0 55 7 16 30 13 ]
[ 12 11 17 10 37 32 10 7 3 40 ]
[ 22 3 11 76 14 7 30 11 2 6 ]
[ 5 48 11 19 12 1 7 1 6 76 ]
[ 92 4 2 1 16 27 5 16 24 1 ]
[ 10 3 4 86 8 31 4 10 9 24 ]
[ 4 1 6 21 96 14 10 37 4 5 ]
[ 2 89 25 0 24 28 26 2 6 0 ]
[ 7 3 17 26 17 4 22 26 1 80 ]
[ 49 39 18 9 7 39 2 25 12 4 ]
[ 5 9 20 10 43 19 38 18 25 20 ]
[ 26 4 5 37 36 13 11 23 45 8 ]
[ 8 0 10 5 6 28 16 32 73 31 ]
[ 11 12 10 1 34 46 63 20 9 4 ]
[ 4 61 35 8 47 24 2 6 6 20 ]
[ 8 24 9 22 15 72 4 7 54 0 ]

