Timer (generate): 1051ms real	970ms user	80ms sys
[ 52 20 96 36 58 89 63 88 53 85 31 72 20 30 54 83 2 66 55 59 62 81 66 98 73 97 61 66 11 42 28 15 14 24 51 72 13 15 12 18 52 95 91 25 26 97 8 80 16 16 ]
[ 40 78 49 6 29 22 55 42 41 18 84 69 33 98 45 84 22 10 51 34 28 4 30 71 29 8 21 89 88 89 5 28 67 54 86 48 29 41 91 22 11 75 43 44 26 88 81 48 98 32 ]
[ 83 78 88 13 2 69 73 23 59 61 12 16 90 31 23 76 80 4 70 71 26 81 98 69 78 24 57 59 73 7 43 56 85 84 21 87 53 94 62 64 7 74 33 97 58 56 26 38 12 48 ]
[ 61 38 81 59 59 59 36 16 70 9 75 14 17 12 98 90 52 3 36 14 20 43 41 53 93 99 61 19 89 73 67 2 63 0 13 22 60 49 90 30 58 65 96 27 29 46 69 81 50 5 ]
[ 96 70 49 89 75 42 40 36 13 81 9 32 83 24 32 96 46 44 46 36 75 56 53 23 84 82 70 53 64 72 11 12 94 12 53 21 6 93 57 19 74 18 3 57 42 35 53 40 80 51 ]
[ 76 7 8 81 82 44 63 4 49 79 28 60 91 22 72 96 43 78 89 52 49 15 70 52 72 64 40 78 4 72 81 32 31 89 13 13 85 77 18 35 8 98 95 52 73 20 48 16 98 90 ]
[ 21 0 5 43 4 30 8 44 8 64 68 41 97 99 31 10 65 16 39 35 51 48 33 99 0 6 19 0 75 69 90 96 69 96 39 74 26 99 70 86 64 39 27 61 90 10 23 55 79 15 ]
[ 90 30 63 76 81 15 82 0 67 57 22 58 5 91 6 97 17 32 48 88 70 12 79 97 25 69 60 1 25 39 16 67 21 31 43 3 46 26 55 65 35 77 23 93 69 29 42 38 13 90 ]
[ 26 83 55 57 33 80 27 93 33 4 32 49 71 53 80 67 8 78 45 64 44 80 41 19 25 62 49 67 1 62 58 79 98 13 37 31 45 16 24 31 20 8 80 43 13 13 10 22 91 55 ]
[ 86 87 88 79 7 65 42 56 33 43 70 43 22 68 8 11 99 53 27 75 84 47 35 17 43 1 30 53 75 73 61 13 61 1 92 68 66 34 76 51 29 46 94 52 67 2 63 18 8 43 ]
[ 94 92 42 81 61 85 82 91 91 57 17 52 70 78 5 15 98 71 49 26 23 79 24 17 83 91 72 98 10 80 41 56 24 84 89 86 21 72 29 12 81 46 16 4 76 21 19 26 45 20 ]
[ 52 68 51 77 37 34 68 9 85 30 41 26 38 66 62 28 52 36 52 33 48 85 32 17 89 8 38 60 87 83 81 39 3 84 16 93 19 37 54 4 19 96 82 58 14 97 86 18 33 90 ]
[ 51 33 75 35 50 65 44 41 77 83 76 10 22 32 95 91 77 66 80 31 22 99 79 56 9 93 53 47 63 38 37 15 24 65 50 26 82 46 19 59 29 96 70 4 80 17 47 57 83 27 ]
[ 40 5 78 20 61 40 65 67 87 29 5 77 96 81 42 98 8 24 45 79 83 26 75 5 82 7 22 29 64 57 8 5 62 87 77 24 27 94 43 66 75 0 95 71 82 37 70 42 13 67 ]
[ 21 49 45 49 54 80 56 29 9 73 86 18 30 1 57 59 77 36 53 20 54 29 20 50 52 54 39 74 48 53 41 70 2 39 71 8 19 79 37 80 52 76 98 34 77 7 93 54 95 99 ]
[ 74 50 28 46 0 80 1 91 7 49 44 48 71 46 39 42 55 58 74 44 39 78 20 89 13 49 49 58 3 44 57 77 46 85 24 98 18 77 90 25 26 34 25 50 33 65 44 40 75 18 ]
[ 84 66 97 57 8 62 6 9 20 62 53 78 39 0 15 15 98 85 44 40 62 23 75 40 73 8 5 17 0 32 88 36 51 85 93 59 99 52 68 71 14 73 1 5 25 17 73 76 54 17 ]
[ 16 17 92 43 57 65 3 14 83 3 98 71 40 49 8 85 60 59 89 80 30 55 6 32 61 31 1 86 7 7 55 76 24 48 19 33 13 75 99 48 78 50 71 70 51 31 8 12 42 97 ]
[ 44 73 53 50 57 66 82 10 4 41 17 59 69 94 59 41 79 25 16 31 73 94 81 97 17 32 80 25 96 23 22 41 48 27 43 57 93 77 67 97 71 84 9 40 30 68 81 10 93 49 ]
[ 41 19 96 22 68 13 6 48 38 3 23 12 96 71 40 91 80 85 69 47 35 40 84 96 80 14 64 14 76 10 15 17 29 11 91 49 24 50 97 14 5 73 79 1 96 71 92 77 56 13 ]

Running merge sort algorithm: 
Timer (sort): 490ms real	490ms user	0ms sys
The output is sorted!
[ 22 17 15 17 14 2 50 79 41 6 9 6 48 5 98 51 42 45 58 42 41 40 1 59 24 49 47 22 26 37 3 0 54 18 17 20 20 20 0 14 26 9 20 26 66 19 77 8 16 35 ]
[ 4 22 9 29 43 7 2 18 18 85 11 90 22 0 2 90 27 2 29 8 31 26 12 66 33 19 42 6 22 22 76 78 44 37 7 39 44 9 58 15 46 21 5 21 21 59 11 49 13 40 ]
[ 4 73 67 43 48 60 42 35 15 32 93 0 6 52 3 34 12 38 6 18 45 24 85 47 6 6 40 7 6 46 8 62 19 27 5 20 39 47 55 7 32 0 7 38 52 11 24 17 1 30 ]
[ 72 5 69 10 2 7 5 35 39 83 3 31 55 41 27 13 89 62 26 17 34 68 3 5 4 21 33 43 24 19 81 48 24 3 59 27 10 64 14 1 0 17 33 7 58 12 20 0 26 47 ]
[ 40 11 5 39 11 66 9 92 34 1 64 88 14 20 5 39 20 12 11 27 26 61 59 55 15 19 75 2 14 9 8 6 21 13 46 84 31 7 77 17 8 41 6 23 13 63 14 33 27 25 ]
[ 0 0 49 8 45 28 4 28 5 26 3 53 26 10 49 31 10 34 45 63 24 56 50 78 30 14 9 99 16 1 25 16 1 27 77 47 7 33 75 65 12 30 18 38 40 19 21 2 53 19 ]
[ 96 0 0 33 96 19 29 37 38 22 62 15 33 67 5 12 2 12 1 53 50 63 25 30 27 0 47 18 23 18 5 71 18 5 57 66 25 38 4 15 12 18 30 45 85 36 9 39 0 10 ]
[ 4 53 89 54 3 10 97 14 46 57 7 2 39 67 45 6 60 32 42 9 7 25 5 5 48 6 4 61 43 91 76 0 45 18 6 0 28 3 14 26 60 22 28 52 41 25 10 2 9 52 ]
[ 35 57 63 46 11 57 61 11 21 3 24 23 31 76 94 60 85 15 38 52 21 15 8 35 17 85 1 28 15 32 46 3 41 9 1 53 18 14 16 39 70 40 14 1 16 8 13 1 23 3 ]
[ 45 76 0 13 60 24 38 5 2 11 33 43 20 9 6 96 90 5 64 23 33 11 81 30 72 5 26 12 5 74 25 2 3 25 16 15 1 6 20 3 69 5 46 41 14 52 90 5 57 54 ]
[ 73 11 66 4 26 19 53 55 38 8 4 14 9 20 6 12 34 5 89 92 12 40 7 53 10 61 20 20 28 69 0 53 32 19 9 11 38 15 18 28 23 22 43 84 42 1 96 28 6 37 ]
[ 5 45 21 39 17 65 28 4 22 32 6 14 15 3 97 18 33 10 0 17 98 7 48 64 9 89 4 95 30 34 8 35 32 29 26 1 95 7 6 69 39 12 35 6 15 32 76 1 42 28 ]
[ 13 1 45 6 68 43 19 13 58 2 11 42 7 24 0 46 89 5 17 39 66 65 68 16 30 77 8 9 46 27 9 59 29 54 17 49 50 37 15 8 39 26 2 98 2 2 44 44 8 13 ]
[ 71 14 55 17 22 0 4 11 12 65 52 82 39 73 5 1 0 18 25 95 12 17 25 32 77 20 34 60 69 23 1 40 90 8 10 12 9 14 75 21 31 27 56 22 0 13 23 52 32 0 ]
[ 3 4 16 6 55 41 5 88 0 93 0 19 46 45 42 5 22 51 41 44 22 2 46 37 36 2 28 44 42 5 33 45 10 49 52 65 43 9 5 95 2 6 14 0 3 57 6 25 60 99 ]
[ 6 39 11 4 29 34 14 31 44 17 36 38 8 33 58 22 16 2 0 43 63 17 37 40 35 13 92 80 8 14 72 14 5 83 71 34 17 37 18 13 54 54 3 62 40 14 36 8 16 36 ]
[ 3 80 8 21 58 6 10 43 3 89 36 3 16 17 23 71 10 40 8 36 73 24 37 10 50 38 16 7 73 24 30 28 56 90 50 14 48 60 9 3 1 45 7 17 15 30 40 25 22 48 ]
[ 24 0 32 12 34 41 20 1 14 22 47 52 30 3 29 0 59 88 57 54 36 69 7 18 67 35 5 9 32 15 7 56 15 39 21 1 32 93 54 99 16 1 3 46 4 32 98 16 20 7 ]
[ 61 34 43 21 3 24 49 80 38 97 18 25 41 92 11 2 9 24 2 37 39 26 2 38 24 17 93 64 72 17 34 33 3 77 7 7 1 8 39 40 5 58 17 46 2 29 1 11 53 3 ]
[ 14 81 18 19 4 71 11 89 3 47 6 15 44 2 90 32 3 2 19 9 64 16 24 26 15 52 56 37 16 25 94 83 6 12 2 10 36 13 51 91 12 9 6 8 63 49 41 67 3 12 ]

Timer (generate): 1002ms real	940ms user	50ms sys
[ 39 59 65 61 95 20 43 7 57 89 51 72 62 13 40 12 60 83 92 29 99 75 10 19 36 97 99 52 15 79 82 6 38 48 20 34 20 15 41 77 4 44 2 18 57 94 30 17 29 22 ]
[ 47 81 49 9 52 86 7 51 90 22 30 25 28 21 25 48 55 45 15 48 74 19 92 76 89 50 22 19 67 52 94 66 33 43 76 85 81 83 88 24 57 18 49 37 39 74 38 46 19 53 ]
[ 94 93 73 39 22 62 41 44 34 60 48 80 27 81 75 55 18 57 90 6 33 47 77 82 84 16 56 22 15 27 28 61 72 1 0 46 15 93 43 1 54 91 81 33 25 57 88 95 66 78 ]
[ 2 99 77 79 33 61 47 41 36 62 68 64 24 92 17 76 39 84 70 34 86 76 25 19 9 2 28 97 98 94 75 52 45 4 31 78 65 30 71 53 93 91 69 69 84 86 97 75 23 19 ]
[ 9 9 95 86 80 4 41 9 53 39 55 80 91 1 84 74 31 50 56 3 55 49 94 25 70 30 63 20 5 86 39 66 47 35 53 28 91 94 37 45 85 44 25 28 97 10 54 29 12 10 ]
[ 84 67 12 30 44 34 13 8 54 18 46 94 37 94 81 42 22 72 36 11 17 73 55 43 53 53 53 7 34 65 17 70 84 81 0 29 16 13 37 70 84 35 64 21 29 97 63 3 70 51 ]
[ 14 87 76 22 82 29 75 87 88 61 52 57 31 89 39 83 18 55 97 7 77 33 42 94 6 72 91 69 27 61 72 42 1 48 64 83 29 91 71 17 4 75 74 35 64 13 18 34 20 67 ]
[ 41 98 0 36 92 58 60 83 27 87 97 51 29 98 99 45 33 80 88 56 97 44 84 72 79 48 37 50 35 58 69 76 8 22 64 52 80 24 87 60 12 84 11 93 34 63 91 20 43 31 ]
[ 76 41 76 60 65 7 61 2 9 96 12 79 24 20 1 89 72 33 65 60 93 29 96 5 75 83 68 66 3 11 49 31 52 77 92 17 37 5 72 46 1 84 25 77 5 78 18 29 12 84 ]
[ 41 5 13 90 10 40 73 30 58 28 42 8 59 46 37 3 64 74 8 36 21 9 72 98 39 29 29 57 11 93 41 52 98 7 94 61 47 19 91 6 47 85 66 59 32 3 62 48 30 71 ]
[ 36 51 32 8 1 71 38 82 81 49 75 22 53 74 81 0 87 81 19 30 39 67 16 5 26 0 60 40 48 90 11 36 93 96 44 47 67 34 29 48 35 5 23 89 31 56 89 70 89 60 ]
[ 52 28 79 20 85 57 20 98 98 20 40 9 56 86 57 53 33 25 39 14 25 75 71 0 16 54 9 57 76 98 17 29 27 97 49 64 54 22 62 4 94 55 14 3 41 71 56 26 48 47 ]
[ 40 26 22 64 78 90 70 87 47 47 86 17 76 65 14 77 81 20 51 96 25 46 51 91 49 92 14 57 70 15 4 62 93 79 26 71 69 97 59 17 96 97 34 72 14 0 1 95 72 53 ]
[ 91 49 51 42 40 0 86 7 57 56 22 13 19 15 92 97 38 62 46 97 31 42 46 65 66 60 17 68 8 89 73 99 39 24 94 31 24 32 38 33 41 12 98 12 79 91 9 18 5 56 ]
[ 67 36 50 66 53 17 26 22 85 34 11 10 86 2 34 32 86 10 64 76 95 5 89 45 69 68 36 79 38 93 87 58 81 37 24 34 54 2 56 91 89 20 53 75 74 39 7 60 49 23 ]
[ 37 96 81 78 42 50 98 30 81 89 24 68 47 5 58 71 92 64 25 0 8 14 72 61 89 47 1 48 59 2 24 48 99 5 26 93 55 25 23 89 66 99 9 13 57 67 36 49 84 61 ]
[ 49 92 76 22 5 17 21 6 18 80 61 42 29 12 99 7 5 54 84 80 95 50 80 5 63 37 72 99 38 8 13 87 0 89 61 58 58 82 16 76 15 77 70 44 89 69 51 46 76 88 ]
[ 27 71 38 59 76 2 48 1 53 86 9 66 25 62 7 87 20 66 21 36 94 36 66 65 80 7 86 84 6 62 24 33 86 62 44 62 16 92 15 70 30 25 88 55 39 96 94 11 14 16 ]
[ 99 8 52 65 25 85 25 12 21 31 26 45 16 12 59 60 27 76 4 42 98 86 19 86 41 10 34 88 21 48 4 21 9 8 38 86 45 63 50 66 94 77 63 10 41 23 22 68 99 78 ]
[ 63 97 64 34 35 58 45 70 46 66 70 2 39 31 62 78 18 8 41 68 26 88 97 90 50 91 65 73 11 16 3 74 13 20 61 0 78 6 70 76 24 93 30 64 24 92 94 94 0 35 ]

Running merge sort algorithm: 
Timer (sort): 474ms real	460ms user	10ms sys
The output is sorted!
[ 22 52 17 13 83 24 13 56 12 7 28 6 23 52 22 12 10 5 31 34 62 13 54 2 20 21 62 68 21 15 44 43 20 61 8 3 37 21 11 2 28 40 8 4 44 30 16 7 35 99 ]
[ 9 36 66 50 26 4 32 10 34 1 91 12 9 3 25 87 46 27 4 28 24 64 33 60 77 17 11 24 6 0 0 15 88 18 17 15 22 2 25 8 3 17 20 13 72 45 52 70 72 9 ]
[ 7 47 11 19 58 6 64 47 11 6 11 6 26 29 16 2 3 89 88 56 5 17 3 20 59 9 3 47 7 53 54 15 0 17 34 10 75 50 9 39 56 72 45 34 1 13 36 56 2 76 ]
[ 24 24 27 3 35 45 54 16 2 19 25 33 95 43 35 49 9 8 18 37 74 16 5 18 77 57 24 46 25 54 76 1 30 3 5 17 48 11 33 3 31 10 36 26 5 23 28 14 84 46 ]
[ 61 92 12 20 40 34 22 6 17 13 98 13 27 22 16 16 19 80 2 41 25 45 54 37 6 11 36 17 92 15 18 5 8 30 26 0 16 0 58 33 13 9 98 41 31 14 57 50 46 11 ]
[ 36 17 15 8 24 24 9 71 66 1 51 8 53 13 33 28 21 12 56 40 27 64 1 16 29 40 35 53 14 5 44 51 22 11 11 98 88 20 21 6 22 73 14 27 38 0 56 11 12 64 ]
[ 7 31 59 69 16 12 17 16 12 9 23 41 12 7 28 25 58 14 9 89 52 63 51 14 16 22 57 45 5 11 38 12 94 50 34 62 14 51 30 26 12 53 19 24 13 47 1 71 14 10 ]
[ 2 9 50 1 50 34 10 96 50 84 0 39 3 79 84 11 3 50 84 93 58 11 20 4 8 2 25 17 48 1 15 2 10 65 3 12 0 65 8 2 1 8 41 5 40 77 68 43 27 52 ]
[ 56 80 22 50 43 5 66 15 79 3 1 24 14 16 11 7 30 2 24 57 29 48 41 10 4 21 38 93 82 22 78 39 2 0 41 45 6 7 13 37 62 14 14 28 82 25 35 12 27 12 ]
[ 17 32 44 10 4 23 5 14 22 67 74 11 5 43 59 1 23 8 30 52 17 8 29 7 9 30 58 61 5 28 36 74 60 80 37 16 3 42 83 26 10 57 89 15 1 0 17 76 9 47 ]
[ 17 22 10 27 1 12 2 99 1 35 23 7 4 3 17 13 5 15 1 77 48 63 47 23 20 25 67 6 54 69 23 23 91 33 2 44 97 5 44 98 40 19 58 45 22 27 10 27 42 12 ]
[ 34 42 40 6 22 97 22 8 86 44 29 3 5 7 31 0 1 9 0 6 59 7 10 25 1 66 63 23 90 7 52 77 1 92 83 23 41 5 31 79 1 12 82 6 20 65 7 21 27 7 ]
[ 14 14 37 5 83 92 5 35 29 43 24 26 32 37 9 2 3 16 30 26 79 91 25 0 61 35 33 20 29 18 18 44 32 56 1 67 0 6 3 82 1 27 60 33 16 69 35 20 37 17 ]
[ 80 50 20 7 60 28 4 1 22 40 80 36 65 36 82 40 17 33 42 2 16 15 5 2 32 9 38 37 63 57 41 43 7 13 3 19 42 7 72 16 0 5 4 17 41 39 57 10 72 51 ]
[ 31 30 23 34 7 95 22 13 99 3 81 61 14 54 12 54 26 14 38 55 21 31 13 20 14 1 54 50 2 57 10 33 39 33 19 46 28 41 12 27 44 45 40 11 0 5 17 26 19 55 ]
[ 14 23 9 33 53 13 11 8 22 29 20 18 52 42 23 13 13 40 42 52 23 27 99 1 18 33 3 3 12 56 49 26 79 10 11 84 24 74 92 46 4 64 17 8 7 40 21 72 32 15 ]
[ 24 1 10 14 63 43 28 16 6 1 18 30 73 69 11 28 3 8 65 53 8 27 70 84 32 2 0 42 58 89 41 34 42 3 0 6 46 29 22 5 30 41 35 55 62 47 83 17 7 0 ]
[ 21 11 61 77 22 64 91 28 21 29 44 0 5 28 60 34 36 34 27 57 4 23 5 2 61 0 20 23 29 39 3 50 2 64 79 24 81 22 5 54 51 1 55 8 29 15 43 18 2 22 ]
[ 32 17 10 28 36 73 24 35 14 2 17 66 36 21 20 4 49 74 14 1 65 8 25 72 32 0 12 78 24 47 14 8 16 76 36 4 50 12 39 64 15 9 30 3 82 2 7 83 77 22 ]
[ 56 38 38 32 67 3 18 23 36 81 3 54 3 11 51 57 93 15 21 8 39 47 21 47 6 14 37 54 10 13 66 66 3 56 50 22 11 20 46 48 2 49 2 5 12 5 14 5 72 36 ]

Timer (generate): 1072ms real	990ms user	80ms sys
[ 97 31 5 80 33 52 79 85 77 51 36 4 58 66 40 56 90 10 65 0 18 49 39 77 43 5 59 44 19 18 87 16 1 44 48 87 96 28 72 25 31 8 82 89 27 22 45 17 84 62 ]
[ 69 2 11 9 79 55 14 91 51 85 61 90 2 63 34 50 50 82 30 74 59 61 34 41 50 61 64 47 31 48 9 0 3 73 61 34 80 27 25 31 13 39 21 67 2 7 17 4 89 0 ]
[ 78 48 13 64 42 16 26 58 63 57 6 25 9 61 50 71 96 30 50 73 13 63 12 86 30 66 45 0 70 34 52 0 34 65 65 28 81 43 86 97 52 45 74 61 6 76 84 54 6 35 ]
[ 80 71 98 44 9 81 11 54 33 33 40 85 86 26 2 3 55 36 46 41 33 50 86 59 11 45 35 48 99 93 83 31 16 33 76 25 66 39 31 99 24 71 36 62 49 39 65 4 75 63 ]
[ 46 60 13 84 19 77 29 6 25 81 99 8 12 67 93 40 92 60 31 75 59 56 46 96 18 47 87 84 52 62 99 50 74 13 34 45 90 16 51 15 97 2 75 61 69 68 2 13 28 33 ]
[ 88 40 41 86 88 60 33 75 96 85 89 95 87 63 60 22 8 50 90 11 65 87 13 92 0 82 61 2 95 41 88 35 81 29 21 69 41 54 96 89 92 37 85 79 52 45 53 12 48 43 ]
[ 23 65 82 36 58 83 70 19 37 17 60 25 52 94 7 25 63 48 80 12 90 24 49 75 55 2 72 9 14 20 4 90 38 87 26 96 22 49 67 59 66 79 85 71 73 44 96 89 44 28 ]
[ 1 34 4 2 61 60 56 34 21 23 6 77 13 44 64 91 92 86 40 59 46 59 91 83 82 64 27 30 53 71 59 6 6 15 61 67 27 17 53 48 40 12 26 5 8 42 97 1 81 89 ]
[ 12 79 0 3 62 82 20 41 13 25 64 24 32 70 91 93 90 19 62 95 19 55 7 45 60 68 40 57 21 21 99 85 0 99 89 62 82 61 55 47 86 19 23 70 42 14 15 84 85 78 ]
[ 79 5 33 39 50 45 7 42 3 80 63 54 65 63 53 6 77 87 67 84 86 54 4 9 24 46 76 40 30 61 70 61 66 3 0 69 48 59 63 3 91 27 57 57 42 63 63 72 50 31 ]
[ 56 37 85 60 98 61 58 26 1 40 88 23 2 6 26 54 27 27 66 91 82 57 70 40 14 12 55 78 36 5 61 93 94 98 5 93 59 64 71 13 56 59 36 58 18 15 65 97 42 31 ]
[ 40 76 40 62 68 7 27 23 37 63 29 98 8 75 96 14 20 7 30 92 20 86 3 9 97 73 24 62 71 18 45 63 94 37 26 63 44 53 86 81 68 67 79 77 95 27 91 15 35 73 ]
[ 7 55 59 11 64 8 84 40 70 7 58 67 23 5 5 49 68 1 54 6 83 22 26 14 51 21 42 42 36 77 67 96 84 27 59 1 35 43 93 58 3 52 77 26 9 34 27 77 36 81 ]
[ 35 71 55 13 85 7 34 79 1 23 8 69 19 45 48 78 46 35 73 39 45 28 43 75 54 52 9 33 81 97 66 69 68 22 82 6 81 69 37 34 44 46 55 15 91 55 45 89 91 18 ]
[ 80 88 99 76 63 53 80 25 87 62 22 5 83 43 27 65 49 60 86 38 47 30 84 2 45 27 10 90 68 1 61 49 41 60 77 5 65 57 30 4 19 4 10 54 47 89 72 48 2 58 ]
[ 87 49 89 23 3 86 3 65 29 71 18 90 72 60 2 49 17 19 59 99 24 30 3 86 85 3 75 57 51 29 15 90 30 56 66 86 95 69 51 24 92 70 66 65 30 68 66 47 87 25 ]
[ 46 63 56 1 49 93 4 77 50 8 6 65 50 89 74 16 75 69 85 26 93 30 96 59 47 78 79 13 77 18 91 75 82 99 77 83 92 33 60 94 93 19 59 44 8 85 60 35 6 98 ]
[ 61 99 28 10 10 75 40 41 40 18 60 83 93 42 34 22 25 26 8 38 20 1 57 32 45 17 69 58 52 76 56 65 27 36 27 90 63 68 31 55 38 91 39 83 85 73 6 11 52 14 ]
[ 49 24 67 58 8 13 27 30 71 31 6 79 48 33 67 76 75 30 96 7 85 34 98 76 17 84 2 75 47 54 41 48 30 9 58 91 74 85 21 97 16 27 76 16 12 95 92 88 77 40 ]
[ 47 62 74 45 91 44 81 93 71 28 99 13 28 81 74 86 72 48 23 93 45 91 72 73 8 37 68 0 77 45 41 24 59 67 69 50 63 3 95 35 83 94 0 12 76 26 50 0 74 74 ]

Running merge sort algorithm: 
Timer (sort): 491ms real	490ms user	0ms sys
The output is sorted!
[ 47 46 42 3 14 39 18 3 98 12 46 27 39 25 36 11 34 82 11 77 7 5 60 24 32 0 7 85 17 42 19 16 40 14 19 6 5 37 9 4 1 7 31 40 84 19 3 18 54 14 ]
[ 70 25 4 31 65 8 2 70 8 44 11 3 19 8 15 63 36 66 18 69 76 12 20 33 15 90 2 12 0 40 15 22 17 19 5 34 79 7 4 39 3 16 43 74 76 10 37 13 28 8 ]
[ 61 43 63 56 4 3 27 27 17 6 25 65 1 12 42 5 76 18 48 6 37 35 62 3 46 5 59 6 23 6 2 36 1 17 45 5 20 72 84 90 30 9 7 31 21 1 36 50 19 37 ]
[ 3 35 12 50 22 24 42 31 5 36 78 69 6 30 53 2 12 19 95 15 63 64 22 2 47 2 4 7 6 23 41 9 10 53 11 32 29 6 15 34 42 45 3 48 76 9 2 40 28 98 ]
[ 53 88 21 6 33 1 9 26 0 44 95 17 2 18 5 23 77 48 28 5 29 63 46 10 72 65 24 2 38 18 29 44 7 50 50 92 3 11 18 3 7 13 20 10 31 25 33 60 26 13 ]
[ 22 0 49 44 76 51 47 1 2 32 1 7 24 80 24 9 12 11 16 2 26 3 6 30 65 22 81 30 9 20 0 31 20 50 76 48 53 23 50 7 7 51 14 31 31 90 40 95 1 8 ]
[ 96 35 3 55 11 43 1 31 26 35 29 59 16 14 30 5 26 70 25 15 37 43 43 36 18 20 36 91 10 41 60 7 28 16 62 40 11 15 23 38 2 4 49 19 19 31 24 97 1 1 ]
[ 11 30 14 22 43 7 6 1 40 46 35 77 55 10 7 80 65 84 9 12 4 9 11 98 9 25 54 22 19 40 40 31 22 6 5 18 65 11 19 5 9 54 35 16 16 42 97 33 78 6 ]
[ 53 39 36 9 52 44 31 16 17 19 58 16 69 21 6 66 18 61 33 73 18 19 10 24 6 38 10 25 2 59 23 8 50 11 17 2 56 1 71 73 72 29 41 41 2 47 7 20 9 40 ]
[ 5 8 21 86 36 54 39 8 42 58 2 59 16 43 55 75 5 15 37 5 6 44 95 27 16 33 11 19 11 47 22 16 7 96 54 44 2 46 4 44 4 6 3 21 1 10 48 6 78 85 ]
[ 48 5 1 19 38 5 40 81 6 36 43 46 92 44 6 74 63 21 30 15 16 43 23 24 38 19 73 58 13 18 2 13 23 3 32 13 9 24 46 15 12 89 13 5 86 19 31 49 40 13 ]
[ 10 20 27 19 27 18 59 42 42 74 43 16 10 6 25 1 49 1 12 65 6 9 48 5 41 24 9 0 25 27 22 35 99 50 7 27 20 18 69 62 92 64 79 2 22 4 4 71 5 68 ]
[ 7 72 74 77 38 8 54 13 53 7 23 24 65 45 6 4 34 17 10 0 50 29 53 68 11 12 65 16 16 38 36 23 11 10 0 1 18 7 15 23 14 38 48 31 35 6 87 70 23 97 ]
[ 19 18 55 59 28 42 49 61 19 82 7 20 41 11 13 97 36 10 17 1 59 83 25 39 6 48 33 30 22 54 61 41 24 16 1 4 10 2 17 29 36 24 50 30 36 15 27 24 25 44 ]
[ 37 58 50 27 11 16 84 19 25 20 45 12 0 7 22 33 40 74 6 33 25 47 41 22 75 47 54 25 87 10 57 25 20 7 4 32 24 88 3 49 61 0 13 61 8 36 46 0 10 4 ]
[ 62 64 12 1 37 48 35 46 37 55 15 71 36 42 69 13 76 14 0 1 33 36 1 23 26 1 55 1 39 63 8 2 79 20 3 16 21 90 14 10 45 30 33 34 24 2 47 0 68 47 ]
[ 53 5 28 25 67 7 4 6 24 41 23 53 42 44 19 68 96 68 36 4 4 30 93 57 10 89 56 51 20 2 4 26 8 32 3 27 91 7 33 15 1 8 69 43 5 40 12 1 8 48 ]
[ 0 98 17 10 18 19 13 18 28 52 44 13 15 21 33 13 96 34 38 3 24 16 18 11 40 24 36 34 74 28 68 27 26 37 37 97 8 2 15 89 6 11 2 21 33 35 34 29 69 73 ]
[ 3 15 12 58 43 98 31 14 81 0 11 0 37 98 20 24 68 38 1 18 31 18 24 94 22 22 13 1 61 8 5 64 23 70 23 18 68 6 84 49 6 47 1 44 46 22 20 14 12 21 ]
[ 49 14 0 1 52 44 10 38 81 85 29 70 8 5 22 31 24 36 8 34 12 20 85 11 4 40 45 36 6 22 14 8 36 14 9 88 58 20 26 91 57 7 14 18 65 36 1 89 25 9 ]

Timer (generate): 1049ms real	960ms user	70ms sys
[ 21 31 94 30 18 26 86 72 53 70 29 68 83 48 97 44 7 45 3 41 90 12 5 24 74 82 62 35 24 17 79 45 1 26 76 19 52 14 91 5 36 20 73 71 68 71 16 75 68 71 ]
[ 17 10 83 74 35 57 8 49 45 32 67 24 78 68 2 6 87 55 72 79 60 9 51 86 32 20 9 48 47 77 19 16 39 3 90 26 12 99 76 9 31 43 86 61 63 88 67 50 95 92 ]
[ 81 8 53 33 94 85 5 3 34 52 32 5 21 71 60 11 98 25 62 26 34 46 69 72 7 32 61 27 34 8 19 68 16 24 1 10 9 6 65 95 10 49 1 31 21 13 95 71 38 57 ]
[ 97 25 3 18 97 63 2 10 42 88 19 61 56 35 85 57 98 46 15 15 42 78 65 95 61 86 60 56 9 51 14 58 76 69 28 25 84 30 88 26 18 59 39 27 46 24 36 44 23 4 ]
[ 60 17 82 25 12 43 63 24 52 24 75 66 34 3 87 62 29 72 44 69 98 14 28 38 41 74 14 78 71 89 34 83 6 16 60 70 11 75 95 63 99 70 81 85 74 69 99 55 93 43 ]
[ 24 43 9 52 81 3 78 48 33 49 37 67 84 44 83 44 66 46 19 61 10 70 84 43 7 58 64 6 65 57 1 89 1 11 93 34 14 23 34 99 25 24 66 9 20 1 54 86 47 25 ]
[ 48 9 96 32 53 3 42 17 10 59 27 63 0 28 74 45 14 40 68 49 39 93 25 5 3 45 6 57 31 6 34 31 15 30 15 20 86 9 38 48 68 65 11 68 45 86 13 59 78 82 ]
[ 60 18 27 85 75 30 82 34 39 14 92 74 97 7 56 13 28 42 22 18 90 91 83 2 11 28 40 25 39 18 59 52 88 38 89 16 21 72 2 60 38 94 86 35 1 95 0 81 37 23 ]
[ 99 80 66 34 34 77 62 74 54 54 44 65 58 33 4 47 1 25 71 3 37 9 97 76 97 50 71 49 32 60 72 83 40 90 18 74 68 32 48 74 38 45 40 96 30 44 44 31 21 15 ]
[ 34 58 77 83 86 26 33 57 75 17 18 0 1 10 90 71 85 58 3 85 85 42 30 25 38 60 21 34 43 94 2 29 4 79 12 91 57 98 48 32 67 18 32 20 29 75 91 14 85 47 ]
[ 51 70 89 34 95 79 94 68 66 90 62 68 19 67 99 84 10 56 34 58 88 1 77 73 74 58 48 65 24 33 64 75 56 5 9 3 85 56 72 51 46 86 71 17 5 70 1 15 26 87 ]
[ 26 66 41 55 39 15 13 39 32 37 25 97 64 81 2 74 84 39 82 8 42 28 95 13 97 52 83 51 20 9 38 46 28 79 1 19 94 66 59 27 55 36 76 19 17 78 45 53 70 27 ]
[ 62 12 7 9 26 5 13 61 8 33 23 46 79 51 26 32 70 72 50 81 51 5 17 27 77 86 58 22 92 28 2 6 40 9 15 18 66 80 80 74 14 3 73 45 6 51 78 76 23 80 ]
[ 58 75 38 27 54 15 14 12 37 6 40 91 12 33 1 79 51 19 59 83 46 73 86 19 71 92 70 1 21 93 81 79 20 19 6 75 34 72 87 24 30 80 15 42 13 68 73 64 40 85 ]
[ 48 86 10 86 57 81 31 27 82 52 72 64 83 45 83 41 20 70 14 59 46 96 91 13 91 4 34 64 21 74 49 21 12 60 59 69 41 42 96 76 46 20 40 29 65 75 71 37 97 37 ]
[ 49 43 33 40 57 24 97 43 41 70 17 42 43 29 2 2 98 96 97 46 72 43 66 64 73 84 91 96 73 89 85 22 84 70 15 93 47 64 36 88 34 53 82 77 34 85 31 32 33 28 ]
[ 30 57 24 49 21 97 33 12 45 6 53 30 81 38 52 96 31 99 60 68 39 46 21 22 75 56 59 58 40 44 39 23 1 63 72 74 60 57 38 57 15 92 39 96 30 91 44 13 43 56 ]
[ 81 82 54 55 56 29 63 67 88 55 11 79 78 12 42 2 38 54 59 77 11 27 21 50 75 3 93 20 16 36 28 50 71 83 5 27 12 20 47 52 75 58 31 6 23 73 8 61 79 20 ]
[ 90 90 47 63 92 22 66 86 94 35 22 23 85 45 6 42 73 70 62 72 23 37 30 6 95 5 32 4 67 11 24 9 2 71 73 46 45 91 32 40 26 7 63 11 52 21 5 77 91 67 ]
[ 49 14 57 32 73 52 37 5 56 56 16 32 66 70 55 91 17 1 34 1 93 61 60 56 24 13 29 30 42 20 49 44 87 6 76 60 11 65 65 19 22 81 52 40 52 59 83 21 12 17 ]

Running merge sort algorithm: 
Timer (sort): 482ms real	480ms user	0ms sys
The output is sorted!
[ 9 10 30 4 50 18 7 17 9 24 29 43 6 13 17 11 1 28 26 92 82 20 5 21 41 21 29 37 11 4 0 20 14 82 77 65 0 84 34 61 60 15 5 18 28 74 30 29 54 8 ]
[ 38 14 74 11 23 8 26 58 44 32 5 31 75 70 1 7 29 14 5 0 32 48 28 38 83 9 12 25 21 25 28 60 40 2 23 15 10 2 25 7 86 31 90 14 1 91 21 30 5 27 ]
[ 18 14 54 68 26 8 88 28 9 31 24 11 59 95 7 18 41 11 20 23 23 54 6 19 20 4 63 58 91 8 97 9 22 3 29 1 11 18 29 72 1 6 35 12 1 42 30 94 5 2 ]
[ 27 11 4 53 11 85 2 49 4 25 61 1 9 38 28 11 19 74 50 16 50 1 15 2 8 89 92 37 48 16 74 27 28 30 32 39 15 34 40 20 11 2 21 21 40 1 32 11 75 34 ]
[ 44 3 32 19 14 80 60 27 47 50 7 19 12 8 12 56 40 30 4 34 2 80 34 4 87 64 33 84 10 56 41 7 11 25 26 26 6 38 5 5 88 12 24 0 20 88 9 12 19 13 ]
[ 10 6 10 59 57 18 32 6 69 4 39 30 16 90 36 22 53 19 5 8 46 8 24 99 95 31 47 43 3 2 39 13 8 1 25 17 71 9 24 41 13 63 23 30 5 59 4 58 30 9 ]
[ 55 2 14 26 15 34 79 20 18 76 7 45 63 4 6 6 4 4 11 32 61 31 7 10 25 3 55 93 78 1 3 33 55 69 11 22 55 42 95 73 19 2 19 34 6 25 40 11 30 3 ]
[ 45 20 50 88 31 45 46 0 8 68 36 43 41 37 21 74 7 12 9 29 88 78 5 88 39 13 62 10 19 11 12 17 31 14 5 14 12 4 14 20 72 3 15 13 40 36 40 0 0 49 ]
[ 27 12 2 25 17 15 39 0 32 19 21 52 39 63 58 40 19 47 29 52 11 3 13 21 2 20 6 49 23 55 0 50 19 55 28 37 70 19 37 2 39 11 7 30 26 65 70 97 12 52 ]
[ 22 59 61 28 9 53 98 18 13 17 7 9 21 49 28 42 59 56 8 5 7 42 1 3 29 38 76 89 10 13 47 32 24 8 12 33 14 62 3 27 31 10 37 4 12 17 46 23 74 55 ]
[ 43 56 51 12 70 21 11 72 21 16 31 50 53 34 2 26 76 2 3 98 1 32 5 77 72 13 6 6 26 13 6 21 21 9 33 92 30 45 16 51 13 48 1 18 34 4 45 10 58 0 ]
[ 8 14 18 37 26 24 48 12 15 58 87 23 7 2 21 3 18 10 17 30 34 18 13 25 12 41 43 35 38 17 74 46 32 92 35 58 17 35 23 84 45 10 7 52 65 28 7 35 38 25 ]
[ 20 85 61 39 67 9 60 46 21 14 3 4 10 35 34 26 4 12 95 8 1 25 10 62 11 56 11 44 0 5 3 72 91 16 12 10 25 24 8 46 38 12 2 48 99 36 74 3 1 70 ]
[ 25 92 18 37 25 33 24 13 12 74 20 25 41 52 14 13 1 17 39 8 1 69 38 73 3 20 16 17 97 42 10 22 34 29 11 11 14 35 76 26 61 96 52 2 1 18 68 2 35 7 ]
[ 6 16 6 52 18 20 56 24 42 37 67 24 30 6 11 6 29 73 61 15 63 0 9 56 14 35 67 54 9 76 47 15 44 53 19 63 26 28 39 20 17 6 44 0 12 7 6 42 81 19 ]
[ 20 5 1 15 94 12 24 63 4 33 0 31 85 9 31 30 10 22 43 11 44 11 44 64 35 38 56 16 18 22 1 38 27 54 53 73 18 30 37 23 15 37 6 52 98 37 35 9 12 30 ]
[ 26 9 12 2 60 69 36 12 9 43 49 6 73 0 37 73 10 64 55 11 41 29 7 35 14 18 49 29 1 5 6 28 14 71 82 74 40 19 39 2 62 40 8 35 40 45 61 2 10 16 ]
[ 80 36 16 79 3 52 38 40 6 55 5 8 53 11 6 35 37 11 36 68 2 11 42 5 31 63 63 2 77 71 8 9 7 25 88 10 29 27 2 35 34 7 43 87 70 2 23 7 13 11 ]
[ 97 30 9 61 52 54 30 23 1 4 7 44 12 22 73 46 43 63 20 24 15 0 2 39 14 35 5 25 6 4 43 4 34 4 17 38 10 48 13 11 52 21 55 16 95 81 63 38 44 35 ]
[ 31 33 9 33 3 35 71 7 12 34 50 46 38 73 11 4 54 5 4 84 6 51 4 74 36 18 15 48 34 23 25 65 8 34 50 11 21 21 19 34 56 21 32 46 47 43 50 1 0 54 ]

Timer (generate): 968ms real	890ms user	80ms sys
[ 12 98 50 24 85 74 70 65 76 96 51 47 40 89 80 50 83 15 90 84 89 5 86 49 54 56 94 19 76 13 60 88 11 10 12 48 84 35 13 60 83 16 60 23 6 40 26 41 7 68 ]
[ 77 48 74 64 97 80 20 44 99 48 57 11 37 20 22 1 68 58 88 33 19 72 50 79 47 8 71 73 49 31 42 26 79 68 90 29 0 63 73 99 11 82 11 0 2 85 2 70 43 42 ]
[ 55 14 14 5 93 62 65 17 87 14 48 81 93 79 49 35 8 49 50 33 1 14 15 64 14 69 49 68 91 44 11 47 59 77 4 4 91 70 21 31 36 21 12 81 53 62 69 13 11 19 ]
[ 47 64 85 14 28 52 84 29 20 75 74 83 74 85 13 79 89 4 1 63 35 89 84 48 71 37 62 40 3 25 11 50 90 97 16 18 49 0 48 21 28 74 57 2 59 70 33 0 26 86 ]
[ 63 62 76 0 62 99 89 24 39 92 1 2 42 91 99 11 62 0 11 10 74 91 36 31 46 47 1 79 47 79 18 63 41 94 63 55 93 52 31 84 45 33 38 39 24 38 50 86 90 14 ]
[ 48 64 57 36 47 3 83 0 35 83 80 53 46 73 99 9 81 44 13 12 28 58 97 66 50 74 56 52 12 99 18 13 15 76 49 15 79 85 15 14 20 95 19 66 21 18 27 2 62 40 ]
[ 66 42 51 64 61 53 38 69 5 2 68 24 15 36 52 17 51 83 2 66 50 74 14 69 40 35 40 19 89 2 59 55 97 62 19 10 15 9 79 73 12 0 49 27 36 1 96 39 84 98 ]
[ 57 34 72 71 56 64 58 96 83 99 50 95 55 47 57 26 9 25 36 89 98 0 89 47 79 77 0 76 16 36 26 73 23 51 97 79 15 7 75 51 7 77 98 14 25 55 40 86 32 28 ]
[ 75 30 28 16 29 8 93 81 36 61 18 62 87 41 13 36 20 81 43 47 84 2 24 82 16 1 89 57 88 22 85 15 4 66 32 86 26 77 67 62 91 37 76 30 78 42 66 50 23 61 ]
[ 49 59 16 26 93 32 27 82 41 67 56 79 83 13 45 67 99 23 44 18 85 35 56 61 17 86 3 83 37 78 97 38 89 13 64 82 45 44 17 39 11 25 18 46 38 15 13 89 38 10 ]
[ 8 75 97 16 88 15 2 44 98 91 22 95 30 12 60 46 46 6 90 63 97 54 89 67 0 79 34 14 69 24 24 29 99 21 45 39 88 47 83 87 91 58 34 73 22 95 19 68 53 10 ]
[ 84 50 64 73 69 16 4 3 30 73 27 6 54 78 80 99 17 68 99 1 7 90 59 42 63 81 89 82 1 94 44 85 96 60 10 65 77 15 68 59 40 47 66 95 77 98 94 94 18 45 ]
[ 47 26 35 58 20 50 39 61 85 93 55 81 78 51 42 41 16 19 56 36 78 48 35 96 43 12 46 90 58 65 35 6 43 23 64 15 25 56 76 62 49 83 44 79 34 86 20 2 57 28 ]
[ 90 87 77 25 36 20 89 82 62 47 99 50 53 42 73 70 57 50 78 85 13 79 68 57 58 2 95 31 56 4 59 46 43 36 71 79 9 12 62 71 60 61 21 65 56 46 35 13 49 13 ]
[ 51 62 44 19 71 3 74 18 86 30 22 45 77 65 34 0 45 43 13 59 66 73 72 40 90 28 38 26 94 87 91 45 49 36 16 72 91 90 90 77 21 12 74 50 30 8 50 27 3 15 ]
[ 86 22 88 10 14 79 91 52 57 85 40 0 82 41 88 98 14 31 41 4 8 14 69 35 64 51 43 66 78 99 82 16 73 22 26 87 53 17 39 10 54 79 63 36 73 3 87 87 35 28 ]
[ 43 43 42 12 78 58 63 74 24 93 25 6 61 98 81 88 85 34 57 24 97 64 56 60 52 29 63 39 16 98 19 11 94 13 24 24 23 39 98 48 85 75 6 46 73 87 86 58 22 44 ]
[ 35 71 60 91 31 12 72 46 4 88 97 75 99 43 89 75 67 12 67 18 12 52 93 71 50 19 58 37 77 32 33 12 3 93 55 86 57 27 85 61 67 34 37 19 77 78 46 96 42 13 ]
[ 14 7 17 60 78 68 79 88 5 8 73 90 73 76 83 28 15 40 56 52 54 75 86 43 94 63 73 41 59 15 6 26 22 76 38 52 44 69 41 1 77 14 43 50 42 26 79 9 18 87 ]
[ 61 24 62 47 67 9 62 40 2 74 8 60 52 82 36 90 35 32 59 28 85 36 94 28 39 36 6 18 46 77 57 59 1 71 7 69 80 69 61 34 95 69 47 47 4 83 89 39 68 48 ]

Running merge sort algorithm: 
Timer (sort): 479ms real	470ms user	0ms sys
The output is sorted!
[ 23 5 43 22 35 96 35 14 57 8 55 25 18 6 9 33 82 14 8 10 1 6 21 54 80 45 10 6 4 19 27 27 24 70 1 11 18 36 26 27 45 33 52 63 39 14 48 21 28 8 ]
[ 40 3 51 88 54 92 57 7 24 9 30 71 29 10 42 0 22 52 4 51 16 18 30 17 9 24 47 36 28 49 11 69 4 14 9 59 59 18 18 35 28 1 6 57 11 0 10 34 52 14 ]
[ 40 34 6 18 18 5 3 3 64 41 11 80 86 16 22 55 7 12 17 29 9 6 11 0 54 6 5 45 31 37 8 23 24 15 41 42 72 96 46 37 37 9 17 76 25 92 31 84 4 1 ]
[ 69 36 18 69 0 0 1 14 42 21 6 21 1 38 22 97 9 16 42 51 76 58 3 25 14 43 55 17 40 14 18 61 3 36 30 3 37 32 69 31 5 28 4 6 18 27 55 27 95 49 ]
[ 17 12 0 11 51 25 37 4 58 9 35 5 70 23 10 10 36 76 40 35 28 28 50 28 17 39 23 34 31 7 8 48 19 9 11 23 86 49 27 44 58 14 2 80 90 12 43 26 40 35 ]
[ 58 25 71 57 1 28 38 1 10 63 20 5 50 20 31 23 18 23 84 8 71 70 53 48 10 45 83 26 7 28 3 17 6 26 26 7 6 17 60 17 80 32 22 30 4 53 5 22 28 42 ]
[ 59 20 19 21 1 29 9 23 10 38 31 36 5 9 33 4 38 10 0 29 6 2 7 8 54 39 73 27 71 33 0 31 53 71 52 6 52 14 29 63 52 12 51 9 22 85 65 12 95 65 ]
[ 4 40 1 18 64 48 80 4 0 72 21 23 15 82 45 4 66 26 19 15 6 4 95 81 60 7 20 14 29 31 0 85 24 53 4 40 2 36 45 2 60 18 77 27 0 22 32 19 0 51 ]
[ 46 95 50 3 84 42 24 39 8 6 26 42 16 94 5 21 8 45 75 22 8 33 99 60 51 40 45 61 3 6 58 1 1 61 4 37 3 29 29 11 35 7 5 51 2 10 24 62 7 0 ]
[ 20 51 65 33 8 1 9 2 23 70 26 0 10 48 49 30 13 44 45 11 42 4 56 48 61 80 11 79 38 9 34 11 12 0 44 20 1 6 22 25 28 1 77 38 49 26 68 62 70 14 ]
[ 12 73 47 3 32 6 40 59 17 4 30 56 29 11 46 7 41 24 29 25 55 19 17 79 90 16 29 27 51 36 4 64 10 3 19 42 10 12 53 27 16 83 35 45 46 33 4 39 9 34 ]
[ 35 45 62 79 2 37 28 2 28 3 0 6 62 78 2 9 1 19 43 16 68 12 91 2 77 30 78 6 17 8 65 52 53 27 83 55 16 11 9 45 15 9 3 29 40 5 38 41 24 34 ]
[ 74 12 0 39 73 85 17 61 0 33 10 22 17 8 15 3 35 18 6 0 4 0 69 57 0 10 70 62 68 8 79 42 21 79 33 94 64 2 8 16 36 18 38 53 26 6 9 61 24 15 ]
[ 9 36 2 30 15 24 49 15 11 12 21 3 82 22 52 31 50 70 7 1 61 5 11 17 15 22 19 55 23 41 32 33 78 34 15 45 58 17 12 21 81 34 25 63 8 29 46 10 99 53 ]
[ 41 25 90 12 15 52 90 20 32 41 30 5 0 0 20 3 95 69 15 75 33 92 28 1 6 5 2 41 13 20 28 55 46 19 19 13 23 9 33 7 2 16 13 55 16 33 58 64 55 73 ]
[ 1 19 87 31 53 40 11 81 10 42 54 50 93 13 48 9 1 18 1 10 11 91 33 6 0 2 30 38 20 41 92 21 12 31 4 17 24 15 50 34 9 5 36 54 70 84 64 23 2 17 ]
[ 40 27 34 28 41 19 87 24 17 19 19 7 58 15 0 87 11 49 23 1 46 54 28 44 1 55 60 22 75 0 20 67 27 6 95 20 25 34 44 42 6 15 49 64 30 1 4 41 2 27 ]
[ 5 41 2 56 2 76 31 22 33 22 39 9 27 3 89 28 28 28 13 20 41 43 10 31 65 51 4 27 40 36 37 45 29 39 1 31 16 84 5 1 7 45 10 86 48 51 14 28 32 80 ]
[ 5 5 33 9 33 70 2 56 15 28 25 43 6 4 64 61 74 85 2 39 12 52 38 58 5 7 13 62 93 62 35 50 19 20 12 5 90 14 61 58 43 38 1 1 42 18 14 17 3 16 ]
[ 29 29 4 29 16 28 35 74 29 28 4 75 52 22 97 1 69 6 33 73 0 31 37 27 29 13 13 1 23 60 24 4 90 28 85 6 8 20 32 37 1 36 64 5 59 61 6 28 19 40 ]

Timer (generate): 1005ms real	900ms user	90ms sys
[ 33 99 89 11 78 24 37 39 30 7 43 15 70 61 87 14 42 90 20 3 90 17 52 0 89 1 67 33 60 87 58 45 39 48 9 17 72 46 8 54 5 52 69 75 13 56 42 7 98 14 ]
[ 11 88 31 15 89 72 16 56 5 28 96 64 74 35 64 83 4 88 81 13 42 86 17 63 13 82 71 55 90 69 69 53 57 52 68 98 25 37 7 82 65 3 98 91 90 62 74 46 50 7 ]
[ 59 44 93 76 59 7 59 30 14 1 51 84 54 61 88 74 11 65 11 18 48 29 73 46 72 15 61 99 62 63 6 73 60 0 50 19 59 61 2 73 14 5 9 68 66 50 42 30 15 6 ]
[ 48 15 87 74 14 11 89 75 10 51 90 17 25 50 69 27 22 28 40 24 53 54 81 15 22 0 65 16 30 32 74 30 48 13 4 62 25 94 89 35 97 79 4 22 82 73 1 4 53 41 ]
[ 80 7 95 61 74 69 61 39 38 91 71 64 74 71 78 78 33 55 24 22 42 22 54 47 44 36 72 46 40 26 39 20 85 35 33 59 4 95 98 94 38 21 59 12 93 37 43 78 92 67 ]
[ 53 86 89 7 33 86 95 6 84 35 84 23 7 69 10 92 28 15 39 78 9 78 99 68 42 44 57 85 23 1 5 76 88 94 35 73 32 30 79 16 17 63 40 76 84 50 68 12 17 8 ]
[ 42 79 38 94 99 32 38 9 70 13 10 75 89 50 69 76 24 2 6 55 70 23 71 62 99 55 65 20 20 82 28 62 13 18 8 13 50 99 22 20 12 84 95 54 35 17 30 11 71 89 ]
[ 66 41 12 37 56 64 93 21 36 65 55 16 79 69 34 88 34 36 87 8 57 51 92 4 5 79 73 88 90 44 77 57 38 41 94 46 5 39 67 93 56 22 9 36 91 43 24 25 80 63 ]
[ 85 89 14 78 45 20 57 19 8 48 15 85 57 5 26 3 51 84 43 18 77 99 93 39 35 84 34 11 62 14 74 47 55 89 77 1 61 35 72 21 35 39 6 92 45 84 95 48 20 90 ]
[ 19 50 42 12 89 29 96 23 41 10 90 67 10 97 56 87 50 17 74 22 38 61 14 96 53 59 33 1 59 5 91 78 55 85 90 96 15 39 72 8 49 62 75 11 11 32 99 62 1 25 ]
[ 36 92 87 50 40 40 61 25 93 21 31 37 99 38 22 42 87 89 81 59 97 30 73 73 42 84 57 93 98 10 18 87 54 5 37 47 98 51 72 43 24 55 80 75 46 55 17 33 44 98 ]
[ 44 42 81 17 67 75 53 76 68 52 86 38 39 93 96 28 40 94 31 64 37 55 20 70 83 18 25 0 51 69 51 95 63 32 64 30 59 17 6 27 21 45 17 12 38 13 93 30 7 24 ]
[ 94 97 32 14 67 15 32 44 67 35 13 70 82 29 2 46 11 61 16 70 40 37 15 58 2 5 23 95 35 31 19 81 80 3 96 99 70 80 43 90 68 8 60 50 37 15 49 1 28 65 ]
[ 71 69 54 38 79 56 43 2 51 30 85 23 11 65 78 59 16 49 92 59 39 12 68 51 14 57 66 63 58 95 80 29 16 87 67 47 43 62 49 47 44 87 70 8 4 48 19 21 49 63 ]
[ 80 40 75 0 44 90 58 10 5 68 57 38 98 73 25 17 20 68 32 22 67 28 9 89 88 13 90 8 86 39 71 67 32 99 19 76 41 29 86 46 98 44 36 48 69 61 17 90 82 1 ]
[ 12 49 82 73 39 70 38 29 30 25 20 54 44 52 53 63 80 46 45 67 44 43 63 81 43 84 42 12 74 76 14 38 26 96 63 17 18 2 46 49 27 18 3 71 71 8 86 51 54 31 ]
[ 70 98 26 85 79 21 70 74 34 96 50 0 87 28 96 2 45 66 4 43 15 31 62 70 54 85 78 41 88 84 24 11 83 51 96 14 24 18 40 58 67 91 58 6 19 6 8 17 73 65 ]
[ 60 40 96 22 63 3 59 93 96 48 78 20 59 13 23 7 79 48 26 20 58 45 11 17 3 82 75 11 99 0 76 60 41 25 34 4 80 94 49 76 42 27 48 53 40 72 60 72 72 38 ]
[ 92 30 35 3 47 38 37 23 50 37 23 78 49 16 55 83 72 35 29 22 11 23 1 60 76 94 84 89 66 56 27 58 86 63 13 86 53 50 61 3 87 84 34 36 53 89 72 25 77 1 ]
[ 99 88 77 1 0 53 47 84 94 13 92 74 71 79 37 84 65 42 34 26 46 74 62 32 10 67 73 34 45 50 88 44 39 65 97 91 70 44 76 65 57 20 39 80 99 28 16 16 70 51 ]

Running merge sort algorithm: 
Timer (sort): 483ms real	480ms user	0ms sys
The output is sorted!
[ 16 6 6 43 34 45 2 14 62 43 55 7 8 85 42 30 41 6 62 77 12 5 3 68 51 1 26 10 13 27 46 29 85 4 24 20 49 27 34 11 22 41 18 31 26 12 13 68 18 27 ]
[ 4 56 27 2 61 38 43 18 49 41 24 2 18 11 38 33 15 57 7 59 5 40 15 6 4 36 13 2 2 97 52 58 53 79 13 67 18 8 37 19 49 62 21 19 25 59 4 40 16 11 ]
[ 26 24 45 18 16 23 86 0 22 0 26 24 27 38 4 27 20 72 7 83 43 33 39 6 49 0 7 5 33 30 82 11 54 27 29 23 2 68 23 25 20 49 1 47 87 5 26 8 29 85 ]
[ 45 3 36 7 16 8 49 57 15 33 18 87 37 7 3 38 53 18 23 7 39 3 16 12 9 68 34 59 17 30 69 15 33 5 22 2 13 23 59 80 56 29 19 46 37 22 84 42 40 7 ]
[ 22 57 11 25 24 11 3 26 19 37 54 13 5 13 33 45 24 26 34 40 49 97 29 56 6 43 29 17 35 68 58 58 26 21 35 2 33 38 29 4 27 35 17 33 48 2 30 72 28 16 ]
[ 8 99 45 17 3 74 62 51 38 46 72 21 77 4 25 15 8 4 99 36 18 51 31 1 2 65 3 15 21 52 42 30 4 39 47 7 14 9 10 4 8 34 25 85 38 2 0 46 6 51 ]
[ 1 2 29 32 46 75 22 86 20 40 0 7 37 16 59 43 55 35 66 1 68 65 35 52 30 6 42 40 15 2 76 16 56 6 1 2 33 23 40 5 16 92 12 5 8 24 48 15 59 14 ]
[ 19 18 44 53 37 52 49 71 8 0 0 59 93 49 94 10 18 17 8 42 81 43 26 64 51 11 37 0 81 75 10 0 45 7 5 34 11 6 5 19 6 5 30 52 7 24 14 25 41 23 ]
[ 81 15 18 23 29 2 17 89 52 2 79 12 20 4 4 6 42 58 13 5 21 53 57 21 61 42 59 21 51 49 33 32 16 3 7 46 5 77 87 9 31 18 21 3 22 25 61 16 35 27 ]
[ 67 9 62 15 46 24 19 4 74 20 50 28 8 71 34 74 70 10 5 31 8 21 15 36 7 21 48 14 1 2 88 21 11 50 36 9 27 56 13 1 28 15 81 37 86 16 11 8 78 16 ]
[ 1 43 25 35 45 15 6 14 46 6 6 64 90 5 81 2 20 51 13 12 2 57 70 75 20 9 29 4 57 27 17 58 22 43 45 19 58 51 34 4 57 40 69 0 45 2 2 17 5 67 ]
[ 89 26 30 53 4 9 65 15 32 85 40 11 3 9 89 24 62 23 32 33 5 63 49 1 3 20 21 12 22 24 33 63 3 16 16 7 25 81 22 9 19 14 20 22 75 10 46 38 85 31 ]
[ 22 8 23 71 50 55 56 46 0 4 7 1 28 87 74 13 14 89 15 26 86 55 29 37 19 51 13 72 66 0 18 40 8 41 11 10 49 19 9 1 23 16 3 4 55 29 17 70 18 33 ]
[ 9 68 7 39 34 28 83 30 46 10 3 79 0 19 82 11 4 81 40 7 21 57 37 33 18 7 6 17 6 89 12 68 9 72 59 44 0 42 26 47 52 30 26 4 1 60 15 5 41 7 ]
[ 83 55 1 3 40 21 10 23 20 36 59 30 25 19 86 51 10 2 32 2 26 61 82 67 29 40 16 7 12 8 5 48 63 6 3 4 79 13 27 0 49 38 30 27 58 17 78 20 71 10 ]
[ 30 4 36 11 43 97 61 3 17 32 51 14 23 42 39 8 31 85 8 12 3 10 75 1 47 74 54 28 48 1 9 78 5 45 41 1 94 2 4 63 34 7 78 10 49 17 18 32 2 26 ]
[ 29 50 6 13 52 7 37 54 54 12 24 37 8 10 19 50 11 26 25 5 42 10 2 99 62 51 15 59 24 16 40 5 67 47 18 19 6 8 26 61 20 2 50 81 64 22 31 75 48 8 ]
[ 45 2 2 6 87 79 36 12 4 9 0 36 55 22 6 42 57 82 40 73 9 47 17 40 46 13 55 8 13 98 74 10 1 76 17 40 7 5 5 12 15 5 48 22 27 6 65 36 41 57 ]
[ 89 9 46 6 90 65 0 56 25 30 9 20 22 54 4 5 65 65 10 84 47 14 4 13 0 10 5 58 69 50 56 11 59 2 17 1 19 69 9 44 0 70 17 22 25 21 27 42 39 37 ]
[ 52 16 31 37 17 2 14 12 62 44 34 47 43 14 32 2 47 26 2 51 37 52 81 20 44 6 37 4 4 99 25 8 67 8 45 36 11 11 48 73 8 82 20 3 49 4 57 48 31 12 ]

Timer (generate): 989ms real	940ms user	50ms sys
[ 5 40 37 67 54 43 0 71 24 79 34 52 50 21 0 87 67 38 76 74 80 57 87 1 34 16 41 41 56 16 82 62 8 72 81 62 15 81 86 92 13 20 44 63 93 96 50 12 86 78 ]
[ 87 66 35 26 19 22 42 60 63 51 76 98 65 37 22 46 51 37 79 37 81 92 9 25 55 54 73 57 67 59 36 6 25 23 32 96 45 75 56 9 78 85 59 43 22 81 89 73 70 68 ]
[ 63 52 61 24 29 68 79 3 78 98 62 14 4 40 37 88 36 35 15 93 96 93 78 55 36 52 36 25 77 6 46 40 10 59 17 40 27 96 43 5 46 57 71 2 97 61 90 86 96 6 ]
[ 31 92 99 61 47 88 13 35 65 90 93 11 83 4 70 0 96 50 48 91 7 94 48 79 96 98 92 38 36 88 44 67 80 96 28 79 84 93 66 49 83 59 13 18 15 83 70 63 85 18 ]
[ 54 93 64 55 24 60 53 16 51 41 56 95 8 88 43 88 19 27 81 85 29 16 96 42 35 64 77 5 27 15 76 34 8 40 89 84 53 94 52 4 35 8 99 95 48 95 83 67 74 64 ]
[ 52 3 32 0 97 67 16 27 25 44 42 1 78 2 93 19 86 46 13 38 50 0 98 2 95 46 97 78 65 23 94 69 27 26 69 76 46 86 3 23 82 45 24 12 47 69 31 85 16 96 ]
[ 75 18 96 25 72 91 23 21 21 88 45 67 57 24 45 79 0 91 17 56 14 51 1 90 63 1 60 46 38 28 42 66 98 90 91 71 33 15 92 6 3 89 73 13 13 18 44 14 62 61 ]
[ 70 28 12 23 19 27 76 31 73 67 11 67 33 9 9 24 32 42 39 77 48 95 66 73 60 80 91 4 46 53 17 68 82 81 43 53 60 20 36 85 87 99 52 20 60 13 96 93 55 88 ]
[ 70 55 35 36 28 95 68 71 51 66 77 20 34 11 1 78 16 61 50 52 46 89 3 50 61 63 63 57 56 70 45 78 77 80 67 57 27 35 28 30 54 5 50 88 68 51 18 84 64 68 ]
[ 36 10 9 39 12 70 3 75 28 11 97 25 90 74 58 57 83 85 44 12 16 98 69 18 87 38 70 57 22 34 26 11 97 35 2 9 58 57 37 86 69 86 63 11 13 21 68 96 59 64 ]
[ 60 27 63 30 45 2 20 67 59 42 54 37 5 3 25 8 64 83 65 53 21 86 40 36 97 5 10 17 1 21 82 62 48 45 44 45 99 16 65 10 10 71 48 16 74 25 76 38 60 93 ]
[ 92 81 80 84 69 29 89 79 47 42 0 81 56 0 78 0 98 77 68 63 87 79 34 87 95 60 12 23 98 72 16 42 5 96 78 75 78 67 6 25 10 7 6 66 7 84 19 5 13 87 ]
[ 20 0 18 6 88 13 66 52 36 17 25 5 11 82 1 90 9 79 57 16 56 19 23 14 38 82 50 57 40 63 96 60 16 15 19 56 80 85 8 69 2 85 74 14 20 27 4 29 59 13 ]
[ 45 67 33 20 82 23 55 32 32 95 48 28 7 16 95 26 72 28 64 32 97 66 18 23 32 38 50 88 19 61 54 65 29 39 37 63 62 92 47 94 39 95 74 47 11 70 25 35 98 89 ]
[ 68 47 8 38 70 40 76 72 81 47 34 35 64 15 74 2 78 36 46 25 30 86 73 4 85 36 26 10 72 24 52 40 71 60 30 93 52 6 66 33 5 0 68 70 67 94 72 45 30 70 ]
[ 22 12 56 47 69 93 84 95 56 8 72 8 0 95 20 30 89 72 88 55 6 93 7 26 63 74 21 87 71 3 58 45 16 66 93 85 12 29 32 68 37 4 28 89 0 48 19 89 72 7 ]
[ 96 30 52 3 57 16 29 30 55 52 33 65 97 1 84 42 86 96 23 71 16 12 75 44 1 27 44 20 68 16 79 16 47 32 71 4 48 0 86 55 4 19 21 54 21 5 96 59 53 72 ]
[ 30 69 84 58 65 86 37 9 6 58 25 86 74 72 18 46 28 18 98 14 25 3 86 98 57 59 55 5 70 8 77 53 29 62 11 94 0 0 3 58 10 81 44 85 5 14 83 34 84 81 ]
[ 0 62 84 38 60 93 97 16 99 68 24 28 21 6 42 84 0 42 36 56 1 47 37 97 32 42 64 15 28 0 48 29 62 33 19 23 78 17 91 77 37 67 58 58 73 0 42 74 95 30 ]
[ 30 48 77 19 97 9 61 13 76 42 14 25 23 28 10 42 3 88 59 94 18 96 62 76 6 87 28 0 61 75 31 43 75 8 62 73 70 76 86 98 70 52 23 93 33 85 35 36 26 47 ]

Running merge sort algorithm: 
Timer (sort): 479ms real	470ms user	0ms sys
The output is sorted!
[ 0 79 5 24 4 8 47 3 10 55 38 21 20 70 12 42 60 13 33 29 60 13 27 38 32 32 26 81 52 77 1 4 8 6 28 12 15 27 15 25 34 5 46 6 75 10 1 88 24 34 ]
[ 47 32 69 17 42 22 9 56 31 46 4 53 3 40 24 19 9 40 48 68 79 40 69 16 33 34 15 56 4 16 30 3 1 0 20 43 22 30 51 53 28 8 58 31 0 35 3 9 27 3 ]
[ 30 61 21 5 69 10 14 21 17 20 28 44 82 56 23 7 76 3 13 40 47 56 10 88 12 4 47 39 31 18 30 13 32 4 18 1 14 84 22 84 5 2 28 87 10 4 46 38 7 11 ]
[ 27 8 63 26 97 25 91 0 50 7 18 43 3 5 1 17 18 2 14 88 8 49 9 14 32 12 2 21 48 12 14 27 20 29 5 69 6 96 21 8 3 39 51 59 96 52 76 14 6 42 ]
[ 14 22 17 81 2 45 60 5 28 55 21 23 8 57 29 40 28 23 3 6 24 53 73 4 28 36 24 12 14 77 84 28 51 1 9 53 46 21 10 26 28 31 1 36 41 31 29 69 6 32 ]
[ 8 14 13 45 5 6 79 37 28 7 40 27 16 46 68 39 2 45 8 11 12 33 47 54 13 4 33 0 17 5 18 25 20 83 70 25 42 1 62 70 61 2 50 77 1 18 16 55 15 77 ]
[ 24 90 32 2 42 50 46 81 63 64 7 45 22 18 42 2 6 4 20 18 41 17 2 27 29 29 28 51 26 10 11 2 0 44 56 94 46 3 76 9 19 35 6 41 53 49 43 12 5 15 ]
[ 94 38 30 56 37 89 53 32 9 1 9 48 70 43 0 1 2 2 21 11 41 25 9 41 0 9 78 42 93 89 29 39 27 59 47 16 1 0 0 62 2 9 11 24 4 63 25 6 18 47 ]
[ 43 58 38 0 94 23 11 94 37 22 4 69 10 7 46 29 86 0 48 36 22 4 19 62 18 43 10 16 21 6 94 65 16 32 17 10 7 28 56 45 50 12 14 13 20 13 42 6 13 42 ]
[ 53 5 43 71 39 23 70 6 12 42 78 54 5 6 6 2 6 88 71 77 7 15 11 29 17 44 4 46 27 1 19 32 6 14 56 98 37 26 4 1 21 34 55 26 40 14 81 46 2 4 ]
[ 45 14 32 30 32 65 21 65 0 38 78 2 2 13 47 58 31 19 88 35 17 24 15 43 9 3 5 54 14 61 29 12 28 13 42 12 78 15 77 30 6 7 32 8 72 32 66 4 3 55 ]
[ 8 93 2 93 58 32 62 5 14 39 3 18 14 37 19 13 10 3 47 9 57 11 5 25 40 71 47 36 0 0 28 8 45 82 54 55 14 16 13 28 7 16 98 21 5 17 86 16 72 33 ]
[ 17 19 34 31 94 58 13 7 35 43 29 8 33 29 1 12 1 40 52 9 59 39 13 41 55 8 16 39 0 0 21 17 71 55 0 65 65 13 24 52 8 53 61 42 35 14 6 88 6 58 ]
[ 70 27 94 8 0 50 4 9 56 3 54 24 26 30 21 69 49 7 31 27 23 29 17 32 46 19 29 24 35 90 18 5 69 12 13 22 14 17 31 22 72 37 46 50 19 19 20 20 78 3 ]
[ 22 8 3 98 59 65 15 19 89 7 2 27 27 35 4 8 67 24 59 2 73 7 23 95 82 22 4 6 27 15 2 1 23 5 52 34 70 67 53 11 26 7 38 53 43 43 14 10 19 25 ]
[ 12 1 8 88 54 23 14 3 62 1 34 74 48 33 52 11 82 15 83 55 51 67 61 43 4 17 26 2 86 2 4 50 3 12 38 9 35 4 12 49 6 46 23 54 32 28 17 14 43 0 ]
[ 12 43 16 26 76 27 27 41 61 58 78 47 7 57 20 96 9 17 35 95 15 26 47 27 34 17 34 11 46 4 6 10 0 74 36 28 1 15 22 15 26 0 62 33 9 82 29 19 0 16 ]
[ 8 86 0 33 54 45 7 67 48 8 15 4 75 28 30 17 62 2 11 36 42 42 7 46 8 92 43 1 0 71 16 8 58 68 41 12 13 1 32 61 9 47 17 36 28 48 53 42 2 16 ]
[ 16 14 21 74 49 13 40 28 64 11 27 60 47 17 25 66 61 49 5 96 18 4 4 15 49 14 19 17 11 7 13 79 21 35 5 70 0 45 51 64 57 78 24 4 47 2 22 9 3 27 ]
[ 97 22 22 1 35 32 48 43 6 26 63 17 16 8 9 29 36 8 31 32 54 1 37 86 68 42 68 31 19 99 48 16 21 22 17 8 54 17 3 60 43 19 30 11 27 39 40 15 0 23 ]

Timer (generate): 996ms real	940ms user	50ms sys
[ 3 86 84 95 14 83 7 85 64 48 97 24 52 0 32 2 74 19 40 1 35 5 67 92 18 37 28 76 79 84 48 34 22 32 81 88 67 89 74 84 37 23 60 41 23 92 44 98 12 36 ]
[ 51 47 41 71 40 11 60 20 88 39 56 36 25 30 20 7 19 40 48 45 24 37 68 36 30 44 29 74 94 93 11 45 92 4 68 84 16 28 5 4 19 13 92 97 44 64 4 63 4 4 ]
[ 8 80 41 28 17 71 72 46 98 66 91 9 64 83 65 84 68 81 13 25 37 84 38 29 81 82 94 37 97 50 41 57 31 34 86 48 6 58 46 4 77 37 65 41 72 82 25 92 64 90 ]
[ 17 1 75 8 83 8 90 29 46 40 79 87 97 10 22 83 10 80 94 56 36 71 45 53 64 70 35 41 62 99 32 32 53 59 40 36 67 30 65 65 22 96 53 20 7 27 55 17 59 1 ]
[ 26 95 24 23 48 88 93 83 82 56 35 14 40 88 25 80 76 92 62 41 10 85 37 63 57 96 42 12 66 1 66 44 96 90 67 96 31 13 79 13 21 66 27 61 54 4 41 30 48 3 ]
[ 23 58 40 13 21 97 9 15 62 27 16 28 71 64 18 91 60 1 4 92 14 25 58 93 86 65 97 27 47 46 82 71 4 23 36 78 72 97 45 34 25 14 62 48 78 33 39 91 86 43 ]
[ 35 1 20 45 94 6 62 44 85 10 42 20 33 46 95 69 76 67 66 22 2 43 36 16 92 66 1 83 57 88 27 44 41 99 90 87 58 52 31 43 14 73 15 47 72 10 16 48 30 35 ]
[ 70 84 78 58 52 70 25 54 54 34 94 33 79 35 32 21 22 90 25 6 86 40 79 53 87 3 64 56 52 94 91 74 30 69 85 82 92 10 88 98 96 82 83 27 69 67 48 44 10 26 ]
[ 50 96 18 81 49 57 85 65 13 89 11 56 15 41 78 0 76 70 10 64 20 7 99 3 86 68 70 87 64 80 13 14 28 83 48 30 40 85 95 6 26 59 62 41 52 92 42 28 62 52 ]
[ 93 82 11 92 37 50 12 8 37 77 88 2 43 17 85 43 47 25 28 94 31 6 5 46 48 58 38 90 86 53 94 31 87 58 75 25 8 88 85 45 17 73 47 60 42 32 56 41 9 36 ]
[ 88 93 43 93 39 91 51 29 81 90 34 27 73 22 85 49 99 45 89 84 90 6 57 89 18 52 73 26 93 83 63 81 76 6 27 67 49 78 48 82 68 83 9 94 57 47 43 56 92 84 ]
[ 40 83 42 49 24 12 1 98 39 47 33 2 80 61 60 7 28 9 38 28 91 58 63 0 52 20 47 47 76 40 31 16 75 73 66 51 86 19 49 25 18 82 79 99 43 39 58 23 48 96 ]
[ 4 91 7 67 91 59 88 91 7 64 83 38 33 58 64 51 9 50 22 11 27 41 45 6 92 41 97 2 16 45 99 20 36 58 40 79 17 80 70 24 96 53 15 29 63 79 32 25 81 55 ]
[ 88 8 48 33 14 40 74 63 42 43 8 93 15 96 51 55 27 21 35 98 97 32 3 12 13 19 43 46 96 24 53 84 32 1 17 98 93 44 13 87 39 21 33 54 69 84 62 97 57 97 ]
[ 47 55 81 2 19 47 21 63 45 17 39 98 1 24 51 71 74 44 67 88 83 6 61 16 60 31 1 74 80 10 72 27 65 5 29 85 4 3 0 49 20 91 99 74 15 50 45 90 46 64 ]
[ 78 30 70 91 46 82 22 99 57 54 10 81 81 27 38 63 64 43 66 16 92 86 8 44 60 23 94 57 13 93 21 43 75 43 87 21 26 9 73 35 64 35 16 97 62 54 60 27 49 26 ]
[ 43 94 65 3 38 77 27 84 35 92 77 8 88 52 52 75 26 30 36 99 65 52 34 33 50 48 39 10 27 89 89 23 83 54 26 73 83 53 57 70 98 35 79 86 39 83 61 65 65 49 ]
[ 16 82 2 2 15 52 51 54 14 78 95 55 1 30 61 28 3 45 33 61 15 31 48 46 17 87 29 30 5 46 80 21 28 82 76 43 86 27 50 0 5 97 56 59 28 17 87 83 62 20 ]
[ 96 30 4 44 76 21 84 6 4 41 4 84 14 33 18 90 28 4 17 78 56 75 28 12 34 56 82 21 39 96 93 88 26 97 32 3 71 68 61 75 9 65 11 76 50 81 66 79 85 84 ]
[ 9 41 11 37 6 45 93 40 18 85 36 63 73 15 13 57 70 84 26 83 11 87 0 74 63 51 55 82 30 92 18 39 33 29 77 91 74 22 31 92 59 20 55 32 35 20 42 5 4 20 ]

Running merge sort algorithm: 
Timer (sort): 478ms real	460ms user	20ms sys
The output is sorted!
[ 56 81 29 32 25 39 2 1 19 25 58 10 17 0 17 24 16 60 28 32 28 14 70 52 1 26 57 5 19 54 29 28 36 11 12 13 2 66 14 22 91 25 32 8 25 2 32 41 62 12 ]
[ 20 15 40 29 10 34 3 28 68 89 16 13 4 1 36 24 50 28 33 0 27 15 43 37 44 42 3 12 52 72 55 73 39 48 2 50 34 5 30 2 46 46 68 50 0 4 27 2 32 12 ]
[ 23 14 33 9 20 20 64 33 90 16 7 52 34 31 9 2 47 6 42 18 5 36 39 3 23 1 82 26 94 40 6 17 6 39 78 27 12 43 12 2 11 19 6 46 51 15 48 50 21 91 ]
[ 54 29 12 85 18 29 13 51 85 0 13 71 36 30 39 46 19 43 57 29 23 25 79 8 24 45 5 40 6 5 9 13 34 22 98 5 3 63 8 40 15 21 11 4 3 2 50 22 45 59 ]
[ 68 33 75 47 16 24 52 25 1 8 3 10 0 13 77 2 53 21 9 49 47 46 32 44 98 7 64 46 20 19 2 88 4 29 35 20 53 40 97 6 0 1 17 0 14 46 2 19 67 11 ]
[ 49 7 51 49 77 48 4 42 4 23 10 37 4 38 4 43 1 39 2 34 15 76 59 20 28 87 31 27 31 22 10 32 29 13 34 58 14 38 52 18 14 62 8 70 1 12 13 54 51 15 ]
[ 0 0 42 0 89 23 6 20 56 13 7 67 41 14 4 9 0 57 6 93 17 4 16 96 11 41 32 68 41 67 85 42 68 80 42 9 3 0 29 11 13 36 30 6 2 34 15 2 43 73 ]
[ 1 88 4 18 20 33 3 3 98 20 37 23 42 3 27 42 5 55 85 7 55 89 24 6 58 1 21 26 62 48 21 15 36 25 33 8 10 88 12 8 8 1 32 51 4 11 93 9 66 31 ]
[ 15 67 10 6 22 56 1 14 33 26 12 15 35 77 2 21 52 50 47 19 16 23 10 12 49 0 7 82 97 15 40 64 35 2 23 9 11 24 23 44 50 87 11 85 64 65 6 17 15 5 ]
[ 60 13 31 10 0 74 41 57 37 1 55 30 92 0 35 12 26 18 53 97 7 2 1 76 18 57 10 44 51 40 69 11 6 0 21 6 26 14 16 64 15 23 46 8 24 81 20 2 51 26 ]
[ 2 0 39 49 20 28 27 59 1 14 10 4 29 78 45 34 7 92 34 14 30 29 39 92 2 36 53 29 42 33 35 44 33 27 45 6 55 24 65 56 38 27 12 19 5 57 6 12 1 40 ]
[ 9 49 53 26 43 7 5 80 11 5 9 2 42 70 30 68 3 55 8 42 3 3 21 0 98 9 32 5 51 8 94 13 57 47 39 1 55 44 33 18 2 42 20 44 64 2 12 19 57 72 ]
[ 3 21 2 41 51 57 36 61 0 5 8 3 86 46 93 11 43 32 17 8 24 59 33 36 18 17 27 25 28 62 2 32 35 4 25 38 61 14 0 13 19 8 68 5 6 61 16 49 94 85 ]
[ 39 89 43 36 18 53 0 58 17 1 79 74 0 12 3 24 75 7 27 73 8 45 12 5 14 15 19 18 32 3 66 23 44 9 12 14 63 12 24 32 65 55 7 66 20 10 42 47 69 21 ]
[ 59 3 52 29 21 42 19 39 6 14 60 21 87 72 54 11 74 9 36 31 72 51 0 14 15 7 11 3 45 49 75 56 4 28 37 78 22 56 17 28 22 77 1 9 2 7 21 28 17 9 ]
[ 7 35 3 25 21 42 18 37 70 24 57 97 16 26 45 48 45 52 14 65 88 13 9 38 9 2 48 26 9 22 41 17 9 45 94 31 39 13 20 10 89 77 7 5 3 5 6 1 9 72 ]
[ 15 8 6 2 3 17 2 0 51 8 20 22 73 11 9 6 3 20 79 26 18 34 41 10 48 97 13 78 16 1 2 83 9 8 37 65 77 39 17 29 99 38 51 24 49 12 83 4 84 62 ]
[ 49 14 12 55 3 34 14 48 11 44 33 0 30 15 29 21 13 27 43 36 44 49 30 42 79 45 4 61 41 2 36 42 16 0 49 19 34 64 20 46 8 5 46 90 20 28 12 86 55 7 ]
[ 73 47 32 4 8 15 14 70 60 9 53 14 96 20 5 3 11 19 69 50 43 4 60 19 1 1 23 55 1 19 17 74 66 1 30 26 16 44 49 29 54 2 43 2 22 0 57 85 72 26 ]
[ 36 11 73 9 22 64 30 25 61 8 9 30 2 42 2 37 14 50 49 18 22 79 23 45 60 88 69 7 23 40 29 60 3 2 21 25 19 3 2 32 63 11 15 65 54 17 55 68 19 4 ]

Timer (generate): 975ms real	900ms user	60ms sys
[ 74 52 29 14 43 79 75 11 56 29 62 53 21 52 58 27 51 69 57 97 10 82 19 42 46 14 87 54 45 97 11 20 49 40 34 44 19 62 7 76 91 21 29 64 74 39 43 77 8 53 ]
[ 74 18 35 46 60 81 60 99 87 57 96 98 29 98 90 64 94 10 78 54 38 21 75 67 85 49 58 80 79 67 33 53 37 20 99 50 54 11 1 93 21 98 92 50 48 34 66 42 44 44 ]
[ 96 82 65 72 1 2 73 12 83 52 79 68 58 68 89 57 70 43 21 72 36 42 70 80 92 70 15 59 12 11 55 61 46 21 33 99 75 58 11 58 11 90 27 69 11 68 78 81 63 51 ]
[ 53 51 93 75 84 38 45 99 97 10 62 52 71 8 25 56 8 1 14 19 11 77 62 38 98 25 58 29 6 21 80 12 73 74 39 57 12 37 8 61 47 22 65 70 31 91 78 91 92 92 ]
[ 62 55 22 24 94 72 49 4 1 8 78 34 72 3 8 11 12 72 0 20 85 47 94 50 69 25 93 47 68 37 92 31 93 14 55 39 38 57 43 92 17 21 26 89 24 86 0 36 58 53 ]
[ 8 95 0 3 45 22 80 39 69 49 28 13 80 21 79 35 60 18 44 4 10 61 77 36 50 2 22 3 90 32 56 99 27 8 54 24 82 34 15 52 83 44 17 63 65 97 51 26 15 95 ]
[ 82 77 9 59 13 11 13 87 14 4 19 22 55 98 83 9 22 65 95 38 69 79 82 87 94 99 84 45 77 99 93 59 28 54 71 41 65 84 80 32 40 99 54 95 49 37 56 71 55 52 ]
[ 61 24 83 95 11 77 95 95 75 72 46 20 84 74 26 55 67 91 91 47 23 32 98 30 79 47 19 88 71 74 92 32 99 75 80 10 4 27 58 31 51 56 51 35 83 29 42 50 21 34 ]
[ 50 96 18 0 26 97 48 46 37 19 20 29 3 71 4 35 34 61 62 92 92 14 0 96 1 83 25 44 86 46 78 88 95 96 88 21 45 88 67 83 7 40 12 63 11 69 98 45 30 13 ]
[ 89 22 27 42 70 28 77 96 72 15 94 2 3 89 50 44 11 96 32 30 31 92 22 95 55 34 64 5 31 46 18 73 21 97 15 91 26 44 39 50 60 34 5 15 75 55 59 38 3 92 ]
[ 21 86 84 43 82 39 29 46 96 61 45 15 86 66 12 53 57 90 97 97 93 9 83 98 25 58 53 84 49 9 76 70 95 60 13 77 51 43 76 48 56 21 15 42 87 79 47 96 22 96 ]
[ 93 15 6 28 13 31 39 18 15 88 27 92 58 75 4 71 52 56 66 80 56 22 1 23 16 40 2 63 37 76 60 82 91 66 63 56 49 2 75 64 90 54 56 48 29 61 19 34 69 86 ]
[ 14 25 60 68 48 29 8 2 44 97 79 56 32 70 74 95 79 23 97 54 88 87 60 44 35 42 57 6 76 26 44 42 3 5 10 51 86 71 6 30 68 85 87 0 7 61 47 86 85 44 ]
[ 92 73 31 5 69 18 47 79 25 75 57 69 17 61 26 80 64 12 51 70 95 71 55 82 72 15 95 19 53 80 16 98 5 47 3 27 66 50 6 43 77 63 64 94 76 43 74 41 55 25 ]
[ 11 2 49 19 84 21 34 80 92 39 12 8 37 70 8 40 97 26 42 55 69 19 70 33 14 47 76 40 88 84 18 51 86 67 70 23 40 56 55 84 96 67 93 33 37 53 26 86 79 68 ]
[ 41 0 88 64 85 54 11 62 46 51 98 64 2 36 83 25 11 23 33 66 8 29 86 53 15 23 58 41 10 37 61 3 89 1 67 74 55 30 88 2 81 86 18 36 75 2 13 86 77 46 ]
[ 5 85 28 91 90 43 14 48 36 76 37 49 32 26 51 99 1 58 82 41 60 15 80 31 51 55 85 16 93 62 63 98 0 43 89 90 38 56 91 26 84 80 75 16 59 26 68 12 85 50 ]
[ 53 97 65 33 28 69 88 13 85 34 28 0 32 28 43 74 70 81 30 13 59 14 94 35 31 5 61 99 17 98 1 70 96 66 56 76 35 96 42 21 30 70 21 63 50 17 89 20 50 19 ]
[ 34 10 85 80 45 68 85 58 19 2 9 20 24 57 87 80 85 22 77 27 95 59 49 69 74 99 86 63 72 88 82 58 98 20 38 95 88 75 6 8 29 15 28 5 72 15 86 57 90 15 ]
[ 37 85 74 86 54 49 38 92 64 10 81 99 20 79 19 10 27 7 85 33 67 66 48 48 71 72 15 9 81 5 76 18 43 3 57 97 4 95 42 68 57 23 67 29 54 38 39 81 46 76 ]

Running merge sort algorithm: 
Timer (sort): 473ms real	480ms user	10ms sys
The output is sorted!
[ 39 86 1 8 11 42 0 0 49 33 13 48 19 32 58 40 10 5 40 40 47 67 14 11 89 89 6 34 5 8 10 44 46 11 4 58 5 4 10 6 38 23 54 9 8 65 1 18 70 41 ]
[ 88 9 6 17 19 72 51 47 51 8 41 62 9 37 10 26 16 32 4 13 49 9 23 4 57 30 6 16 44 28 26 32 37 84 2 8 56 53 55 8 13 49 22 22 38 32 1 6 16 57 ]
[ 41 18 89 9 0 2 3 50 52 10 15 35 12 2 57 51 24 44 65 27 33 8 34 21 74 47 6 65 2 37 17 95 7 6 4 7 60 59 9 12 21 25 47 34 27 56 37 3 0 55 ]
[ 21 7 58 4 12 17 7 46 78 3 27 95 50 4 23 3 53 11 22 28 1 34 81 0 4 15 48 20 64 9 83 37 16 41 93 80 10 1 26 88 4 5 35 6 10 10 9 63 21 31 ]
[ 8 72 41 6 39 1 73 36 9 28 15 23 3 80 17 40 44 42 33 6 8 13 41 12 7 52 45 17 50 73 29 11 45 70 17 36 24 43 72 33 23 40 8 26 20 25 19 17 19 4 ]
[ 15 13 15 36 59 8 14 39 50 10 61 65 91 10 11 9 14 62 29 25 24 42 10 13 30 8 5 6 47 24 30 14 37 45 2 48 5 16 39 8 78 53 25 21 63 36 82 29 50 11 ]
[ 35 96 1 41 63 5 18 10 39 65 16 49 2 1 49 15 51 14 6 23 48 76 76 92 9 23 21 18 20 14 9 7 11 10 49 26 67 19 88 7 36 4 8 38 57 10 5 8 24 64 ]
[ 36 11 18 33 25 19 0 18 36 60 10 15 1 55 94 21 40 6 0 60 47 74 58 13 20 19 54 56 0 0 38 36 12 56 70 37 28 22 7 64 82 17 31 36 24 26 9 17 32 9 ]
[ 76 0 64 69 0 29 36 16 60 16 49 34 33 21 40 7 40 44 41 47 23 15 10 19 16 0 10 74 75 50 9 51 51 25 20 3 6 8 19 66 24 21 1 57 42 41 17 34 37 10 ]
[ 18 11 47 24 33 17 20 0 46 74 78 87 0 51 57 54 42 19 0 28 26 88 84 78 24 44 27 21 16 24 1 34 35 0 10 21 18 30 21 16 5 51 3 5 54 13 11 48 32 12 ]
[ 31 6 44 87 45 2 21 0 24 65 41 15 4 34 1 33 57 21 8 9 15 0 36 15 98 4 24 31 23 13 67 54 71 11 41 17 13 14 17 37 31 11 5 36 97 58 21 7 80 81 ]
[ 44 45 4 46 16 36 45 7 14 12 24 10 15 38 34 77 32 17 44 72 9 53 96 68 19 10 5 45 61 3 16 6 0 20 4 16 57 1 24 23 14 0 85 81 38 20 11 71 37 55 ]
[ 96 17 20 22 46 31 16 11 70 11 2 12 25 15 26 10 2 57 16 6 5 30 52 15 2 23 36 95 48 98 28 45 16 0 67 14 83 35 26 6 98 80 18 23 47 44 33 2 2 1 ]
[ 22 47 30 6 27 22 26 4 67 28 79 34 17 24 54 41 17 11 8 7 4 3 59 32 43 37 5 72 28 82 6 2 29 89 9 56 11 35 12 30 16 43 64 33 68 18 26 37 30 34 ]
[ 86 44 73 9 5 24 32 12 3 0 93 22 22 0 81 13 6 48 45 18 5 25 7 67 51 3 32 8 59 47 11 46 44 37 55 1 13 39 13 16 40 6 91 14 6 24 28 64 73 25 ]
[ 40 14 7 30 55 5 15 3 12 60 10 28 5 7 29 3 7 4 78 2 15 55 32 24 0 55 37 51 30 26 42 23 92 1 53 47 6 20 2 19 80 64 99 37 71 28 41 30 84 19 ]
[ 58 45 81 33 36 11 55 14 39 12 86 35 22 26 15 74 4 9 56 18 45 12 41 2 24 22 3 46 9 72 32 20 17 13 53 5 77 8 20 68 21 6 4 43 32 19 17 36 81 26 ]
[ 12 73 66 2 55 56 59 26 14 24 1 85 6 42 0 5 20 71 16 50 61 66 19 75 16 26 44 16 45 46 39 9 19 6 11 27 14 22 5 29 46 6 14 4 48 15 9 21 86 77 ]
[ 5 33 10 20 11 82 32 4 56 54 64 41 0 9 80 16 36 11 1 18 5 45 12 16 38 34 22 1 63 7 11 68 40 73 40 3 7 24 59 16 31 24 57 31 85 90 47 74 1 0 ]
[ 52 47 75 34 14 4 71 0 14 83 58 79 66 28 8 12 10 8 33 59 56 69 16 43 87 8 14 2 2 35 25 6 34 1 40 48 5 11 1 20 47 11 51 13 39 11 77 1 71 10 ]

Timer (generate): 964ms real	870ms user	90ms sys
[ 73 4 3 28 61 63 63 9 98 11 35 71 51 69 71 25 10 58 30 33 34 28 47 73 74 64 47 62 97 40 55 23 97 58 51 58 21 14 20 71 78 55 94 29 76 65 6 38 23 88 ]
[ 71 9 16 71 82 43 35 30 5 85 22 60 60 19 71 11 30 44 77 50 68 55 5 62 36 81 80 42 20 55 31 43 65 99 14 47 42 2 29 99 39 4 60 99 75 83 10 5 79 39 ]
[ 7 47 95 12 62 31 46 42 74 18 97 57 13 62 56 80 62 99 82 43 98 73 47 10 72 23 45 34 80 25 73 88 24 68 52 86 52 50 28 78 20 78 35 34 40 43 14 54 42 48 ]
[ 98 93 21 97 55 45 72 1 79 53 78 4 93 2 25 97 89 77 0 69 55 72 47 90 6 40 85 72 46 80 72 44 73 45 94 80 90 66 33 21 71 11 78 16 66 3 66 7 80 66 ]
[ 76 35 90 76 77 97 68 14 21 14 94 94 11 19 91 5 0 34 23 33 7 95 45 85 63 63 88 29 70 20 47 98 7 38 74 36 87 42 51 60 57 45 6 68 65 98 25 65 32 48 ]
[ 98 39 95 95 25 59 58 65 40 28 86 40 27 93 78 53 30 17 96 81 77 5 78 84 25 43 34 50 8 66 50 59 57 98 6 34 9 17 0 49 97 38 41 24 83 71 30 13 88 78 ]
[ 46 18 83 25 54 60 20 88 62 81 6 12 40 63 10 98 50 71 15 2 21 13 40 14 89 23 86 19 89 74 97 87 44 32 12 98 92 85 86 54 66 44 19 6 8 81 56 10 53 72 ]
[ 12 26 37 4 40 26 79 26 98 20 53 47 8 97 80 72 96 24 57 34 31 23 79 50 81 39 31 38 49 84 62 61 10 99 17 3 77 96 29 75 17 82 23 25 80 55 49 28 79 7 ]
[ 62 10 82 93 12 64 32 44 54 81 80 16 94 43 15 11 46 44 60 27 20 29 10 95 6 42 50 55 22 81 62 84 44 97 78 56 61 62 0 15 44 33 31 90 76 98 54 74 94 14 ]
[ 1 14 43 63 9 1 57 11 56 79 93 71 16 37 68 46 45 29 8 98 96 4 31 79 95 59 29 49 33 23 15 34 38 10 50 99 11 7 11 19 87 56 90 3 45 10 1 90 91 9 ]
[ 88 87 14 71 18 61 30 47 62 63 23 77 50 61 39 0 12 2 59 75 21 46 83 64 1 28 74 2 71 18 64 11 57 78 83 76 91 13 75 53 29 98 82 31 11 21 83 24 23 42 ]
[ 51 96 41 35 60 42 63 87 97 86 5 61 98 14 91 81 90 82 46 66 87 75 64 69 6 76 90 89 52 65 32 3 61 73 38 74 67 54 61 16 40 18 77 38 32 20 71 75 54 18 ]
[ 41 41 45 57 10 52 33 52 93 37 17 77 41 31 2 31 5 70 85 18 86 78 36 16 68 20 88 40 95 43 10 88 36 55 46 99 7 31 51 53 69 21 30 10 4 33 41 9 3 79 ]
[ 79 41 57 67 9 25 87 50 17 35 93 27 23 81 83 69 80 42 1 84 95 70 57 26 32 61 59 73 22 14 52 1 7 61 68 69 87 7 19 4 42 64 84 18 45 67 87 78 61 40 ]
[ 14 9 62 71 35 94 84 46 68 58 12 72 11 19 34 31 88 73 38 7 29 33 23 13 51 69 32 90 99 94 31 13 3 93 36 90 88 72 88 8 30 0 32 41 71 18 72 60 91 62 ]
[ 19 21 95 43 34 98 64 19 89 15 13 20 28 68 65 16 10 53 40 98 13 22 50 46 63 21 64 87 81 56 1 53 29 49 48 15 47 64 34 36 79 99 8 59 19 74 75 29 79 15 ]
[ 79 93 37 29 39 52 51 55 91 84 63 44 37 92 93 37 60 93 1 94 81 80 46 90 39 65 16 66 47 95 33 26 88 22 56 79 26 59 35 69 43 98 14 33 43 59 70 3 52 24 ]
[ 97 86 4 95 76 96 61 92 14 8 39 0 86 28 22 42 59 1 1 94 70 97 45 36 30 88 48 52 43 52 76 92 38 33 88 66 81 1 10 95 9 50 47 47 78 22 90 89 23 43 ]
[ 36 45 92 81 34 22 21 34 75 16 86 3 8 77 36 96 43 17 49 54 65 58 4 12 6 34 86 48 23 9 43 59 7 88 92 41 10 13 75 37 29 13 93 90 90 29 38 34 99 88 ]
[ 40 16 98 44 80 56 78 67 56 53 28 0 13 35 88 57 28 50 71 55 40 52 69 33 94 11 14 33 97 65 21 37 81 19 81 62 76 11 29 32 65 57 84 30 45 24 87 73 27 10 ]

Running merge sort algorithm: 
Timer (sort): 471ms real	470ms user	0ms sys
The output is sorted!
[ 67 56 77 9 10 20 83 1 61 10 31 43 7 37 10 25 78 3 0 43 24 10 39 3 7 16 22 11 42 5 8 9 14 37 18 24 57 53 25 70 63 8 14 23 46 24 0 24 28 0 ]
[ 63 4 11 59 18 50 21 26 9 13 29 41 2 9 80 46 23 63 0 14 5 2 21 34 2 24 18 7 29 49 4 93 5 16 4 23 18 25 2 27 91 31 20 45 92 52 91 16 16 44 ]
[ 7 37 66 11 38 8 64 58 0 74 29 30 43 0 2 29 70 0 22 45 32 5 2 27 51 0 12 37 44 81 44 3 18 63 66 8 23 30 18 23 57 47 5 0 0 59 29 22 59 4 ]
[ 8 40 32 27 2 6 17 50 63 4 13 32 40 71 78 9 67 27 95 13 15 58 52 51 21 53 5 84 44 17 10 52 9 43 31 11 1 1 13 16 5 27 1 97 50 31 6 17 10 2 ]
[ 4 14 28 17 16 31 9 79 4 71 13 13 18 26 22 21 2 1 8 44 31 35 3 5 40 66 52 78 31 61 23 88 27 3 5 44 34 66 23 39 37 37 4 55 15 26 77 17 27 37 ]
[ 16 56 26 42 30 4 8 82 94 14 97 77 25 30 3 28 2 7 4 20 3 43 92 21 21 2 68 1 7 1 29 76 9 55 18 39 11 79 21 5 45 19 34 22 1 37 50 4 44 7 ]
[ 17 20 23 31 59 2 58 88 45 21 32 8 21 41 12 5 8 30 0 25 46 9 93 23 23 56 73 10 1 49 10 18 21 33 1 81 87 12 21 32 33 54 40 54 47 4 11 7 35 11 ]
[ 25 1 15 3 0 96 5 33 6 0 70 12 3 41 13 33 45 51 3 43 30 5 38 35 16 60 1 3 44 2 71 21 4 86 24 4 34 29 89 40 30 11 5 85 52 18 19 98 21 74 ]
[ 2 72 5 22 65 40 6 2 9 11 19 33 47 27 46 66 6 18 12 19 24 10 8 3 40 21 93 76 33 58 12 35 31 17 9 48 9 67 51 70 78 22 3 26 49 2 44 7 20 57 ]
[ 14 51 45 29 48 16 18 15 8 86 69 38 56 15 92 12 12 54 42 36 33 39 32 97 13 65 5 16 6 76 3 73 27 0 2 27 16 20 43 25 6 12 15 14 27 7 26 40 13 20 ]
[ 40 62 58 54 20 5 2 16 21 53 94 59 0 33 22 1 2 40 15 18 0 38 20 27 64 85 25 19 60 27 58 1 42 16 7 14 73 9 31 47 14 25 6 14 10 80 68 12 20 35 ]
[ 1 3 97 14 11 63 53 11 22 30 20 64 8 46 41 59 84 0 3 15 11 8 73 8 22 77 9 55 57 9 13 10 65 10 24 76 25 78 87 47 8 7 12 16 5 5 27 41 5 30 ]
[ 20 3 10 49 10 50 97 24 53 2 1 44 6 9 17 30 16 3 35 15 44 3 43 49 6 43 0 78 29 63 44 49 66 7 51 29 9 0 53 62 3 54 58 9 15 27 39 31 82 26 ]
[ 79 49 41 17 13 2 32 11 38 11 26 5 2 26 48 44 21 46 29 96 17 23 52 12 36 32 57 10 39 5 17 18 6 11 87 20 13 19 83 52 30 10 57 85 36 5 29 9 51 10 ]
[ 15 28 6 14 82 2 17 7 61 85 63 33 63 10 20 19 5 1 28 1 16 5 12 36 12 31 27 25 26 74 5 41 2 11 56 36 65 25 43 26 62 58 11 25 69 31 96 26 33 24 ]
[ 42 2 46 86 8 98 92 61 7 7 9 4 12 5 1 93 22 4 47 53 30 26 12 17 41 56 6 7 35 1 4 77 3 3 16 11 1 8 25 61 15 86 17 27 91 18 72 13 74 20 ]
[ 25 23 15 14 93 12 93 43 42 34 57 19 33 18 17 30 0 17 57 26 1 16 49 27 68 24 35 70 78 37 39 3 13 6 17 6 19 10 2 13 45 59 32 30 29 50 12 29 67 21 ]
[ 55 10 51 0 19 35 20 43 51 24 36 50 0 22 1 17 30 72 14 12 41 6 20 24 23 23 99 10 47 41 62 3 52 65 3 23 0 23 66 3 0 2 54 52 76 7 69 7 79 35 ]
[ 75 4 55 24 4 57 27 17 45 24 6 19 11 31 26 53 64 23 85 74 18 11 26 53 13 6 81 0 50 31 93 25 36 49 1 40 6 28 9 4 4 67 23 15 99 1 21 15 25 6 ]
[ 7 61 67 55 45 67 63 29 28 19 22 36 11 20 26 53 14 61 22 35 59 12 70 38 17 4 25 11 5 39 46 64 0 65 19 46 32 34 27 13 5 2 1 16 22 27 22 36 40 44 ]

