Timer (generate): 591ms real	550ms user	40ms sys
[ 44 78 11 85 8 74 64 56 5 25 37 4 1 30 13 83 76 38 70 35 86 6 56 66 85 76 27 34 36 65 20 81 96 83 18 56 58 34 64 15 12 2 20 13 84 33 48 13 72 19 ]
[ 48 10 77 4 77 62 32 56 48 69 73 20 2 69 4 72 25 62 7 42 77 19 44 49 84 80 35 85 45 7 4 45 17 33 50 46 47 34 2 95 55 28 15 57 97 19 30 75 33 89 ]
[ 17 11 8 13 12 44 45 47 29 91 54 85 36 24 18 38 22 65 73 77 60 80 5 28 38 54 99 20 29 33 9 98 96 69 63 8 13 9 56 95 52 62 80 40 38 99 31 61 64 4 ]
[ 90 77 84 95 57 74 1 56 46 31 89 7 81 85 76 45 46 42 6 2 37 10 64 17 50 55 68 81 16 85 37 58 62 74 53 71 0 54 27 47 37 69 54 71 54 83 68 52 77 26 ]
[ 54 66 36 71 35 86 26 4 20 94 89 9 52 3 83 57 74 84 11 53 83 1 22 89 24 29 24 92 81 1 18 36 19 54 59 55 92 85 11 64 79 0 74 31 55 9 88 81 93 51 ]
[ 34 28 4 9 18 28 38 42 20 71 96 38 7 15 44 18 22 89 3 33 53 82 85 79 65 92 89 53 73 34 5 60 63 9 21 33 38 59 27 10 82 75 1 42 43 97 60 65 86 64 ]
[ 51 92 46 36 23 12 29 12 17 54 47 74 66 62 36 87 47 74 98 26 36 81 2 37 23 45 87 83 62 73 47 13 17 46 50 41 10 31 53 27 85 52 2 52 66 38 91 65 64 90 ]
[ 92 52 71 94 42 94 91 29 29 53 2 29 19 72 75 69 13 85 52 18 64 37 23 18 41 41 8 33 7 24 23 99 77 46 45 19 92 36 48 21 41 2 50 60 74 77 81 39 14 33 ]
[ 58 79 23 33 49 64 74 58 49 33 82 24 84 59 70 29 30 14 17 78 88 59 33 90 71 7 68 53 47 82 38 57 13 61 42 63 78 68 73 27 2 55 52 86 67 74 16 97 89 85 ]
[ 28 29 44 61 19 68 68 87 21 67 22 59 76 35 73 18 50 51 87 23 78 41 79 82 27 46 57 95 95 98 81 23 27 77 84 46 45 53 86 18 72 8 78 49 43 51 19 94 54 58 ]
[ 17 32 99 48 15 27 46 24 22 42 74 3 65 1 81 50 99 26 55 85 45 27 93 75 28 89 78 48 83 32 6 52 16 6 53 83 33 99 7 7 41 33 11 7 34 44 57 86 22 64 ]
[ 71 19 91 17 94 20 6 24 20 41 8 26 45 77 32 98 60 17 98 20 25 39 53 88 98 40 84 7 26 6 71 49 26 15 18 72 35 76 49 7 17 9 33 15 86 18 13 47 87 63 ]
[ 19 64 55 72 52 53 64 36 13 42 95 84 44 21 99 62 45 86 39 46 45 8 56 79 23 42 49 37 89 36 0 60 1 55 85 53 61 49 42 74 92 89 10 88 62 10 50 7 48 89 ]
[ 54 94 50 10 25 73 52 74 62 94 10 63 6 11 70 91 17 83 41 11 57 85 0 68 73 62 30 75 21 30 17 75 76 67 37 1 40 42 27 3 88 38 18 94 1 40 86 70 24 79 ]
[ 33 81 16 33 1 41 47 31 16 69 14 85 96 90 52 86 44 45 80 71 0 68 61 70 14 15 10 0 85 86 31 71 68 47 56 21 40 4 5 57 25 19 42 73 9 47 59 53 44 39 ]
[ 25 44 59 38 14 74 53 76 26 91 63 58 62 83 57 18 4 98 74 9 7 99 80 1 25 90 48 84 95 44 76 72 88 87 11 54 61 16 83 40 7 46 98 69 81 7 40 37 5 14 ]
[ 99 64 66 79 66 91 69 66 27 17 11 55 89 51 43 52 6 56 69 41 96 76 39 46 98 20 54 38 57 11 4 8 76 70 88 42 61 9 8 41 26 71 96 68 23 39 20 29 48 89 ]
[ 22 96 66 61 43 16 81 49 54 90 60 10 99 88 81 39 30 94 0 91 35 79 62 84 47 85 75 19 66 23 9 88 20 27 49 15 43 82 64 49 25 24 59 76 13 92 15 95 39 67 ]
[ 38 26 46 53 10 45 38 86 65 57 61 74 97 81 1 99 48 96 33 12 97 58 37 56 34 2 1 1 49 40 21 88 18 67 41 29 13 31 67 30 40 28 4 90 62 57 89 10 5 74 ]
[ 23 2 33 12 10 19 66 11 73 15 3 94 55 22 13 48 3 78 32 70 8 72 98 64 62 12 21 3 23 78 78 98 80 63 10 91 82 28 54 7 95 58 53 51 32 67 51 35 97 83 ]

Running merge sort algorithm: 
Timer (sort): 251ms real	250ms user	0ms sys
The output is sorted!
[ 16 61 26 22 32 26 53 75 93 29 43 46 16 1 13 22 14 15 57 24 19 56 6 37 12 9 4 58 14 39 11 30 0 38 4 32 16 9 8 61 39 3 7 7 4 20 29 18 87 39 ]
[ 44 42 44 45 4 39 34 25 5 1 55 12 28 55 30 21 51 39 64 18 36 29 10 20 71 17 7 14 19 22 1 16 16 45 13 20 37 47 97 42 0 52 7 28 59 37 2 11 29 18 ]
[ 11 50 8 87 10 83 5 53 79 22 5 40 6 56 17 16 16 92 42 20 10 25 2 40 11 30 9 27 47 2 43 10 5 3 50 15 38 7 20 17 29 77 57 88 34 27 4 2 19 46 ]
[ 88 32 56 4 59 8 23 39 36 61 18 18 42 4 52 32 25 8 55 6 29 23 51 7 3 20 14 14 82 19 6 70 51 14 27 10 23 50 1 11 11 19 30 5 75 34 37 0 94 44 ]
[ 84 1 17 28 14 20 4 51 8 26 41 76 51 15 46 6 10 15 10 17 61 14 16 13 42 11 31 86 2 98 10 38 52 27 18 66 0 22 17 8 0 10 36 51 77 34 9 88 1 71 ]
[ 52 7 4 20 26 44 24 45 61 38 32 50 93 13 17 37 72 18 12 1 10 72 36 3 37 2 10 45 3 24 4 8 31 8 28 9 5 53 7 18 91 39 69 36 52 38 25 76 8 37 ]
[ 13 5 15 31 24 54 79 19 18 3 20 28 31 42 78 22 6 13 10 58 5 74 30 37 17 46 28 17 46 52 11 60 9 26 43 33 32 23 4 2 78 24 30 9 18 8 84 24 73 46 ]
[ 37 42 9 71 94 82 23 17 2 30 31 37 0 15 9 81 48 26 32 57 51 58 29 12 32 74 2 31 43 13 4 33 7 14 4 1 48 80 18 3 10 49 92 10 16 1 43 16 27 27 ]
[ 27 4 3 19 41 25 54 74 0 5 46 33 11 1 31 57 24 62 22 35 11 73 9 60 48 63 0 17 38 11 27 66 15 30 37 9 7 43 35 59 0 34 92 11 35 76 20 11 38 43 ]
[ 11 60 44 2 45 24 41 5 2 14 59 35 24 74 0 17 17 52 99 16 44 7 42 6 10 8 33 76 2 12 56 14 24 52 16 69 76 9 26 31 23 37 18 47 11 19 17 80 23 68 ]
[ 20 35 12 97 44 14 51 5 16 10 8 76 12 15 24 1 82 15 49 36 14 17 26 57 12 16 20 30 52 16 56 72 3 20 22 47 35 25 5 3 35 13 31 47 80 55 48 62 22 50 ]
[ 31 42 3 11 46 96 30 1 11 1 77 43 57 4 4 36 39 17 21 13 82 72 8 4 19 18 89 54 78 73 2 61 15 6 73 14 2 3 15 13 56 45 8 13 1 12 50 41 81 23 ]
[ 23 16 13 19 25 89 24 0 32 61 6 41 95 9 12 93 81 26 31 42 15 1 33 63 19 0 24 9 21 7 18 45 75 32 16 0 21 40 0 53 2 7 46 49 68 58 94 1 37 25 ]
[ 9 42 4 85 43 37 19 39 42 13 39 38 91 94 16 20 59 28 46 25 17 29 40 8 14 23 39 9 79 7 30 41 1 86 26 44 23 45 35 17 11 26 7 2 20 23 74 32 3 21 ]
[ 46 9 46 10 10 83 16 54 0 31 29 39 18 17 9 82 29 27 15 10 74 51 3 20 17 46 8 69 41 97 18 87 7 16 49 17 0 18 23 0 49 52 91 19 21 1 1 51 80 16 ]
[ 23 2 33 33 28 93 11 19 50 9 35 19 3 99 3 19 33 6 32 13 49 89 75 22 30 42 2 73 14 2 22 89 4 8 22 84 1 33 4 3 43 39 22 98 38 26 17 24 84 1 ]
[ 41 8 46 45 19 3 11 5 23 2 88 19 75 39 63 23 25 5 38 7 22 23 84 19 64 17 15 41 13 58 8 6 19 7 3 90 10 14 95 85 16 36 5 43 27 20 67 52 26 57 ]
[ 18 38 6 15 9 85 42 90 5 74 24 30 15 28 36 48 34 4 53 18 11 11 5 31 65 82 0 42 34 7 76 4 98 34 19 7 19 13 49 77 40 25 7 55 5 44 55 40 0 8 ]
[ 22 43 2 38 77 18 8 5 20 73 23 26 33 43 3 74 9 2 62 1 35 91 68 0 26 44 2 29 17 51 33 39 94 87 29 23 5 38 29 26 11 4 52 45 47 7 19 8 62 33 ]
[ 90 56 0 38 34 13 54 9 57 6 21 1 20 5 34 35 23 6 32 32 40 32 5 33 39 50 11 34 19 44 43 10 0 95 0 86 8 6 96 18 12 69 71 85 75 5 20 50 11 4 ]

Timer (generate): 570ms real	540ms user	30ms sys
[ 52 73 81 89 0 58 84 85 5 46 83 48 87 35 70 79 14 40 4 60 15 39 23 75 19 94 9 32 25 56 68 77 29 49 19 82 7 3 67 64 49 2 12 37 37 35 68 3 27 73 ]
[ 63 42 12 38 70 83 33 79 15 10 35 83 88 17 84 59 99 43 62 18 7 11 72 72 48 9 7 17 64 86 42 27 80 6 17 50 41 50 82 56 13 17 92 1 86 76 60 37 20 74 ]
[ 55 27 85 27 51 86 88 58 55 52 96 49 31 77 55 49 79 96 51 61 4 64 31 96 17 69 73 29 7 45 3 62 72 41 42 24 27 82 34 34 35 83 83 18 12 90 19 91 86 23 ]
[ 5 42 87 88 39 57 57 64 38 16 9 94 31 33 35 73 9 14 7 44 48 94 79 31 13 91 21 32 34 59 7 91 1 47 79 92 4 89 8 94 5 17 88 88 51 75 13 12 89 21 ]
[ 56 89 15 87 72 80 78 45 65 13 4 72 56 58 19 36 2 75 77 11 70 34 80 58 23 31 86 36 96 75 9 52 17 25 92 89 5 70 35 70 35 91 43 92 1 62 80 4 38 9 ]
[ 15 60 43 95 18 18 79 56 7 75 84 16 79 1 41 71 42 99 94 77 69 81 21 64 73 22 79 5 26 69 14 93 29 10 41 99 28 72 56 35 99 40 4 78 93 45 2 35 96 48 ]
[ 65 18 29 86 82 55 60 13 60 39 34 27 32 63 37 25 15 65 97 71 53 48 63 57 79 56 54 81 43 51 81 8 21 10 46 55 17 7 69 30 46 3 57 30 19 94 56 34 11 5 ]
[ 57 16 54 72 25 33 28 80 66 71 83 47 32 4 9 78 59 27 85 80 57 83 36 66 14 55 12 70 89 75 27 98 92 81 70 69 14 50 49 32 21 84 79 5 40 41 84 52 20 21 ]
[ 32 29 5 20 95 19 75 7 41 16 34 68 14 26 50 84 96 16 34 97 49 8 34 80 65 74 21 1 78 41 23 63 70 80 83 17 99 59 76 92 27 11 60 42 89 62 78 37 31 65 ]
[ 35 32 25 21 12 90 47 86 92 26 79 67 89 2 47 24 19 98 83 48 90 11 59 50 5 48 65 83 86 96 0 73 28 25 94 92 68 41 30 12 19 10 31 60 64 78 85 35 76 68 ]
[ 83 66 31 42 68 88 43 33 24 29 81 24 54 9 2 48 54 22 41 84 34 13 94 65 73 10 95 58 46 71 79 29 89 62 24 9 51 67 43 75 48 76 51 2 38 53 2 92 75 95 ]
[ 76 61 60 23 26 34 33 21 44 79 44 23 61 33 38 85 43 89 4 38 16 52 14 67 6 52 21 60 96 48 7 73 10 68 48 88 54 81 10 98 13 6 74 74 92 12 11 87 53 15 ]
[ 77 69 19 43 88 77 48 61 89 44 10 96 69 20 16 17 8 70 51 70 21 64 29 95 90 21 59 1 60 12 68 37 33 87 80 73 16 80 35 5 25 45 53 94 17 22 64 77 92 15 ]
[ 0 65 31 29 12 21 2 71 74 62 35 42 51 20 29 83 94 45 64 29 2 89 26 55 35 95 77 51 72 22 66 24 39 49 5 52 70 7 23 96 21 11 38 24 31 19 8 77 16 72 ]
[ 58 18 13 84 26 0 31 3 52 56 77 70 80 17 20 86 69 42 45 44 39 19 7 77 43 91 49 51 68 65 75 27 84 40 63 10 41 95 65 93 51 95 63 31 12 35 69 33 78 67 ]
[ 29 69 86 37 46 81 28 47 33 48 13 60 75 49 1 39 11 42 34 28 87 37 23 2 68 87 38 90 20 16 57 2 85 95 39 83 76 19 31 61 67 96 22 95 45 75 34 56 69 20 ]
[ 84 56 57 8 58 77 95 96 19 68 64 76 70 49 71 61 85 48 32 68 61 99 64 83 94 9 10 80 17 79 0 1 87 9 61 98 87 9 46 6 77 11 35 99 12 58 12 49 58 44 ]
[ 17 20 95 81 55 90 42 66 22 59 97 75 61 85 84 74 35 23 83 81 82 12 44 17 63 9 27 75 58 86 19 28 6 67 9 13 57 4 79 31 63 29 6 24 66 91 51 1 14 34 ]
[ 34 48 99 31 65 62 40 93 38 50 31 9 30 89 76 40 2 85 96 34 69 59 63 75 36 29 18 87 30 85 21 16 33 20 47 99 35 39 44 25 90 75 34 20 64 63 12 66 0 8 ]
[ 52 69 20 15 45 56 44 63 43 26 0 64 43 34 37 42 85 24 82 29 49 24 56 35 96 72 50 9 90 51 69 43 20 89 58 17 45 55 33 40 81 33 57 76 67 94 19 4 70 53 ]

Running merge sort algorithm: 
Timer (sort): 212ms real	210ms user	0ms sys
The output is sorted!
[ 0 1 44 5 6 56 90 48 7 25 1 48 35 38 3 37 69 19 81 18 55 14 12 46 22 1 32 22 1 7 41 54 60 85 11 18 94 1 18 1 26 19 1 13 10 4 51 31 24 32 ]
[ 4 79 8 7 1 54 31 24 97 4 23 44 0 15 28 49 67 21 94 21 82 59 22 5 23 26 31 48 55 46 5 11 25 13 18 26 19 49 3 16 6 26 12 6 42 40 7 61 14 1 ]
[ 93 47 29 6 5 59 76 5 14 25 93 97 5 33 24 9 1 9 24 23 34 47 40 10 9 2 5 33 11 39 22 4 38 3 11 44 62 39 1 28 16 46 25 22 32 1 83 33 62 8 ]
[ 6 28 12 41 99 0 12 13 43 3 3 8 29 15 66 27 9 39 30 58 45 17 33 52 1 69 63 43 0 31 49 59 11 14 52 11 14 17 24 57 20 79 17 1 46 35 29 55 26 11 ]
[ 2 45 26 7 33 83 38 16 19 29 7 16 69 96 49 62 24 53 12 5 24 44 52 28 42 23 0 86 55 2 25 57 0 51 16 33 34 7 1 6 36 60 22 5 8 23 19 33 29 31 ]
[ 63 8 24 90 54 6 8 12 18 26 45 6 46 33 27 23 3 30 30 2 18 56 29 7 24 14 47 83 26 1 17 41 10 41 31 16 48 39 80 18 17 25 25 63 59 4 38 14 34 68 ]
[ 98 6 25 82 18 65 40 2 47 50 4 0 5 43 79 52 25 0 1 8 27 24 36 49 22 17 66 98 79 27 76 77 33 1 11 3 18 51 6 66 1 10 18 6 5 49 11 30 1 12 ]
[ 12 17 6 5 11 26 8 38 42 25 25 92 66 17 88 54 48 18 83 79 81 12 25 15 4 17 72 2 33 5 20 45 22 27 3 33 5 11 23 0 88 0 44 6 18 85 12 18 3 95 ]
[ 27 17 10 16 54 14 55 1 85 22 71 2 50 70 22 20 9 31 5 11 18 26 66 31 62 3 92 17 82 35 3 9 4 65 26 10 79 33 11 64 7 35 19 57 5 41 29 15 25 34 ]
[ 14 46 64 7 63 52 22 21 68 39 16 8 6 9 1 2 19 6 74 4 48 1 34 6 56 74 24 37 33 18 21 0 16 85 7 80 89 30 1 9 21 17 17 27 27 70 30 98 28 56 ]
[ 11 29 58 4 60 58 47 25 8 15 9 34 0 15 66 4 67 31 0 70 0 26 3 25 74 10 13 94 17 31 32 28 12 42 33 25 0 32 50 8 47 11 43 99 26 61 3 45 45 56 ]
[ 21 51 6 44 47 36 56 7 1 59 26 11 86 17 44 44 3 55 2 2 66 30 25 79 84 47 52 12 33 65 5 55 68 12 51 15 0 7 75 2 18 1 65 4 18 10 0 74 17 3 ]
[ 0 44 13 44 36 73 2 2 1 60 11 27 0 42 19 9 45 99 16 57 10 37 11 31 20 59 53 53 6 66 24 7 11 38 3 99 11 5 1 64 65 64 44 17 7 15 78 4 14 94 ]
[ 46 82 5 8 6 8 17 75 4 83 59 4 65 0 45 11 43 8 33 18 0 11 10 72 29 11 64 4 31 36 76 29 19 81 38 25 42 7 52 98 90 11 3 56 63 0 19 7 8 4 ]
[ 46 26 58 9 25 17 89 7 99 0 26 22 23 15 27 25 39 65 76 0 31 2 55 29 10 13 40 76 27 40 37 25 19 95 35 44 13 24 3 12 25 30 86 0 45 14 25 36 31 1 ]
[ 31 77 20 15 47 29 63 28 77 16 22 38 7 22 25 35 50 22 29 2 35 33 14 54 20 82 48 5 3 42 14 34 19 34 1 19 16 17 47 93 33 22 31 41 44 8 28 47 30 57 ]
[ 5 6 59 19 57 52 28 30 16 12 34 24 18 1 31 58 32 6 8 91 33 15 43 7 1 83 39 47 14 7 51 71 13 62 43 22 14 23 53 30 35 39 54 6 41 37 64 25 44 24 ]
[ 33 59 34 3 23 41 71 51 77 36 22 40 7 45 45 12 26 87 51 7 6 52 22 63 7 20 95 3 17 41 10 3 0 44 6 75 37 29 27 14 17 49 6 24 46 4 36 24 43 39 ]
[ 2 28 22 60 24 29 19 14 21 67 49 56 50 98 16 3 39 2 11 10 18 24 25 20 77 6 77 36 18 50 52 72 78 26 32 2 7 3 16 29 23 18 85 73 68 2 28 7 4 39 ]
[ 21 41 37 85 6 24 47 19 34 39 24 92 20 90 28 93 30 5 8 11 5 5 62 37 7 21 42 37 52 11 11 26 4 1 11 10 25 10 29 59 50 5 4 22 96 32 16 26 89 76 ]

Timer (generate): 565ms real	510ms user	50ms sys
[ 26 44 43 31 37 7 52 25 18 70 64 68 35 24 85 55 38 35 48 57 91 65 54 0 69 46 11 9 17 7 37 96 3 81 79 40 40 31 17 11 54 81 79 41 57 16 48 48 51 96 ]
[ 5 94 14 59 95 35 57 58 96 27 17 33 23 21 66 2 61 59 85 79 70 91 12 1 32 70 69 33 70 21 29 75 67 95 87 62 30 44 73 78 23 90 12 46 11 30 0 25 89 38 ]
[ 56 11 81 68 12 14 90 82 47 12 55 28 88 22 76 27 37 58 23 10 37 47 0 1 45 64 31 98 89 21 88 97 32 69 65 97 35 8 31 34 20 86 15 60 60 91 39 49 1 15 ]
[ 11 38 14 12 91 11 28 23 61 69 96 49 66 28 71 83 77 6 91 8 93 64 94 8 76 7 51 68 56 52 83 20 43 49 32 34 60 12 57 22 81 5 23 47 34 94 30 11 53 74 ]
[ 72 46 90 18 54 66 25 57 34 34 9 69 54 52 70 38 39 31 2 48 5 83 54 80 30 40 75 12 3 80 86 75 26 76 94 32 95 71 89 81 57 50 3 11 55 73 1 94 4 3 ]
[ 94 61 38 48 42 68 40 69 33 44 49 71 71 27 0 65 11 95 89 0 28 46 50 31 10 57 5 11 51 61 67 46 23 5 46 17 26 87 38 59 83 39 82 54 66 82 20 29 77 61 ]
[ 81 6 7 83 37 17 41 94 81 92 56 0 90 31 57 37 0 83 76 38 94 59 77 77 13 95 59 85 24 89 46 5 47 6 40 36 75 81 31 8 74 39 8 16 70 66 5 22 1 81 ]
[ 60 48 92 89 25 58 84 36 95 60 77 94 17 76 0 57 13 27 39 96 36 65 87 96 81 9 14 39 31 68 72 91 16 65 32 93 23 16 81 18 28 59 12 45 87 64 54 52 92 45 ]
[ 0 80 10 87 28 44 96 43 83 79 11 55 22 79 72 54 72 47 22 53 18 50 64 82 47 52 47 54 4 91 99 5 71 62 44 51 6 93 94 41 72 57 48 47 36 73 1 8 20 24 ]
[ 14 38 26 78 21 74 82 20 28 87 11 79 44 34 41 40 37 99 33 32 92 58 41 41 5 78 66 6 38 86 82 52 77 9 83 50 35 65 70 63 4 33 94 0 19 36 41 56 35 26 ]
[ 40 80 84 82 21 89 12 39 48 2 25 30 7 54 91 90 4 26 7 26 41 64 11 36 16 30 24 9 39 59 36 31 39 72 13 12 14 77 51 62 80 29 44 87 35 88 77 40 14 36 ]
[ 18 56 52 30 44 69 12 68 78 51 79 66 83 71 39 48 83 53 26 87 67 58 68 11 45 3 99 74 95 66 10 14 74 63 96 18 84 8 38 14 12 17 81 47 88 20 95 24 25 73 ]
[ 63 92 31 83 55 76 38 7 50 34 73 13 0 99 28 48 69 12 56 7 26 68 24 59 67 65 31 63 89 56 88 4 0 72 87 8 0 25 15 3 11 40 16 63 39 96 11 60 60 68 ]
[ 67 86 88 91 98 56 8 29 71 49 38 11 53 38 83 92 46 36 70 13 39 81 5 7 45 96 3 8 56 15 76 23 1 17 67 51 25 27 81 96 77 19 59 82 9 43 75 8 31 45 ]
[ 73 70 78 79 29 75 27 84 84 84 99 12 59 52 29 78 4 54 6 85 2 83 56 62 65 65 57 92 73 88 89 47 10 20 78 39 95 5 23 31 41 74 96 1 26 77 79 30 32 85 ]
[ 67 86 20 23 0 38 41 57 30 14 97 72 13 7 92 91 98 39 49 73 23 90 47 19 91 74 96 23 56 80 8 24 19 29 99 19 67 40 29 49 7 26 21 20 86 65 64 36 57 65 ]
[ 10 80 55 9 51 99 35 47 22 92 28 30 68 47 11 19 18 30 60 47 80 67 26 53 39 12 71 55 0 28 20 10 60 28 72 11 27 7 10 49 51 90 31 71 89 95 91 8 25 3 ]
[ 55 57 70 33 63 61 97 34 69 98 14 41 8 26 69 32 37 96 40 99 97 43 90 29 15 79 24 6 87 1 9 95 59 31 80 74 44 78 60 13 76 74 55 36 52 24 69 41 73 61 ]
[ 40 70 4 30 51 19 62 27 25 1 29 86 48 40 69 29 14 14 7 74 27 83 0 34 19 52 11 88 45 84 49 85 6 54 68 58 25 30 85 3 31 66 89 80 6 59 9 72 25 16 ]
[ 98 4 51 98 39 70 2 2 11 47 86 12 85 44 18 53 2 44 83 40 47 66 6 88 46 65 99 7 37 76 75 36 81 26 86 72 49 89 74 12 88 12 24 73 56 43 26 11 39 61 ]

Running merge sort algorithm: 
Timer (sort): 203ms real	190ms user	10ms sys
The output is sorted!
[ 48 20 11 11 34 6 2 22 5 36 54 34 72 16 36 40 44 7 45 46 20 34 68 17 11 11 13 69 2 6 54 2 26 17 13 12 23 16 86 81 4 93 15 76 9 4 68 5 11 14 ]
[ 17 97 63 63 58 67 35 1 8 2 54 39 26 95 4 8 53 11 44 0 40 3 58 1 52 46 78 32 1 5 18 71 2 33 34 61 0 21 14 8 23 20 48 1 15 4 9 20 16 5 ]
[ 30 91 72 64 22 30 25 26 95 10 8 94 16 2 28 17 30 9 1 4 13 18 42 29 42 4 24 44 19 5 5 2 48 29 18 22 59 43 48 6 53 8 1 70 11 29 39 41 38 41 ]
[ 2 5 93 12 11 10 16 19 0 48 23 12 92 61 46 54 1 54 45 35 17 54 73 5 0 17 14 2 51 49 56 53 55 1 17 18 12 86 37 12 34 13 24 26 26 23 32 27 29 29 ]
[ 3 11 5 10 39 34 40 54 28 59 29 29 0 87 46 20 27 0 52 16 38 27 42 18 16 34 28 9 4 10 3 59 22 60 69 13 95 9 20 23 69 1 5 21 88 3 41 67 4 46 ]
[ 92 98 19 94 7 28 26 7 12 1 1 66 65 35 32 69 5 17 23 2 35 28 7 11 40 41 69 26 61 56 36 6 6 7 0 65 36 26 24 0 27 25 18 44 12 51 13 17 20 37 ]
[ 79 25 4 25 3 9 57 13 11 10 29 19 35 91 6 12 3 10 6 51 78 53 4 12 4 60 22 48 53 27 67 85 4 23 10 8 32 19 21 43 82 2 15 69 45 21 33 49 31 39 ]
[ 34 26 0 0 21 23 29 13 28 50 29 22 26 88 7 37 29 15 57 60 5 2 6 29 14 43 55 84 65 1 18 0 27 19 52 49 42 81 14 22 31 43 45 10 84 4 47 13 19 56 ]
[ 13 14 43 2 79 17 44 65 71 17 48 63 31 2 90 42 92 6 7 19 5 9 57 1 26 52 10 14 48 56 3 61 22 46 15 1 15 12 66 38 29 67 2 12 69 44 6 13 2 13 ]
[ 9 13 83 8 30 20 53 10 43 66 43 1 64 30 33 17 29 30 24 1 21 10 85 44 18 11 0 88 10 5 84 71 18 20 31 0 40 36 10 36 3 5 37 67 35 22 85 17 4 61 ]
[ 32 3 74 52 2 35 4 33 2 8 76 5 88 2 21 26 46 35 69 87 4 25 28 10 15 8 24 34 19 0 27 3 3 1 55 5 37 11 90 91 71 67 96 12 21 17 38 67 4 7 ]
[ 61 23 45 18 3 11 49 80 12 73 0 74 55 46 13 4 95 45 33 4 40 28 26 2 43 1 71 50 0 49 9 61 24 6 31 28 17 32 8 30 5 61 56 12 7 21 16 2 66 49 ]
[ 94 0 50 78 13 46 3 32 6 53 21 27 60 53 7 0 20 56 0 47 74 42 9 93 10 2 23 60 25 53 65 71 5 16 49 18 14 5 3 20 58 24 0 18 29 7 18 49 15 71 ]
[ 72 35 11 66 35 9 81 36 19 72 14 26 15 17 1 12 65 15 0 7 13 22 46 19 25 48 54 6 11 24 5 35 11 16 2 98 26 35 34 97 7 48 23 22 18 77 34 35 92 34 ]
[ 38 17 24 95 12 23 18 32 55 0 55 33 83 10 37 17 14 27 14 17 0 38 23 23 60 26 45 41 45 43 4 35 60 80 31 24 3 1 56 11 1 11 96 36 22 33 53 36 60 20 ]
[ 22 20 43 6 22 23 56 6 12 11 66 16 2 32 48 17 83 17 16 91 46 20 26 62 93 58 2 1 9 10 7 32 82 50 38 4 25 46 11 37 9 29 5 63 13 5 81 97 22 49 ]
[ 18 5 28 39 50 89 17 81 21 91 13 0 41 18 3 62 75 60 36 72 0 2 9 16 19 6 48 4 0 47 41 18 4 21 57 7 10 26 40 83 17 6 83 11 24 39 73 51 51 9 ]
[ 40 29 19 51 47 6 29 24 1 21 93 96 10 33 69 46 22 10 31 7 67 36 28 7 22 25 12 71 63 19 76 4 49 47 7 48 53 36 24 6 10 70 3 72 3 24 18 25 34 1 ]
[ 13 1 7 4 21 91 33 78 4 58 85 31 58 44 11 65 56 21 93 3 26 54 55 6 6 11 38 0 35 33 0 0 34 60 4 7 51 38 85 8 48 70 39 6 14 2 24 23 24 69 ]
[ 14 45 2 20 17 5 5 52 8 42 36 7 87 59 10 19 73 28 1 67 0 32 64 68 21 15 4 13 40 44 48 54 42 2 27 11 59 32 63 20 26 51 27 13 63 37 84 36 17 37 ]

Timer (generate): 468ms real	420ms user	40ms sys
[ 83 19 53 99 94 5 22 87 12 84 7 66 19 82 59 21 77 45 58 26 7 91 60 24 13 1 46 91 86 52 66 69 71 72 20 17 77 95 56 41 31 63 7 51 45 19 24 75 64 82 ]
[ 53 24 73 13 48 86 14 47 78 52 51 96 22 22 68 94 91 97 89 0 91 21 63 98 24 61 69 48 88 34 83 41 10 56 6 58 95 72 57 25 24 8 21 98 82 42 93 26 91 34 ]
[ 26 82 7 41 33 31 54 2 80 42 88 15 83 98 71 89 9 18 61 18 43 38 27 17 36 61 59 29 87 2 16 13 85 23 7 18 7 61 72 39 4 61 54 87 11 77 29 20 96 42 ]
[ 39 39 80 18 8 69 79 19 98 19 22 66 84 7 42 91 77 49 53 1 88 57 14 42 96 26 19 77 98 15 20 89 7 52 59 15 21 91 35 72 10 9 38 94 68 32 86 97 81 39 ]
[ 98 69 48 13 63 96 91 83 74 41 50 46 83 9 50 42 77 72 85 64 96 95 73 86 90 41 19 28 38 0 67 88 22 67 53 85 63 96 20 89 38 23 35 73 32 38 67 61 10 53 ]
[ 25 58 48 50 44 90 43 63 18 81 16 37 22 38 56 75 75 20 72 48 61 62 71 49 87 55 87 54 17 49 59 42 7 8 45 51 50 88 67 69 22 35 58 44 73 15 71 0 87 95 ]
[ 48 48 57 19 97 96 75 36 51 44 85 10 86 92 70 83 96 21 72 63 42 94 98 0 38 23 67 61 75 54 57 76 55 66 95 4 63 22 41 66 66 78 28 5 71 99 40 19 72 12 ]
[ 82 66 6 32 18 96 7 38 58 34 92 67 10 47 33 58 4 48 80 45 14 99 23 43 56 46 94 96 65 18 61 99 36 67 83 6 16 90 44 26 77 37 93 87 36 78 45 40 27 78 ]
[ 37 93 29 61 36 85 59 82 33 25 52 94 24 88 14 8 95 82 50 91 8 27 28 53 67 17 31 12 9 10 42 47 4 71 60 92 8 19 27 94 44 79 88 21 20 54 81 67 36 83 ]
[ 58 96 63 39 1 30 8 33 94 17 95 37 64 51 8 24 96 69 96 23 63 40 54 3 13 26 58 94 93 46 30 4 95 93 95 96 23 3 81 69 20 77 6 37 80 67 13 76 88 9 ]
[ 51 51 50 6 54 15 32 64 10 78 63 40 34 58 85 29 6 60 84 88 29 4 17 88 93 97 7 7 26 95 16 77 98 18 35 4 86 20 69 48 98 84 88 32 94 25 13 0 85 97 ]
[ 40 66 53 57 54 47 7 13 6 85 60 74 14 58 45 50 63 31 70 84 79 20 68 19 4 62 44 17 14 81 14 55 47 19 64 54 66 23 67 72 8 80 99 23 38 44 25 53 75 95 ]
[ 37 54 15 57 73 19 71 69 88 86 50 54 93 97 73 57 3 40 81 23 64 41 3 63 16 93 7 41 47 34 36 84 88 3 42 13 74 13 82 62 51 84 16 44 82 90 2 37 82 35 ]
[ 60 98 28 63 62 45 57 21 86 4 56 75 40 96 78 82 10 5 48 44 67 99 29 36 96 63 78 98 0 12 85 13 10 13 76 72 10 85 46 97 41 54 72 82 50 50 16 12 55 16 ]
[ 9 75 16 38 63 12 53 41 62 5 53 99 18 15 64 47 40 75 32 86 72 74 40 44 8 42 46 24 7 54 41 16 81 9 6 44 73 11 37 87 16 42 86 87 57 2 34 49 77 18 ]
[ 35 1 44 27 97 52 22 96 29 29 50 22 97 83 31 3 79 56 14 68 43 82 62 81 69 71 83 55 21 61 74 56 14 70 36 12 23 58 8 4 39 10 26 36 93 9 91 24 65 5 ]
[ 92 8 39 6 89 61 77 24 16 98 85 42 7 52 13 95 64 88 5 72 44 44 34 70 32 79 31 23 3 96 80 47 56 19 53 97 80 82 21 49 81 59 43 40 11 56 35 75 96 40 ]
[ 99 40 36 33 62 68 12 93 91 67 41 71 66 97 42 19 94 75 1 68 76 34 27 19 26 90 76 61 17 24 53 16 17 89 1 79 57 65 25 0 32 66 23 98 64 66 69 10 93 22 ]
[ 30 69 9 57 88 35 99 16 49 16 93 2 84 10 92 85 41 1 50 66 2 34 85 25 84 1 43 5 11 88 80 94 57 89 3 98 24 3 14 73 19 59 28 4 69 20 41 63 73 44 ]
[ 29 75 30 14 53 67 15 96 72 79 85 52 73 94 41 76 92 18 31 59 43 51 18 71 7 40 43 0 3 17 44 84 44 27 51 97 94 18 94 66 97 31 71 22 77 64 51 70 34 82 ]

Running merge sort algorithm: 
Timer (sort): 220ms real	220ms user	0ms sys
The output is sorted!
[ 78 28 18 11 18 26 36 7 41 3 3 71 1 43 84 79 8 14 0 7 6 8 10 14 48 56 85 11 20 4 43 50 33 13 62 3 39 50 10 32 53 14 56 6 9 92 37 18 6 38 ]
[ 13 24 16 3 7 0 7 4 43 96 31 58 9 3 36 3 8 23 29 34 48 9 17 50 28 76 26 0 39 63 38 53 40 6 56 99 7 64 3 2 12 34 12 73 37 49 28 46 24 57 ]
[ 15 35 39 23 68 68 23 26 26 77 14 70 11 27 11 27 0 25 46 19 2 37 87 67 2 0 72 51 22 21 5 89 8 44 13 28 64 88 55 42 17 21 12 28 0 24 7 0 1 6 ]
[ 14 0 4 5 29 44 43 40 39 53 47 54 34 2 52 4 49 14 21 20 92 64 30 63 3 61 0 35 82 34 9 49 34 13 6 63 57 1 4 96 7 3 3 41 5 7 45 55 21 18 ]
[ 0 11 2 52 98 98 6 17 1 4 18 20 17 91 26 1 40 7 7 29 59 4 43 90 1 25 47 24 20 27 2 72 38 4 24 88 54 31 5 8 87 75 28 4 19 7 5 59 14 64 ]
[ 46 1 63 79 12 19 44 0 81 47 5 1 9 36 21 9 3 93 39 37 79 23 0 35 1 40 96 0 27 93 65 25 46 80 4 59 0 1 11 33 0 16 34 10 4 7 71 59 0 10 ]
[ 12 90 64 79 0 25 8 63 30 23 0 28 10 50 41 8 7 13 31 15 10 5 1 57 37 49 73 8 63 11 21 27 1 37 59 1 15 67 16 45 42 68 25 5 18 66 13 25 31 96 ]
[ 16 46 13 86 47 41 17 61 66 12 6 73 39 19 21 40 39 52 10 42 5 3 49 20 13 97 17 14 30 59 7 99 5 20 37 4 13 6 17 79 18 24 4 9 43 77 1 34 29 11 ]
[ 67 49 3 48 38 46 29 62 74 39 30 84 62 3 36 54 49 81 44 1 5 7 10 24 36 41 11 14 9 13 2 29 14 5 77 4 4 7 18 30 46 48 14 60 3 50 14 4 83 10 ]
[ 3 8 90 18 44 61 37 48 39 71 17 38 42 30 55 23 22 6 62 10 94 13 12 97 21 10 1 38 28 95 21 31 55 11 1 52 25 39 0 16 10 17 6 5 0 61 28 22 19 42 ]
[ 5 45 84 5 50 55 57 12 40 0 70 49 39 17 57 19 4 17 27 10 57 15 83 27 91 28 33 15 2 3 23 7 49 59 12 99 15 21 63 7 73 33 8 12 2 17 31 6 34 10 ]
[ 4 3 99 13 88 45 31 87 7 22 32 0 55 0 31 19 27 73 19 25 54 3 9 15 41 16 99 8 30 87 3 34 91 3 47 31 0 31 18 7 5 2 8 61 2 91 32 30 65 3 ]
[ 39 37 24 10 11 19 65 50 66 20 16 32 61 34 3 30 53 5 4 11 25 35 17 9 94 12 49 47 61 52 6 0 90 83 62 1 2 28 3 20 0 72 4 13 6 60 44 11 65 48 ]
[ 19 16 4 43 1 46 25 47 49 89 14 3 76 74 2 42 6 87 41 0 28 51 3 40 32 85 6 72 48 46 4 20 15 61 15 16 7 40 15 8 82 29 63 10 4 65 4 10 5 45 ]
[ 74 12 35 15 76 16 28 14 38 54 62 42 15 86 2 11 47 5 18 6 9 59 21 38 88 18 13 6 29 47 14 3 60 1 71 36 17 99 2 7 53 64 50 20 2 4 32 49 9 50 ]
[ 78 17 6 12 9 26 37 88 57 21 4 2 32 43 85 19 9 27 34 62 72 16 21 8 28 52 99 2 33 90 21 11 7 27 23 68 53 13 8 62 34 12 17 18 7 2 89 17 29 24 ]
[ 18 65 68 24 19 3 33 16 64 32 45 56 8 42 5 36 91 26 16 3 96 0 61 12 63 17 56 52 3 64 19 22 29 39 46 0 43 32 17 7 64 14 15 24 8 21 12 0 47 80 ]
[ 2 17 7 46 31 84 48 76 33 0 36 2 31 37 68 8 1 68 60 15 3 59 29 65 87 11 12 23 16 49 30 18 19 89 16 2 25 64 79 10 64 15 13 48 4 33 8 5 2 68 ]
[ 11 97 24 40 44 83 1 66 64 97 78 70 55 0 10 71 19 1 40 9 28 10 4 30 12 3 10 2 2 14 98 13 11 23 6 8 58 7 74 22 57 4 45 64 4 55 35 23 9 27 ]
[ 44 47 5 98 4 22 31 67 33 19 44 9 34 17 29 36 44 18 31 23 20 42 31 66 14 39 22 4 56 12 28 52 11 33 50 15 56 81 34 41 1 31 3 35 0 84 23 44 2 54 ]

Timer (generate): 467ms real	440ms user	20ms sys
[ 81 33 54 11 20 9 64 46 23 92 21 71 67 40 95 81 80 89 42 0 32 1 49 61 77 47 5 60 65 30 33 46 15 39 10 35 0 74 34 23 18 55 94 37 95 89 19 27 78 13 ]
[ 80 63 14 29 76 44 76 81 4 41 11 89 39 78 80 1 14 80 76 48 55 94 55 49 32 51 90 3 30 21 16 10 84 83 39 60 27 67 93 83 60 56 24 52 34 4 53 48 84 81 ]
[ 96 39 28 52 40 12 55 30 15 37 51 83 48 87 18 39 47 45 59 40 80 19 96 4 23 31 8 29 79 44 10 28 35 38 32 27 50 87 10 17 76 13 53 24 1 71 16 48 69 75 ]
[ 41 49 46 37 6 70 20 66 99 52 63 61 80 50 0 64 78 2 3 88 20 79 1 73 4 54 44 20 3 13 47 44 15 93 33 21 15 54 87 66 6 50 28 38 1 80 2 31 82 5 ]
[ 71 54 84 24 27 40 79 24 12 82 89 59 78 56 5 11 77 72 17 17 39 75 19 19 65 72 51 67 55 33 24 26 88 61 51 67 53 30 43 66 64 85 77 42 41 34 5 71 7 23 ]
[ 40 98 98 59 69 64 84 20 83 39 5 60 66 93 73 69 13 26 99 8 44 63 93 22 5 87 8 10 10 15 85 50 65 36 61 86 52 45 6 35 37 12 47 55 57 20 24 22 99 23 ]
[ 31 43 38 76 17 95 63 26 57 73 93 43 75 59 79 37 97 31 34 4 18 71 68 66 78 25 38 2 0 37 77 31 81 15 7 98 10 23 76 68 96 70 63 24 81 42 61 78 25 95 ]
[ 82 43 19 2 61 49 28 0 52 80 37 81 11 70 97 70 21 59 93 97 79 42 67 42 66 0 84 27 79 9 74 13 5 45 16 66 47 96 66 99 76 56 80 39 26 29 9 99 89 3 ]
[ 97 68 97 16 63 63 17 47 42 96 9 68 9 66 66 77 32 13 73 51 64 1 59 96 40 37 26 50 37 67 5 34 87 2 50 50 17 67 50 59 15 11 79 77 77 45 54 9 10 80 ]
[ 12 74 81 71 71 74 9 49 76 46 68 81 32 55 35 34 58 52 2 8 63 17 19 94 94 96 92 1 57 2 81 22 29 14 93 52 40 54 1 16 52 69 49 36 76 84 71 34 88 73 ]
[ 94 3 42 13 98 89 61 90 90 71 44 23 93 73 89 38 25 82 93 78 98 97 99 0 34 76 36 5 62 25 30 57 80 72 22 78 13 84 68 55 55 13 30 0 38 20 38 64 54 83 ]
[ 94 52 81 94 4 15 22 41 72 36 18 2 45 98 74 68 77 40 4 97 95 11 62 26 11 1 98 49 17 52 85 11 56 66 57 61 33 31 2 5 20 20 7 65 18 33 33 47 73 37 ]
[ 45 69 48 59 47 11 60 45 13 77 49 98 41 5 16 50 66 49 34 20 6 54 92 13 19 63 98 5 10 72 94 7 93 95 67 40 6 27 37 71 57 86 69 50 43 85 52 62 86 86 ]
[ 82 92 40 75 57 12 90 56 69 0 28 63 8 73 58 27 65 17 6 2 88 15 40 10 65 83 95 70 45 34 56 80 78 49 7 36 61 97 92 82 97 72 45 57 97 56 36 62 25 43 ]
[ 64 13 58 56 23 76 39 71 46 37 57 54 17 35 3 24 71 16 21 15 98 70 87 96 80 36 52 16 98 77 59 14 42 70 70 18 98 62 89 44 99 46 98 68 81 54 44 5 70 65 ]
[ 20 21 87 60 17 67 96 21 84 95 98 95 61 92 65 32 10 15 46 51 59 97 49 10 65 83 16 9 88 86 26 60 7 65 20 24 33 17 45 69 64 95 64 25 40 82 9 2 97 55 ]
[ 54 9 52 55 71 69 38 87 78 78 25 56 39 33 22 11 9 7 80 7 76 44 54 92 22 46 74 31 49 24 87 55 33 91 10 4 61 1 43 91 31 68 0 22 53 74 34 15 81 14 ]
[ 74 9 11 80 1 33 27 28 64 28 52 3 83 37 95 45 93 8 98 36 99 30 56 99 4 10 73 38 77 6 5 51 15 16 31 69 1 10 97 17 38 1 21 73 38 68 19 31 76 69 ]
[ 67 27 99 23 27 56 85 52 46 62 11 51 65 26 19 97 95 72 59 44 90 98 45 11 23 83 31 42 66 7 64 33 34 15 9 13 71 46 18 18 9 29 69 74 55 41 23 3 13 35 ]
[ 99 3 85 45 66 8 80 97 3 47 4 67 32 91 82 93 4 54 40 22 72 1 51 93 27 59 86 3 14 52 38 13 55 23 10 74 83 43 71 86 90 28 5 74 71 88 20 27 94 12 ]

Running merge sort algorithm: 
Timer (sort): 209ms real	200ms user	10ms sys
The output is sorted!
[ 5 4 2 40 0 82 1 21 14 58 69 29 85 64 28 19 13 0 42 73 12 9 19 5 55 3 55 24 15 7 9 20 11 63 13 63 45 14 36 11 24 57 41 10 21 21 29 86 21 23 ]
[ 21 12 25 89 32 1 24 9 4 32 40 31 44 2 59 13 77 7 7 74 4 4 12 86 74 40 12 61 45 15 24 19 27 1 8 11 2 85 20 58 17 12 41 14 67 1 27 44 60 35 ]
[ 13 48 4 25 16 0 8 14 14 8 63 9 33 14 20 19 11 97 8 55 11 20 4 32 51 18 4 92 60 33 70 26 34 74 51 2 26 59 16 40 19 80 1 4 94 21 23 57 19 31 ]
[ 19 52 44 69 0 43 1 15 3 24 85 7 52 19 93 38 21 21 33 0 17 53 7 2 10 49 8 51 30 54 7 2 59 52 23 11 47 77 26 50 1 11 58 5 30 51 43 3 72 29 ]
[ 13 44 3 6 5 19 46 39 4 87 29 36 47 7 29 26 15 22 59 15 93 2 10 38 20 40 64 47 30 8 77 95 5 33 2 10 52 0 49 8 39 30 45 86 37 26 12 4 48 23 ]
[ 19 0 11 77 73 7 80 16 14 48 4 21 21 18 0 11 29 43 16 3 35 20 4 31 64 60 33 51 3 33 10 22 85 21 0 10 80 32 26 46 32 82 20 5 0 72 16 29 68 84 ]
[ 26 98 4 5 39 27 67 50 16 21 11 1 12 15 54 6 24 87 27 11 37 25 66 4 24 12 3 45 8 11 56 86 61 12 91 52 39 11 2 8 32 13 9 96 80 15 2 57 3 29 ]
[ 6 10 76 14 2 5 8 13 11 38 63 41 47 93 6 52 16 53 18 49 94 14 11 0 9 72 27 42 52 15 28 10 25 5 76 79 10 85 44 21 23 7 14 22 52 21 26 20 26 44 ]
[ 67 4 6 20 3 86 15 45 3 52 0 51 24 35 29 23 43 48 42 41 10 37 16 59 62 5 12 37 14 13 34 33 17 92 5 72 30 20 17 33 24 69 84 48 5 13 23 0 13 65 ]
[ 27 3 40 6 5 3 99 23 2 61 17 46 31 50 4 12 0 1 83 7 15 12 80 83 76 48 1 68 25 69 8 4 73 48 11 30 52 62 5 6 75 22 4 6 24 9 71 25 62 6 ]
[ 6 32 32 32 58 56 9 34 53 4 4 62 10 27 27 18 55 38 64 97 5 24 69 52 1 52 4 39 21 42 14 27 27 47 11 37 55 20 23 8 76 27 23 39 7 2 57 14 40 21 ]
[ 59 60 7 67 4 61 21 32 83 2 20 2 70 4 3 16 8 1 54 24 18 60 8 16 60 20 1 12 30 34 13 42 47 20 9 3 33 83 35 16 85 55 70 8 11 74 24 19 75 30 ]
[ 20 48 4 3 9 2 34 1 4 3 35 36 4 26 87 24 74 43 19 57 11 1 11 5 47 34 82 78 10 27 15 30 27 20 86 37 22 20 38 78 75 25 66 79 3 5 4 77 0 75 ]
[ 90 57 19 13 29 19 8 43 51 32 37 23 27 64 9 34 2 5 12 25 71 10 56 38 38 58 19 70 81 14 40 23 23 11 36 5 30 44 48 33 28 37 9 7 1 18 41 55 75 5 ]
[ 18 9 36 45 17 37 47 31 63 3 5 7 18 20 94 29 23 60 17 10 77 27 84 9 78 0 47 20 39 21 13 58 31 49 3 48 86 2 79 49 6 37 8 76 9 3 6 32 15 23 ]
[ 7 97 22 52 22 20 45 35 64 47 6 24 7 2 16 85 53 16 72 2 81 13 69 11 31 6 7 9 0 29 35 59 26 9 64 1 29 9 36 46 8 95 70 15 49 38 1 54 6 25 ]
[ 63 73 15 92 25 7 26 16 5 58 5 37 10 25 40 34 0 56 33 73 27 43 59 55 69 30 16 32 7 1 46 22 27 13 15 52 21 93 20 26 3 25 63 14 50 56 0 3 12 33 ]
[ 28 23 25 48 23 78 18 75 19 65 45 29 27 10 9 99 29 32 9 2 50 36 21 54 6 76 4 88 5 2 7 86 25 32 86 0 10 4 27 30 21 72 11 49 35 20 0 64 4 10 ]
[ 61 18 22 53 35 77 14 0 2 46 33 1 34 42 13 13 14 54 30 77 0 81 7 80 50 14 48 2 4 7 78 18 25 1 23 12 78 37 12 80 36 45 34 22 39 47 36 54 1 18 ]
[ 36 52 10 42 61 21 98 55 33 25 17 4 20 16 12 97 9 40 16 73 2 57 13 3 40 10 54 32 21 61 19 9 13 29 3 27 2 2 34 35 27 3 40 0 19 4 97 80 96 65 ]

Timer (generate): 499ms real	470ms user	30ms sys
[ 2 35 25 63 75 38 53 31 44 42 85 76 92 26 22 65 66 16 88 34 32 73 22 77 84 93 52 66 95 8 44 49 44 70 65 19 60 18 2 56 60 40 32 53 66 7 70 84 23 58 ]
[ 19 8 84 93 85 20 86 89 86 33 98 31 82 42 53 47 13 65 18 67 73 30 7 57 83 26 64 6 62 40 64 81 48 0 26 85 20 12 75 59 45 73 42 80 67 47 27 80 12 45 ]
[ 99 37 76 7 94 11 85 11 17 47 51 34 81 51 86 7 36 59 20 11 18 17 36 12 97 3 59 77 35 23 74 35 60 2 94 6 14 79 17 83 78 68 69 59 71 8 67 8 67 39 ]
[ 71 37 56 8 49 54 11 8 31 99 31 57 34 43 60 80 49 74 11 67 9 89 87 31 49 59 39 68 19 58 7 90 95 63 50 96 69 14 4 52 13 87 10 99 30 70 31 31 96 42 ]
[ 50 57 83 38 40 84 49 31 52 20 89 59 10 36 75 13 32 44 27 88 49 40 27 59 91 9 81 22 41 77 64 91 86 99 81 27 84 82 58 36 2 0 48 65 36 23 78 21 19 57 ]
[ 61 20 97 41 79 40 50 12 62 43 41 78 87 28 77 20 55 61 3 65 50 5 65 98 70 54 73 0 27 44 57 40 65 6 81 96 46 84 9 8 27 2 38 66 30 16 87 37 29 90 ]
[ 3 79 47 20 29 70 74 54 22 53 99 80 94 16 38 75 64 37 11 73 97 39 28 36 57 58 52 44 96 81 86 51 13 86 71 42 56 98 97 78 51 48 10 97 16 49 25 80 86 36 ]
[ 6 83 27 34 71 85 92 23 81 40 57 68 91 70 54 15 64 62 65 13 92 68 61 3 66 77 4 91 58 42 27 64 77 55 50 49 40 42 24 21 83 81 41 26 3 47 93 68 9 58 ]
[ 81 2 27 95 57 93 24 13 36 82 55 63 98 84 70 48 33 62 43 58 36 78 91 77 56 47 77 50 15 38 60 48 40 39 43 49 84 20 62 20 54 69 36 53 54 6 53 87 21 48 ]
[ 97 57 26 41 86 83 88 63 85 3 2 97 3 94 37 99 96 21 19 58 94 73 80 30 78 34 88 84 73 9 32 71 66 59 12 53 94 52 68 31 7 70 28 10 17 65 61 13 39 80 ]
[ 23 33 6 3 63 84 37 51 68 63 13 1 34 79 12 98 84 6 50 53 89 9 75 17 19 44 83 81 57 22 13 33 7 19 36 70 56 26 73 24 89 86 77 75 18 89 25 2 47 27 ]
[ 7 36 36 83 6 7 79 89 40 37 63 54 22 70 25 58 92 81 36 17 58 77 4 35 52 22 77 77 76 76 56 84 13 92 19 19 0 98 60 40 87 75 46 9 97 72 20 89 53 56 ]
[ 6 11 86 62 99 38 36 76 68 13 52 24 49 17 69 68 88 69 18 0 61 58 75 60 67 24 32 39 13 37 48 72 1 34 86 0 72 23 76 92 36 80 69 37 50 38 57 38 59 75 ]
[ 39 72 85 66 32 5 91 64 44 56 54 92 80 55 78 67 55 51 42 83 95 30 63 64 67 13 2 24 4 61 51 95 34 37 13 18 42 56 83 38 65 37 83 45 44 61 64 99 64 6 ]
[ 82 60 36 97 24 55 63 79 79 67 92 83 14 78 72 27 97 66 84 32 4 49 21 87 46 65 49 11 64 13 69 98 73 58 47 50 13 62 29 45 81 21 28 95 52 0 23 49 66 7 ]
[ 81 22 8 2 10 54 67 11 17 83 24 87 33 50 45 32 52 10 95 33 55 76 6 35 72 58 87 47 7 5 6 88 28 14 42 90 20 61 1 38 96 77 25 29 79 22 14 31 32 9 ]
[ 64 40 37 71 75 61 29 15 8 89 20 66 29 48 32 72 38 53 85 91 91 82 69 16 63 0 90 77 32 22 38 48 14 76 71 42 37 53 57 98 42 77 64 71 78 97 95 16 50 81 ]
[ 60 93 15 81 61 78 81 51 8 13 25 46 14 40 22 85 82 12 38 39 62 32 68 26 56 46 75 51 15 77 84 75 70 99 56 31 30 37 34 38 3 60 84 17 0 59 54 34 71 45 ]
[ 73 85 77 93 11 85 40 39 89 7 68 25 82 91 25 90 74 55 79 9 45 82 69 29 51 21 88 58 55 11 3 80 48 32 73 12 18 65 51 59 72 71 84 6 62 61 96 37 16 28 ]
[ 46 13 10 67 43 14 40 83 72 95 47 27 27 95 59 0 7 29 18 10 40 90 82 25 49 44 86 97 33 55 25 31 68 88 50 63 2 90 47 26 85 46 53 12 93 64 65 53 46 35 ]

Running merge sort algorithm: 
Timer (sort): 203ms real	200ms user	0ms sys
The output is sorted!
[ 24 48 15 50 19 16 87 24 91 37 1 3 30 47 84 26 7 18 47 18 9 30 8 5 24 58 24 45 29 10 39 5 10 54 55 30 22 42 54 14 32 7 69 14 6 5 40 14 23 40 ]
[ 10 7 15 12 53 13 51 49 92 22 6 25 18 73 29 38 78 62 28 2 1 28 52 17 3 23 8 5 39 91 36 1 50 4 13 3 17 16 4 61 38 11 86 8 36 16 46 66 30 27 ]
[ 41 1 12 50 44 96 0 37 8 98 24 17 3 26 30 43 10 17 77 5 4 42 20 11 85 39 42 18 16 4 38 9 5 2 59 49 50 60 38 10 10 63 79 65 41 10 8 4 27 38 ]
[ 73 14 22 50 61 29 11 0 98 77 25 37 32 30 26 47 37 23 41 2 48 26 2 4 18 51 52 57 27 20 18 0 86 41 2 47 22 13 0 20 43 25 9 27 56 36 26 45 11 19 ]
[ 51 20 42 46 65 6 87 23 29 1 76 28 45 3 15 23 42 48 21 20 48 4 14 7 43 57 80 10 22 70 32 26 43 26 24 8 33 11 83 14 12 11 42 9 14 9 33 56 57 6 ]
[ 1 53 59 65 18 47 64 24 95 11 3 17 44 0 29 12 36 54 13 14 20 18 38 31 60 12 21 78 54 14 7 8 19 19 25 37 18 41 61 65 4 16 82 48 17 63 13 5 18 26 ]
[ 10 65 53 16 21 3 14 14 5 6 42 66 35 42 3 96 34 44 84 68 1 35 40 15 4 43 58 70 19 27 24 29 44 77 97 18 32 12 32 37 18 74 4 5 16 7 1 3 3 37 ]
[ 16 37 0 52 23 3 1 0 38 40 42 55 16 58 96 38 46 95 14 5 23 9 40 18 16 2 45 81 85 48 22 2 85 22 54 8 77 7 8 15 47 2 22 15 12 18 6 58 66 20 ]
[ 46 33 72 49 28 15 1 74 11 26 84 13 21 0 28 30 17 5 60 17 4 35 85 14 10 3 29 82 33 32 8 32 65 32 33 45 47 87 20 11 13 56 24 87 8 5 17 26 10 30 ]
[ 2 40 50 35 36 66 20 67 0 31 16 43 24 42 55 17 95 8 3 62 2 23 2 35 4 14 50 66 15 48 34 17 88 36 4 24 2 24 43 2 56 12 45 32 54 53 50 50 13 5 ]
[ 7 24 64 13 20 31 15 17 33 38 24 55 5 14 34 47 3 26 41 36 3 49 38 12 44 63 28 34 28 24 14 87 0 30 52 21 13 20 38 47 58 14 2 16 29 88 63 84 14 56 ]
[ 30 4 15 73 69 61 8 25 24 15 58 12 19 8 64 66 4 17 40 43 15 40 9 23 3 5 11 5 90 30 2 20 86 69 45 7 31 54 84 7 21 42 19 40 3 35 58 7 5 98 ]
[ 44 52 13 5 31 1 58 26 49 16 27 50 4 11 81 92 3 42 1 17 30 23 30 41 6 14 21 27 4 60 27 0 12 40 5 96 41 63 22 42 31 2 93 36 13 26 80 68 20 33 ]
[ 66 14 78 24 80 47 9 7 16 66 45 28 29 35 92 92 42 13 30 12 16 31 7 21 6 39 8 73 58 60 39 24 26 69 1 6 16 10 14 32 28 11 12 57 47 4 1 41 18 31 ]
[ 49 7 28 3 37 37 49 13 4 16 1 73 15 18 7 11 5 21 58 54 50 23 71 25 6 23 49 8 20 82 79 21 41 7 25 79 97 26 44 1 42 46 26 9 16 33 20 73 7 79 ]
[ 42 4 49 4 81 10 33 5 98 12 42 59 3 7 3 90 26 15 47 11 52 32 35 65 35 87 4 10 60 17 5 55 21 6 59 2 16 45 8 14 57 2 25 60 10 28 3 88 43 50 ]
[ 17 72 4 6 15 29 15 19 20 93 28 4 83 29 94 67 2 42 47 10 38 44 5 16 10 14 17 7 19 45 7 37 18 11 95 33 92 10 4 13 55 32 69 38 13 63 5 68 57 5 ]
[ 35 16 54 31 2 29 7 15 7 59 13 57 21 35 26 56 0 24 21 48 4 90 34 72 99 15 28 62 89 65 19 24 81 73 8 35 2 15 50 9 26 15 18 48 3 44 4 3 21 25 ]
[ 9 3 5 85 87 11 9 24 66 6 17 27 3 55 52 4 60 34 28 62 18 28 42 23 21 7 39 23 39 13 48 0 17 53 37 56 64 46 80 82 5 49 61 8 4 13 12 16 47 41 ]
[ 26 40 8 35 65 80 7 3 69 12 35 35 90 65 49 7 4 58 3 19 27 95 2 38 95 11 5 45 27 46 2 5 39 62 41 4 43 48 7 12 12 95 0 54 12 49 14 16 8 17 ]

Timer (generate): 477ms real	430ms user	30ms sys
[ 11 99 63 24 19 41 74 67 69 68 25 11 24 25 53 67 92 80 79 20 38 58 73 37 44 79 81 64 33 96 80 44 47 43 20 67 36 95 86 57 63 12 69 87 89 74 7 33 6 86 ]
[ 54 44 44 79 33 40 58 66 56 43 63 89 39 10 32 60 29 21 55 16 78 70 80 99 9 69 73 16 2 79 55 8 75 99 88 60 92 98 27 0 42 42 89 33 4 22 93 86 95 0 ]
[ 2 73 70 34 25 32 3 98 0 57 30 55 66 57 7 6 18 51 56 97 51 50 91 41 84 95 15 77 81 10 78 35 35 0 69 60 32 24 11 85 34 41 40 52 50 99 58 68 50 14 ]
[ 17 2 65 8 95 49 4 10 78 37 20 56 25 55 9 94 16 93 71 79 78 5 72 71 57 22 70 15 43 73 81 60 27 98 21 22 99 77 32 78 14 4 86 39 59 95 86 27 89 57 ]
[ 6 19 14 30 90 71 53 13 38 96 86 19 8 65 70 29 87 69 6 71 99 73 75 86 64 86 33 2 66 74 11 24 94 25 55 36 96 8 1 86 56 39 58 64 4 28 46 91 49 4 ]
[ 62 49 29 89 35 46 76 20 48 42 95 12 66 41 37 21 77 86 81 31 72 37 70 30 54 75 10 52 66 60 8 81 9 38 70 96 84 46 16 84 40 11 96 7 4 86 80 34 72 62 ]
[ 65 96 51 35 79 5 10 89 9 29 49 18 10 10 56 32 6 92 31 75 28 71 38 25 30 43 11 11 77 35 25 42 31 76 29 10 34 40 52 43 21 53 61 83 64 69 15 22 13 98 ]
[ 97 42 70 36 19 0 79 82 63 8 69 88 2 0 17 31 63 51 23 67 94 44 20 56 27 84 77 95 7 91 93 56 85 15 92 4 68 23 38 31 31 7 72 33 59 89 17 22 40 40 ]
[ 89 86 37 10 94 16 46 72 11 5 15 57 62 0 72 6 56 40 30 94 24 13 1 96 99 60 37 16 35 77 8 76 63 45 38 10 62 85 82 73 42 49 82 4 49 55 63 5 47 93 ]
[ 51 71 58 4 19 57 16 56 73 51 85 82 80 1 79 18 11 41 55 45 67 98 94 49 54 43 56 17 0 56 62 3 27 21 7 47 30 23 55 4 27 41 38 7 42 17 25 53 11 33 ]
[ 98 78 31 92 79 37 87 36 7 39 92 21 42 71 94 49 70 25 24 26 29 51 67 19 58 61 36 36 14 99 21 64 77 4 56 57 41 95 45 0 34 89 22 76 60 16 25 83 41 49 ]
[ 9 22 53 28 41 63 89 30 99 55 29 20 19 59 24 27 16 18 22 13 18 56 2 92 32 14 61 9 97 2 10 58 77 15 38 70 79 79 0 30 34 82 51 5 41 27 32 9 97 6 ]
[ 74 68 62 76 12 46 42 73 7 40 28 70 50 5 85 89 75 64 68 28 95 55 10 98 60 3 77 45 64 27 51 38 95 66 66 59 64 8 33 24 48 61 94 99 18 31 40 93 48 8 ]
[ 73 95 63 35 45 76 90 74 21 54 1 72 92 48 90 10 8 55 19 41 31 19 54 77 18 72 8 58 17 8 19 91 3 82 78 0 58 69 75 31 23 76 56 68 77 46 78 85 53 97 ]
[ 78 84 17 84 13 87 56 22 98 25 82 69 68 86 51 47 86 62 16 13 45 39 42 1 59 19 0 38 56 5 87 34 42 56 70 55 96 26 77 46 3 60 15 72 98 18 19 36 32 35 ]
[ 50 78 26 92 31 86 63 31 76 19 37 15 5 79 24 75 34 20 53 64 66 56 76 81 28 26 51 47 62 84 34 64 62 61 8 45 99 23 77 27 42 66 42 99 97 18 74 83 38 79 ]
[ 99 56 36 75 89 64 53 41 64 68 25 50 32 39 11 93 84 62 16 13 89 11 79 84 10 28 2 37 12 93 16 63 49 52 39 91 69 44 32 85 12 9 35 97 0 99 90 36 61 58 ]
[ 50 3 69 81 87 32 62 41 69 26 34 85 89 36 90 80 27 59 25 11 44 37 72 79 34 24 78 76 60 92 35 62 95 56 96 34 88 58 75 9 84 62 95 73 98 85 54 77 96 31 ]
[ 40 92 68 12 71 55 36 2 83 48 46 70 11 41 27 59 27 67 69 2 77 53 64 72 78 14 9 84 91 5 67 31 97 36 95 20 43 31 74 26 32 72 97 95 65 76 54 92 43 23 ]
[ 95 20 28 11 44 58 26 53 95 69 10 62 1 59 50 96 32 93 80 58 72 64 31 69 59 96 45 13 89 40 88 36 61 68 47 57 26 25 63 73 95 25 36 96 85 86 44 17 32 76 ]

Running merge sort algorithm: 
Timer (sort): 208ms real	210ms user	0ms sys
The output is sorted!
[ 36 7 15 17 18 9 36 16 34 36 11 58 5 46 78 6 22 17 2 2 18 5 45 30 85 54 89 4 15 3 34 51 10 1 21 29 62 9 97 48 46 8 6 3 6 36 10 28 53 64 ]
[ 1 14 2 35 33 3 20 43 28 41 5 15 25 55 27 18 57 62 7 51 17 33 9 19 6 5 67 14 32 37 52 85 4 6 21 37 10 41 80 38 34 37 6 59 44 33 29 2 95 37 ]
[ 15 9 79 41 26 47 7 8 38 25 47 98 48 0 51 60 9 89 11 41 34 20 43 12 10 83 64 70 60 13 42 27 22 21 20 0 20 27 8 10 52 7 8 0 8 12 13 69 1 24 ]
[ 0 9 41 4 16 42 10 14 92 38 11 4 20 11 94 3 68 39 2 72 11 28 53 13 71 9 29 8 72 19 72 24 81 13 28 97 8 38 11 52 28 75 57 1 38 3 4 6 43 6 ]
[ 31 94 36 59 90 14 20 64 30 0 14 2 13 82 40 5 59 1 6 47 32 28 44 40 30 15 47 40 20 9 34 4 4 22 15 94 36 35 10 19 35 24 21 1 59 13 58 18 14 64 ]
[ 17 22 53 28 12 45 2 36 4 40 6 52 65 22 2 11 2 22 74 31 13 22 69 95 12 17 7 43 56 19 50 25 41 3 6 6 0 8 94 5 48 0 9 66 74 64 29 28 86 55 ]
[ 39 70 5 33 50 47 21 7 23 5 28 1 42 6 8 2 39 39 24 21 39 98 29 67 27 83 2 20 15 91 9 7 13 66 40 63 65 13 22 89 19 50 42 13 8 2 15 0 41 39 ]
[ 40 14 14 16 14 23 47 32 34 0 40 2 4 41 22 65 67 14 75 32 51 5 80 22 41 19 64 16 21 21 27 13 35 93 29 1 16 28 34 2 28 74 4 33 15 27 50 35 93 25 ]
[ 9 36 16 37 25 3 71 75 46 12 7 13 90 0 71 37 57 0 14 11 36 8 5 20 16 18 52 36 2 20 56 63 8 25 0 34 28 71 61 26 35 68 92 25 21 15 15 30 15 81 ]
[ 50 20 5 44 5 84 47 18 12 89 21 31 31 0 70 7 2 13 9 41 12 85 87 15 50 78 8 11 22 7 14 25 28 72 69 33 8 69 51 20 10 25 3 41 25 73 0 27 38 9 ]
[ 16 21 64 30 4 15 59 1 13 62 79 20 53 21 31 31 34 96 14 3 15 2 61 57 4 0 54 18 16 38 7 32 11 23 14 16 39 73 69 4 87 48 76 40 21 7 72 7 4 38 ]
[ 34 15 2 66 1 34 41 0 26 5 8 20 37 31 75 2 8 11 31 72 2 6 34 26 15 74 45 33 54 1 30 88 16 32 7 17 18 48 70 96 53 30 16 91 14 43 45 22 7 76 ]
[ 69 2 32 59 95 5 19 23 17 39 8 44 16 12 41 20 21 18 6 56 58 57 55 3 60 44 38 38 26 51 17 95 53 1 7 0 6 26 75 76 17 36 20 33 0 14 54 22 32 12 ]
[ 67 14 28 47 50 29 36 49 32 37 65 69 5 57 14 38 16 25 0 49 1 26 23 9 47 41 0 11 67 8 53 86 23 34 34 25 15 22 26 48 11 92 17 17 49 32 55 17 9 7 ]
[ 8 34 19 3 50 4 85 7 50 37 4 81 60 43 62 30 81 20 0 48 31 24 78 70 23 30 3 6 20 36 32 28 22 3 32 72 7 69 79 9 7 36 42 19 31 5 1 13 77 1 ]
[ 33 81 54 22 55 40 34 42 41 46 20 28 35 12 48 7 7 32 49 28 2 24 22 1 46 3 21 29 27 54 53 60 35 60 35 42 0 21 36 93 19 8 21 54 20 21 13 80 5 14 ]
[ 15 33 14 81 30 53 31 4 26 21 65 5 84 13 0 28 6 92 50 41 27 11 14 16 52 16 23 97 38 99 6 5 33 72 38 15 78 21 19 4 42 37 61 27 2 13 7 8 5 57 ]
[ 29 54 20 64 74 87 66 14 61 1 34 3 11 11 23 13 66 14 41 32 29 56 28 3 44 36 12 51 21 14 45 3 68 17 19 43 5 38 9 18 91 43 21 2 6 45 16 72 59 9 ]
[ 6 86 41 44 39 2 66 16 31 79 5 39 24 15 29 15 6 18 9 56 1 14 49 30 18 1 53 21 5 53 40 63 91 81 8 30 35 26 98 18 5 3 57 30 18 39 45 76 9 6 ]
[ 8 31 96 20 12 11 11 23 1 36 44 24 55 15 40 51 26 24 46 77 15 29 13 0 23 52 7 43 77 23 2 38 7 98 10 19 10 21 94 11 9 38 88 17 6 80 68 32 4 66 ]

Timer (generate): 417ms real	390ms user	10ms sys
[ 92 25 67 25 56 32 58 32 11 27 8 9 12 77 82 91 27 86 22 78 25 71 87 41 37 22 44 6 99 16 12 43 41 80 69 49 64 79 81 27 58 42 88 70 19 71 14 99 57 88 ]
[ 77 34 59 17 75 96 91 20 54 91 88 19 34 29 51 55 79 15 86 12 42 97 54 30 19 26 53 85 25 62 74 54 97 85 71 24 82 63 96 88 6 84 7 92 66 58 0 97 73 38 ]
[ 9 67 87 16 50 7 94 3 44 19 66 18 25 63 56 97 39 38 12 36 78 70 20 38 62 86 96 14 83 22 5 45 41 92 13 91 51 7 95 96 78 13 66 3 28 22 52 67 12 16 ]
[ 3 43 86 24 81 1 62 29 15 98 51 72 95 45 65 8 36 16 15 83 64 45 96 83 48 24 5 53 92 70 69 95 13 56 71 94 9 86 23 24 84 27 49 79 72 14 87 60 82 54 ]
[ 44 99 99 40 82 99 65 39 52 9 9 22 56 74 30 28 20 39 14 96 15 50 23 64 81 47 30 68 59 13 74 3 64 25 96 46 24 13 37 29 22 47 3 78 73 85 58 94 24 24 ]
[ 90 91 26 65 8 7 64 38 27 23 3 1 79 67 78 75 65 55 88 3 84 10 50 39 40 75 24 51 69 0 75 11 91 2 28 99 9 92 90 89 68 93 90 47 61 21 22 26 76 10 ]
[ 29 60 72 31 51 12 59 75 63 28 75 91 92 18 93 20 70 54 65 60 43 33 53 86 80 66 59 54 45 35 64 26 47 36 10 98 0 69 73 64 49 0 7 41 70 52 14 40 58 79 ]
[ 52 54 12 6 40 44 24 99 98 69 86 14 96 33 2 6 31 2 75 56 18 76 8 25 18 78 77 32 71 36 11 23 90 75 29 82 19 6 33 69 75 71 83 23 4 85 29 87 39 56 ]
[ 43 10 33 51 35 3 81 65 87 52 53 50 76 95 25 57 29 96 63 14 65 91 85 0 14 89 37 96 76 76 52 71 86 37 74 74 92 55 91 31 60 44 81 88 91 58 97 20 54 13 ]
[ 34 71 4 71 71 70 12 60 66 40 37 71 11 75 60 37 1 53 44 92 84 4 88 18 44 79 76 42 51 31 55 37 54 11 8 78 81 20 38 48 12 27 19 23 55 79 12 56 84 57 ]
[ 49 21 13 89 39 58 69 15 52 72 98 7 10 53 70 70 31 51 43 69 51 55 49 22 31 4 54 43 60 38 52 61 11 66 51 50 76 72 18 28 44 16 87 6 69 57 29 0 60 72 ]
[ 22 12 79 71 86 62 75 40 6 87 31 10 49 42 76 52 93 52 24 11 32 20 79 19 79 49 28 8 1 89 32 23 53 11 46 39 74 73 32 32 61 63 42 62 5 71 14 50 75 90 ]
[ 13 8 10 93 79 41 94 8 49 95 49 81 71 54 45 17 45 19 43 77 51 4 40 45 66 98 16 32 0 44 22 66 52 84 59 31 26 5 91 27 0 40 9 23 94 6 93 40 25 36 ]
[ 17 28 40 10 25 58 60 42 90 60 86 64 26 90 48 37 73 26 42 65 54 95 5 15 18 52 21 11 92 46 99 61 26 39 71 51 49 83 45 91 44 83 55 22 73 56 60 99 82 54 ]
[ 64 36 49 69 51 20 21 72 83 65 70 83 27 48 74 50 0 24 34 97 67 30 81 23 4 6 31 16 5 13 71 21 2 72 91 53 92 64 78 76 82 0 11 61 49 85 11 1 61 97 ]
[ 50 29 79 83 4 84 42 35 0 47 48 23 21 50 96 12 56 40 28 86 68 62 86 79 23 87 65 87 40 26 36 91 55 16 74 59 52 16 94 4 16 95 28 37 97 76 1 53 16 81 ]
[ 39 85 44 78 16 67 17 81 54 58 60 91 49 15 59 75 27 63 92 73 19 60 20 47 97 18 75 98 71 44 31 63 81 75 93 97 43 10 79 49 68 39 92 69 6 51 45 85 66 89 ]
[ 59 86 49 79 85 46 49 61 96 21 5 27 36 86 3 81 35 98 91 14 99 12 5 92 81 64 95 78 49 62 67 60 0 16 92 85 14 41 98 10 14 3 90 2 41 45 83 77 95 75 ]
[ 43 94 87 1 86 20 17 82 99 18 96 66 31 96 35 23 33 49 16 32 12 31 87 54 33 29 99 17 58 46 44 53 40 83 6 79 3 23 13 2 94 9 21 25 57 56 0 90 57 16 ]
[ 74 69 99 62 75 33 43 26 2 53 72 98 6 13 81 65 44 84 88 57 39 34 18 12 59 27 20 59 69 77 28 44 99 27 6 74 12 1 1 66 54 25 64 60 38 45 25 34 82 66 ]

Running merge sort algorithm: 
Timer (sort): 223ms real	230ms user	10ms sys
The output is sorted!
[ 15 16 74 84 17 33 37 4 13 6 46 88 19 27 13 27 36 11 0 15 6 2 60 1 14 43 46 95 14 28 39 30 44 14 14 14 99 3 18 12 62 16 1 33 44 66 12 32 29 13 ]
[ 85 11 17 2 55 43 12 32 8 0 3 73 4 21 52 12 47 71 19 21 76 14 20 40 52 33 7 43 29 5 5 15 16 23 69 23 18 33 7 79 34 10 4 90 31 8 3 31 31 74 ]
[ 10 96 77 81 22 7 8 40 11 9 14 49 37 10 84 0 41 0 2 58 0 66 15 14 9 9 65 38 13 43 11 76 39 41 57 14 0 18 54 11 27 20 12 16 31 48 16 72 49 19 ]
[ 58 28 27 5 7 28 29 41 32 20 10 44 0 10 7 23 8 68 40 69 36 8 44 95 5 45 18 37 88 13 7 46 41 34 4 49 14 33 42 98 6 4 42 6 14 49 29 23 69 22 ]
[ 79 34 24 81 15 32 27 28 85 44 17 2 0 39 73 10 8 7 66 47 30 60 4 0 0 24 70 25 26 24 24 5 10 0 38 25 32 18 5 18 62 22 72 63 13 45 25 21 4 92 ]
[ 4 21 13 17 31 32 29 51 1 10 49 3 7 83 8 9 17 48 39 70 34 74 17 22 12 19 2 34 58 25 61 14 46 26 32 29 11 13 80 12 23 81 67 30 16 75 40 34 24 31 ]
[ 14 36 8 52 30 17 87 5 11 4 16 62 40 3 37 23 12 7 56 26 14 14 19 11 54 14 16 17 71 56 15 86 92 23 90 22 40 29 80 3 34 48 18 26 3 7 49 15 67 5 ]
[ 46 29 87 17 7 28 30 69 12 22 12 10 11 45 24 14 37 26 21 15 19 35 64 3 91 8 6 56 7 20 66 5 2 53 22 9 34 52 78 46 27 42 8 38 39 32 52 76 10 25 ]
[ 40 78 88 1 94 6 37 33 62 34 63 50 24 35 3 55 12 1 30 65 20 24 29 51 43 6 46 11 80 2 4 21 32 44 22 27 3 11 12 65 45 27 15 21 14 18 28 27 20 11 ]
[ 12 40 18 13 4 9 57 71 37 30 3 45 44 3 51 2 3 92 45 12 22 23 20 74 81 6 13 20 83 33 43 48 25 61 13 29 23 22 1 60 4 56 58 48 11 9 50 15 1 47 ]
[ 46 96 15 18 24 67 75 81 24 10 23 54 0 20 7 66 25 43 13 88 7 23 42 1 17 12 56 12 8 22 5 55 70 20 25 46 39 0 27 15 11 3 70 63 23 29 29 0 25 43 ]
[ 9 32 91 40 84 48 34 44 34 46 15 7 22 35 84 6 6 0 52 25 29 21 24 77 9 23 5 21 12 1 35 73 33 26 13 17 26 0 13 60 46 80 19 20 15 4 79 22 56 31 ]
[ 55 2 12 1 20 20 37 22 30 10 57 53 35 5 14 48 48 70 6 7 98 93 78 18 8 85 98 0 6 3 16 13 6 29 66 78 1 4 52 31 66 9 37 1 66 51 1 14 21 7 ]
[ 58 68 42 5 14 30 24 21 2 16 5 56 18 2 1 9 29 16 22 34 87 33 7 13 37 59 36 9 76 1 70 34 69 64 40 84 46 16 5 1 84 62 57 2 17 10 11 46 27 33 ]
[ 22 70 24 41 39 50 5 1 62 9 36 14 39 82 36 50 32 77 11 26 19 56 12 21 72 76 8 29 29 50 32 4 21 57 45 12 7 3 13 21 12 1 36 3 84 24 53 16 53 16 ]
[ 82 36 65 25 17 56 3 36 57 13 16 31 14 4 1 4 9 37 99 31 29 11 75 25 28 42 20 82 41 8 35 23 44 52 0 13 8 4 49 17 17 65 49 31 21 2 87 30 39 39 ]
[ 59 43 76 93 33 6 37 2 29 92 87 46 13 8 47 1 16 10 39 17 27 20 1 16 26 70 20 13 4 86 38 16 82 15 61 15 21 50 17 3 42 4 1 7 65 48 9 81 10 0 ]
[ 64 36 42 21 84 11 19 19 53 20 65 26 19 7 42 75 25 11 4 73 22 2 42 4 14 55 16 44 4 58 18 20 46 12 41 82 75 12 1 28 32 19 6 4 26 0 79 3 64 83 ]
[ 50 51 6 22 26 29 69 18 12 23 4 79 23 40 24 82 65 81 36 56 13 32 54 15 33 80 19 0 3 1 16 6 4 74 80 30 3 1 48 15 24 4 46 0 44 23 82 62 4 18 ]
[ 70 5 17 39 1 59 29 65 72 30 54 30 9 5 79 22 5 45 75 27 81 7 4 1 16 11 38 12 65 23 0 35 29 69 26 30 28 55 47 0 85 1 30 47 7 61 21 12 6 48 ]

Timer (generate): 458ms real	410ms user	30ms sys
[ 41 35 35 28 83 99 82 48 50 49 82 58 39 69 65 65 49 91 24 38 4 97 97 97 13 38 40 65 65 11 29 58 46 16 86 81 67 21 29 18 70 63 28 9 32 45 74 82 36 50 ]
[ 72 40 47 69 89 12 60 29 29 25 40 11 83 39 79 21 72 47 42 2 65 64 17 45 73 2 91 99 36 79 49 8 20 48 78 9 13 38 91 94 15 83 5 50 74 85 71 47 84 14 ]
[ 1 49 78 18 46 4 72 37 55 8 69 57 17 89 5 47 50 70 37 93 65 52 29 22 2 3 59 25 50 43 39 51 44 70 22 43 74 94 32 29 3 1 86 72 42 44 71 45 66 8 ]
[ 38 31 12 67 6 66 71 17 91 73 61 31 77 57 1 99 0 27 45 33 8 0 34 47 72 29 91 43 74 9 3 12 93 15 32 99 81 55 16 73 28 29 56 5 39 9 56 39 36 2 ]
[ 24 44 54 11 43 27 40 34 22 14 96 26 78 89 93 62 88 27 17 56 0 98 86 8 3 77 17 12 16 5 66 93 1 20 56 45 99 48 31 74 14 27 0 92 16 45 7 4 72 24 ]
[ 13 24 22 51 32 78 28 1 90 96 6 8 89 60 28 97 5 80 45 36 54 59 64 54 4 32 51 11 37 24 35 2 48 10 53 33 88 81 86 30 77 93 38 19 53 18 16 10 98 14 ]
[ 46 52 73 62 58 77 95 10 88 84 86 76 86 86 86 39 19 26 72 6 8 1 51 46 20 56 16 89 66 15 3 64 19 76 79 78 6 74 40 46 10 26 22 96 12 60 87 84 86 11 ]
[ 42 94 12 93 92 33 1 9 74 19 76 77 35 95 5 14 25 11 40 65 58 50 43 32 98 8 93 37 92 31 48 86 26 13 31 70 46 32 31 72 3 7 49 38 3 6 53 80 18 45 ]
[ 46 28 48 41 60 46 49 5 36 93 37 36 79 15 49 10 85 95 94 17 19 97 76 68 36 79 75 41 12 45 86 10 25 34 51 37 33 53 43 69 46 80 57 78 47 7 88 32 54 35 ]
[ 1 74 32 78 42 68 9 69 61 21 66 0 31 91 86 35 29 19 40 24 40 86 56 98 16 3 57 57 87 11 92 89 85 24 19 80 45 28 1 6 2 68 58 85 11 45 20 40 16 60 ]
[ 16 9 99 72 59 15 75 16 72 63 27 64 4 13 41 23 45 86 51 46 44 53 14 55 91 78 0 11 70 16 24 87 77 75 59 36 42 35 52 67 50 32 83 54 97 24 29 42 62 80 ]
[ 88 59 86 55 14 77 33 14 40 55 82 16 42 60 43 2 96 86 89 1 53 91 33 36 97 30 61 26 24 75 58 64 34 96 19 48 25 4 14 18 60 97 34 54 9 30 56 57 16 97 ]
[ 58 21 88 43 57 37 73 70 63 49 46 74 14 80 70 85 81 96 90 95 66 2 92 52 8 53 82 17 11 98 14 21 19 55 65 29 92 90 99 8 40 97 82 54 30 4 39 11 0 81 ]
[ 6 66 35 51 19 44 4 53 61 67 52 27 89 23 34 54 4 27 96 4 87 36 53 69 42 83 25 82 94 26 15 53 44 3 56 15 47 12 69 60 80 73 39 69 48 74 75 53 53 71 ]
[ 9 40 60 62 61 2 46 86 36 92 64 52 97 61 55 53 76 54 66 97 66 46 22 57 67 71 31 94 76 84 65 85 76 77 99 89 80 97 76 68 90 92 20 87 53 27 93 82 33 59 ]
[ 31 51 5 54 9 24 77 92 18 5 77 35 42 5 13 41 95 45 39 71 13 81 15 86 20 69 13 13 3 99 24 34 2 81 40 11 5 17 56 23 74 33 59 16 90 24 58 85 69 49 ]
[ 8 82 82 24 68 54 45 34 20 48 85 44 82 87 26 23 51 31 92 7 7 67 92 18 35 34 42 45 20 63 94 80 45 28 56 66 83 1 52 3 49 89 47 84 28 73 7 31 57 51 ]
[ 90 64 70 34 82 6 69 76 51 41 39 98 21 36 26 78 2 61 31 6 64 81 47 64 17 28 89 76 59 46 27 50 62 98 36 44 56 5 20 7 46 11 5 20 48 84 50 2 45 81 ]
[ 61 62 14 8 26 31 36 67 7 96 14 87 98 28 37 34 25 93 92 97 52 90 9 10 10 57 94 60 59 91 94 20 53 8 81 79 40 17 99 99 65 65 38 15 93 75 2 18 20 94 ]
[ 16 73 36 77 35 47 34 29 59 45 20 53 66 74 14 47 5 6 16 4 57 34 69 96 49 15 23 51 33 44 97 1 69 34 78 4 33 12 85 44 10 5 50 76 31 64 75 89 70 43 ]

Running merge sort algorithm: 
Timer (sort): 212ms real	210ms user	20ms sys
The output is sorted!
[ 6 23 28 62 22 59 82 11 59 30 46 9 7 27 91 69 11 35 2 62 6 48 5 11 57 65 52 10 14 7 61 73 31 42 35 5 1 18 16 13 0 14 22 7 42 13 28 5 1 82 ]
[ 11 10 85 23 23 68 23 34 9 0 35 26 11 32 0 88 92 99 46 67 31 7 44 22 15 9 19 5 91 16 66 2 78 4 25 2 24 1 88 33 53 23 11 16 7 12 4 52 11 3 ]
[ 2 5 16 70 16 95 62 65 17 76 37 82 5 7 13 10 49 13 19 53 2 36 12 2 10 30 12 27 6 21 36 8 78 4 31 94 51 45 11 21 21 0 55 27 8 69 89 9 34 8 ]
[ 3 1 8 47 24 30 61 59 26 12 20 71 26 36 6 12 80 4 4 28 9 36 93 2 39 33 41 43 52 33 63 55 35 24 2 11 6 15 71 32 28 43 3 54 31 9 18 11 65 75 ]
[ 17 9 68 8 1 27 13 52 49 73 85 12 45 96 18 0 8 44 11 67 6 26 8 10 11 73 41 38 9 6 36 26 15 4 86 16 31 51 68 32 25 6 44 70 54 15 22 15 11 34 ]
[ 56 67 13 84 22 62 32 29 32 24 64 4 36 45 47 0 40 2 88 13 93 30 21 17 23 26 11 78 7 20 38 16 39 3 0 62 17 32 43 2 8 7 6 44 5 5 44 45 8 85 ]
[ 70 7 26 4 38 2 64 32 0 22 47 21 52 53 24 6 14 12 50 25 13 11 15 15 21 48 70 76 29 23 28 0 30 6 56 69 60 20 1 60 42 48 34 47 53 58 53 19 22 3 ]
[ 94 1 1 34 22 28 2 9 18 20 24 94 8 23 12 24 55 92 15 78 46 10 17 86 19 48 16 20 13 70 55 8 71 8 42 45 88 45 6 7 17 31 1 25 6 66 1 13 58 16 ]
[ 13 15 20 0 20 80 48 90 21 97 71 8 86 39 5 6 27 66 0 46 21 4 3 55 18 11 22 99 43 52 4 8 19 24 8 39 5 56 29 26 5 0 87 44 92 44 2 19 10 2 ]
[ 38 72 89 27 93 0 50 31 35 32 65 88 20 8 2 21 31 14 24 1 18 66 52 48 13 26 7 7 16 1 7 6 25 48 34 18 1 36 49 36 20 66 25 40 27 27 14 10 94 38 ]
[ 7 56 77 7 48 41 23 60 26 86 15 31 22 10 10 13 93 10 70 6 12 0 13 65 0 40 61 18 61 18 21 21 26 50 28 26 43 4 86 69 42 1 52 64 12 15 30 5 25 0 ]
[ 75 12 23 85 54 10 22 72 1 57 49 74 10 15 13 20 7 20 24 3 39 1 24 1 56 62 58 1 26 2 31 53 14 6 38 21 17 13 93 70 22 95 44 32 62 10 4 21 30 28 ]
[ 2 25 3 84 23 13 26 5 21 3 78 46 75 13 1 28 7 70 24 70 26 32 53 56 3 60 5 1 0 45 66 3 22 22 39 45 35 17 2 8 72 81 55 48 46 56 28 53 27 4 ]
[ 11 7 66 0 22 15 17 72 75 48 11 14 89 23 56 3 5 2 54 47 10 1 70 12 5 15 59 25 19 12 34 31 71 0 83 45 68 0 18 43 0 29 10 90 53 66 45 58 20 0 ]
[ 6 37 19 53 24 23 1 58 8 47 28 92 89 38 45 50 39 15 23 36 5 0 11 86 53 20 35 68 11 3 10 17 92 30 22 16 5 24 26 13 23 54 57 12 44 3 15 35 70 38 ]
[ 8 17 19 74 27 98 2 78 43 8 64 11 90 78 31 54 45 11 2 28 67 67 54 2 25 5 36 4 67 8 31 75 78 3 1 5 1 3 35 44 11 0 55 1 30 39 7 76 2 10 ]
[ 77 22 6 34 3 36 26 2 23 25 40 32 38 41 31 3 48 22 39 14 52 4 41 41 82 14 60 35 53 35 15 30 9 21 17 64 58 95 66 33 21 6 18 59 0 49 14 0 72 5 ]
[ 58 22 20 8 10 57 23 10 4 38 56 13 7 13 42 4 15 34 32 26 39 41 63 4 74 43 52 12 60 30 21 19 52 93 79 15 50 2 25 7 40 34 20 47 99 14 3 66 1 36 ]
[ 21 8 57 21 39 11 2 26 26 26 32 1 77 25 49 36 76 32 61 91 34 50 54 26 76 8 29 74 6 49 18 27 9 27 0 0 38 3 26 16 81 10 17 59 88 19 47 16 3 8 ]
[ 13 12 20 89 29 15 38 99 38 66 3 60 19 6 49 70 66 3 4 27 23 54 31 44 11 20 23 33 9 7 17 22 19 90 11 0 5 1 51 43 67 6 55 39 13 4 9 79 59 65 ]

Timer (generate): 449ms real	430ms user	20ms sys
[ 50 86 72 64 76 6 66 0 83 11 68 83 8 31 71 46 81 19 81 65 14 52 61 19 18 7 26 4 14 91 92 17 29 16 33 5 23 0 57 58 63 77 94 71 60 17 18 42 36 51 ]
[ 7 51 55 20 22 73 79 48 78 46 91 22 63 20 90 48 77 65 0 35 24 64 64 70 87 25 87 5 67 23 8 26 74 63 98 48 89 30 97 19 76 88 41 91 61 31 39 38 97 40 ]
[ 25 73 56 90 95 43 15 82 1 34 5 9 12 32 25 62 32 14 92 29 33 20 70 26 11 31 9 3 21 58 95 47 31 3 89 26 46 56 60 47 42 18 9 54 2 34 68 34 48 13 ]
[ 64 81 33 34 59 97 65 68 52 86 27 47 85 10 50 26 89 48 82 49 96 76 67 57 30 69 91 51 4 91 64 20 72 97 54 31 46 71 51 98 9 78 97 47 89 47 73 78 48 8 ]
[ 79 44 84 47 53 67 68 44 18 24 35 82 44 59 31 50 42 30 73 93 28 35 24 26 82 13 25 55 43 73 15 22 69 0 21 22 67 42 18 85 66 53 19 63 12 2 65 6 32 39 ]
[ 0 13 26 24 91 8 89 16 15 84 42 31 6 11 31 80 86 50 22 4 35 40 58 6 3 22 60 69 81 93 60 81 6 86 57 97 46 98 65 61 82 7 44 40 71 27 20 9 77 94 ]
[ 13 64 35 23 70 90 98 31 11 79 76 71 12 34 9 21 83 7 19 0 21 53 8 65 93 31 93 66 40 70 60 5 87 47 29 57 38 79 40 49 58 68 73 70 2 34 91 37 42 62 ]
[ 38 63 15 98 80 60 81 25 26 73 48 87 78 35 34 59 44 24 38 37 74 96 5 47 18 60 81 61 49 75 23 87 90 90 37 71 51 18 48 77 91 96 16 22 31 3 81 28 27 20 ]
[ 65 53 68 70 0 87 82 34 0 32 9 76 19 52 66 9 23 69 27 71 47 71 20 15 93 3 70 74 31 98 46 96 51 15 19 4 54 1 90 54 33 51 30 5 3 97 14 78 18 93 ]
[ 50 65 64 22 33 57 25 3 32 57 53 78 53 57 45 72 13 99 74 3 54 59 54 36 64 58 85 30 36 4 24 38 21 88 12 54 46 38 10 30 95 15 60 0 72 6 73 85 57 99 ]
[ 40 11 10 95 0 27 5 85 57 93 89 33 84 11 22 96 17 20 34 27 2 81 43 14 82 67 20 7 5 78 58 45 41 68 92 41 95 97 79 5 91 68 38 75 79 12 23 49 84 58 ]
[ 76 38 39 71 53 73 91 25 80 96 3 38 41 97 59 34 90 6 83 69 11 26 38 2 53 69 66 77 18 3 35 47 41 26 70 94 0 61 20 32 57 75 71 51 24 82 37 67 88 20 ]
[ 36 52 47 26 54 0 48 72 29 18 75 64 17 69 43 88 63 43 49 35 27 59 63 50 62 87 32 99 54 21 71 43 73 70 21 79 71 69 3 0 88 79 17 57 0 60 45 15 55 47 ]
[ 51 34 6 66 85 20 5 17 19 12 90 42 55 63 13 28 94 36 98 98 88 38 29 5 95 29 17 93 44 24 40 47 59 98 65 96 18 71 13 89 83 4 31 90 19 44 70 66 80 68 ]
[ 16 69 58 97 26 6 26 96 99 22 72 91 22 83 89 87 79 59 10 93 48 45 49 31 87 20 76 58 38 8 26 54 29 37 51 56 43 29 4 94 4 76 85 26 60 74 65 39 85 76 ]
[ 84 33 21 85 64 9 58 92 67 96 53 45 51 82 34 54 90 29 84 94 23 88 23 8 66 35 34 31 74 19 59 11 4 81 48 21 42 6 65 61 3 18 58 6 1 93 60 91 22 96 ]
[ 38 98 36 13 6 2 48 93 34 74 64 45 85 69 78 86 90 20 92 55 33 47 26 92 53 27 37 66 70 59 62 60 9 99 73 16 53 21 61 39 96 25 85 33 94 63 19 36 36 64 ]
[ 44 69 11 70 13 17 49 50 83 71 62 97 32 71 48 57 39 2 31 0 41 79 78 78 12 72 42 84 61 78 0 57 99 11 79 13 28 80 63 63 51 77 13 35 49 61 45 40 15 76 ]
[ 41 9 55 19 87 19 43 81 55 56 59 55 65 59 19 96 24 47 76 87 63 80 17 76 67 18 89 12 58 57 88 51 66 95 70 5 15 66 87 22 74 98 78 40 9 97 36 33 96 65 ]
[ 73 11 97 90 87 64 8 29 77 66 86 17 18 4 13 40 9 80 58 48 2 33 99 32 25 8 81 13 94 78 30 67 89 27 9 29 92 69 58 21 87 96 38 57 0 3 98 61 83 8 ]

Running merge sort algorithm: 
Timer (sort): 197ms real	190ms user	0ms sys
The output is sorted!
[ 41 3 7 64 13 37 22 43 11 47 39 16 28 30 25 25 20 12 80 87 14 12 12 85 23 15 53 4 44 3 4 38 6 11 2 20 0 76 15 11 23 6 79 52 36 56 29 57 69 9 ]
[ 32 84 43 9 1 0 54 66 47 54 73 1 35 25 26 43 35 48 2 48 60 1 21 6 14 2 10 1 19 65 85 4 1 29 13 3 29 20 21 29 74 47 30 9 72 8 4 59 56 6 ]
[ 54 11 55 93 2 42 3 10 87 6 44 4 11 42 20 37 11 72 93 9 92 46 33 5 1 71 13 44 6 43 64 12 54 19 5 9 13 9 19 0 67 15 4 31 9 76 20 20 49 14 ]
[ 5 2 33 40 1 18 20 43 46 21 0 86 24 56 0 59 2 51 53 49 4 64 1 60 46 39 47 57 3 62 72 8 17 58 1 18 28 21 13 74 94 13 13 18 21 13 29 23 16 34 ]
[ 12 23 41 43 21 4 74 16 6 5 50 38 2 44 32 21 85 19 16 4 93 36 86 1 73 1 30 0 21 59 11 33 34 4 29 7 8 3 75 66 60 25 4 62 21 37 35 58 8 51 ]
[ 25 40 22 22 45 16 14 18 26 36 15 27 31 31 13 18 9 25 48 67 11 22 37 9 26 95 60 3 32 4 18 57 44 40 32 42 9 46 60 35 82 27 14 13 11 79 83 20 4 32 ]
[ 9 13 54 50 76 59 1 55 37 89 3 21 22 69 86 32 29 12 20 72 8 23 16 12 3 30 44 65 1 0 52 11 13 58 13 41 70 14 96 7 4 0 80 26 21 18 11 2 30 31 ]
[ 4 11 18 41 36 13 78 47 33 50 2 21 3 12 69 68 23 1 30 36 0 3 75 29 29 73 16 26 50 4 11 54 15 81 47 3 46 25 51 79 27 5 0 31 17 22 51 40 23 81 ]
[ 24 99 1 61 12 51 11 94 61 6 2 44 27 9 30 8 28 18 3 14 37 7 17 68 9 2 66 12 6 6 39 31 57 40 44 21 43 55 15 56 61 18 1 40 79 83 48 8 1 51 ]
[ 87 4 0 52 38 63 39 14 17 2 39 14 53 13 17 3 81 35 5 47 86 77 16 43 78 0 8 20 19 0 35 58 57 87 10 47 50 1 61 20 3 1 34 8 66 3 12 47 38 17 ]
[ 37 10 17 87 23 1 3 28 5 44 19 17 30 37 29 87 2 10 46 24 63 57 11 6 42 22 0 12 13 78 41 3 40 11 42 64 12 46 92 70 42 63 39 25 0 69 12 55 31 10 ]
[ 11 28 49 0 26 66 8 85 72 24 8 49 22 74 10 90 23 12 1 37 95 12 4 22 8 88 37 50 96 10 16 7 91 17 8 17 35 68 2 7 44 10 56 18 36 19 8 12 31 9 ]
[ 4 97 82 42 7 43 78 1 3 23 27 74 10 8 26 53 33 45 48 13 47 23 25 18 20 23 7 10 50 30 7 7 79 41 49 39 84 27 40 39 2 19 14 12 27 40 18 13 37 66 ]
[ 0 51 21 59 22 27 7 26 34 27 26 1 3 58 94 29 13 0 31 13 18 91 0 13 22 27 21 52 53 66 31 53 17 5 64 39 32 23 17 18 51 95 71 6 5 66 36 18 66 19 ]
[ 67 63 1 0 87 60 10 31 67 4 2 13 3 54 66 23 10 95 25 19 96 10 20 0 13 36 28 59 45 2 15 12 18 68 64 5 28 74 36 48 30 38 13 33 44 31 9 6 26 34 ]
[ 65 20 16 69 47 38 91 12 10 24 3 31 1 49 24 85 20 96 56 15 28 0 25 51 40 81 50 27 56 27 42 21 0 11 42 47 1 34 11 11 10 14 42 11 15 18 49 35 15 57 ]
[ 68 52 19 18 1 51 83 11 8 51 72 28 5 62 60 19 26 5 16 53 94 6 6 8 3 6 21 4 54 43 39 74 48 10 45 49 14 28 13 22 31 37 3 36 52 63 8 30 68 24 ]
[ 28 27 93 13 3 11 7 43 2 6 47 23 2 54 74 40 41 0 24 7 11 38 58 15 15 17 24 44 99 49 56 27 28 49 92 32 13 0 27 15 6 26 90 8 81 16 0 74 68 24 ]
[ 39 0 42 28 54 63 69 57 75 52 13 8 4 23 12 0 78 19 2 65 84 20 29 5 71 8 26 9 10 5 0 50 57 42 30 11 57 0 69 32 4 34 40 9 9 52 9 88 23 63 ]
[ 0 8 5 1 55 60 60 18 31 54 36 2 32 6 9 62 20 69 54 24 8 10 54 7 14 91 18 79 44 74 1 97 34 6 98 41 18 10 60 49 17 48 4 1 7 13 63 27 34 17 ]

