Timer (generate): 294ms real	260ms user	30ms sys
[ 58 1 46 99 25 8 47 23 30 39 18 82 64 18 25 58 78 66 69 12 62 43 43 26 81 10 74 32 91 8 76 1 10 74 52 87 82 99 62 65 91 80 47 7 50 73 66 28 39 35 ]
[ 93 53 30 36 80 12 98 6 96 41 15 24 43 25 98 47 64 33 99 26 98 90 58 45 97 8 70 63 89 61 51 34 15 33 22 47 45 20 53 93 13 68 17 8 45 68 56 61 1 55 ]
[ 87 99 97 97 44 94 6 15 10 47 28 13 81 43 46 55 90 44 75 44 37 40 64 7 49 62 75 5 23 76 60 11 75 57 8 71 3 66 38 65 13 67 78 46 62 25 1 5 69 28 ]
[ 1 58 69 65 17 18 79 92 75 3 20 87 66 47 96 74 71 99 93 9 65 58 28 43 57 43 20 10 48 41 39 49 0 60 66 17 30 46 62 5 49 34 92 15 82 40 41 53 39 86 ]
[ 14 56 97 95 52 54 38 72 64 38 14 55 39 66 15 57 35 45 3 49 2 4 84 46 71 66 86 65 71 78 3 37 34 0 32 86 54 22 11 19 12 25 74 51 43 42 9 78 39 64 ]
[ 28 42 21 64 40 44 30 79 61 53 57 65 90 91 65 75 30 72 49 41 91 14 18 17 65 13 59 26 91 51 43 71 45 16 87 85 60 69 64 22 22 21 39 65 65 4 92 47 28 41 ]
[ 40 71 55 58 89 73 71 0 51 14 51 94 38 48 10 25 34 23 95 50 97 69 24 36 34 41 92 78 88 21 72 28 92 79 38 33 52 61 86 56 75 89 2 65 38 65 43 72 88 90 ]
[ 74 37 59 98 73 46 39 17 76 27 38 48 7 83 28 45 16 32 6 2 88 34 92 91 51 30 56 94 54 96 36 80 33 96 79 58 94 70 75 70 50 66 19 57 49 99 55 17 31 61 ]
[ 20 20 95 64 63 99 46 71 93 52 19 30 32 52 78 63 62 24 86 37 46 36 3 17 45 4 16 0 22 48 14 94 20 61 58 35 60 56 6 54 60 77 36 44 81 66 8 43 42 94 ]
[ 32 88 82 36 6 27 40 22 80 62 22 94 56 42 55 66 29 68 74 87 74 34 64 10 79 45 28 39 40 70 85 73 58 67 61 64 46 1 39 26 16 61 72 24 56 28 43 85 96 69 ]
[ 73 70 4 89 32 35 35 12 74 75 82 59 0 92 78 61 9 24 63 48 3 31 9 75 7 17 55 2 3 3 72 28 73 76 17 57 63 4 21 37 80 3 48 32 96 26 94 5 2 9 ]
[ 5 5 40 14 81 99 32 36 2 87 40 74 15 65 2 32 75 65 89 96 54 69 52 2 53 0 80 47 57 34 56 62 40 48 28 73 48 60 61 50 99 53 76 14 71 78 99 46 43 40 ]
[ 94 49 9 46 3 14 46 35 62 3 69 18 17 61 67 46 86 15 6 48 17 58 53 93 24 24 23 75 22 66 15 17 67 76 15 70 91 14 5 53 69 74 71 87 88 90 33 74 57 91 ]
[ 74 74 49 28 19 74 52 42 49 75 60 65 44 27 41 59 97 84 73 54 37 43 29 61 30 69 51 63 43 9 54 18 35 56 46 55 30 50 49 31 25 62 48 21 89 42 81 39 26 6 ]
[ 93 64 49 74 25 31 43 76 46 39 37 53 57 73 9 55 80 91 5 81 74 83 43 23 4 85 65 37 76 91 44 69 55 45 96 32 29 91 61 75 30 98 80 87 23 41 94 55 32 52 ]
[ 37 7 35 32 30 91 17 47 81 93 38 77 15 46 22 63 78 3 54 91 31 85 42 11 24 65 53 19 73 37 71 62 96 58 94 26 1 12 25 34 57 64 11 72 10 86 35 40 89 42 ]
[ 32 72 27 26 84 3 43 89 22 16 26 45 78 23 55 73 1 9 37 27 43 46 91 7 71 53 93 58 45 34 0 29 7 27 55 43 83 99 32 57 67 58 3 46 33 10 71 35 71 60 ]
[ 14 67 6 5 74 77 10 19 88 7 5 88 89 64 68 44 7 51 95 39 8 63 50 63 61 35 74 84 70 97 96 84 64 54 41 38 84 3 9 72 63 15 60 52 79 28 48 87 31 44 ]
[ 78 40 59 80 3 72 16 29 8 38 27 4 75 91 10 16 82 94 72 91 18 35 6 79 87 38 59 87 25 43 83 55 83 94 36 38 66 4 20 26 42 99 82 17 42 93 86 24 39 58 ]
[ 68 58 45 74 89 84 12 48 71 89 91 55 97 26 1 85 17 68 89 37 46 83 88 29 1 30 74 39 55 13 97 23 23 94 49 12 78 14 13 1 55 56 8 52 83 10 37 52 30 26 ]

Running merge sort algorithm: 
Timer (sort): 104ms real	100ms user	0ms sys
The output is sorted!
[ 2 10 57 47 10 68 38 75 23 0 30 72 4 13 2 67 16 25 4 81 6 41 47 4 47 10 65 15 19 54 0 21 16 10 20 78 78 58 6 2 10 36 26 15 2 80 34 18 5 38 ]
[ 59 68 46 7 10 44 30 62 43 27 36 0 14 62 3 12 45 15 43 48 5 29 30 6 37 31 49 47 1 73 14 12 41 12 20 3 9 2 17 52 29 54 4 44 68 7 8 13 74 51 ]
[ 26 37 8 28 85 31 37 69 5 9 23 92 20 28 20 62 52 56 12 28 10 19 27 20 58 43 61 64 60 10 14 38 0 22 66 37 6 55 6 11 17 30 3 37 58 24 0 10 32 12 ]
[ 3 51 32 2 71 31 87 20 74 23 42 32 16 31 5 46 6 96 64 30 11 10 13 24 90 9 10 17 49 9 36 4 60 20 6 83 3 46 4 29 21 46 13 38 29 19 36 36 15 52 ]
[ 55 3 38 4 54 1 32 2 16 60 32 76 18 11 8 33 56 20 24 60 54 21 19 32 24 47 33 86 0 6 11 55 10 2 11 64 3 95 18 19 55 50 48 73 14 8 58 22 29 34 ]
[ 9 85 34 10 40 13 44 3 25 35 19 14 53 7 20 2 7 38 17 89 63 13 37 49 52 2 18 44 11 90 19 20 27 5 31 67 18 27 70 43 14 41 9 67 1 81 21 60 20 39 ]
[ 7 3 20 12 32 14 18 41 28 29 32 81 20 37 50 2 27 10 13 3 64 94 29 48 7 72 57 2 9 60 54 16 16 75 80 0 41 50 42 22 79 26 3 51 15 5 5 94 15 18 ]
[ 8 0 44 27 29 86 63 13 59 5 15 13 35 38 3 31 12 15 41 34 44 16 9 11 27 69 44 10 13 41 10 22 93 7 1 22 93 64 87 4 21 3 17 57 41 20 40 6 88 81 ]
[ 44 2 21 23 46 30 9 76 30 66 7 2 20 10 4 42 40 0 5 22 38 32 5 20 84 46 40 26 5 24 99 2 78 20 25 77 2 34 53 33 53 12 87 25 22 43 67 14 44 25 ]
[ 12 45 19 31 7 99 42 46 8 2 42 6 51 7 38 29 46 52 73 37 31 42 6 7 62 26 3 47 58 5 97 23 2 68 6 61 67 0 8 27 3 2 85 54 61 23 35 8 27 9 ]
[ 33 13 12 54 37 74 44 11 22 48 15 14 53 0 15 33 6 22 2 0 84 6 45 69 49 30 67 31 80 25 89 13 38 54 20 76 80 16 39 2 64 6 17 18 58 32 3 16 6 5 ]
[ 24 49 43 18 3 81 17 1 12 61 54 28 11 8 43 6 39 70 52 16 64 83 23 21 35 30 7 25 35 3 36 11 4 31 30 59 12 47 60 24 60 66 4 23 26 47 29 18 18 81 ]
[ 46 74 12 27 26 37 53 46 51 33 35 38 34 71 13 22 23 13 21 6 7 58 48 38 71 31 26 12 6 5 2 53 79 66 32 57 3 37 3 54 23 90 45 9 13 10 31 36 24 4 ]
[ 10 41 14 21 87 9 20 77 20 2 52 61 27 34 26 23 31 18 10 4 61 27 43 9 4 34 46 81 45 53 99 8 46 14 81 33 23 1 11 44 4 15 57 83 1 36 6 32 54 17 ]
[ 3 87 40 29 40 5 2 68 41 42 62 10 22 32 69 15 26 43 24 28 0 5 14 84 6 15 34 81 20 41 10 23 81 2 4 73 7 58 41 1 53 4 11 27 88 33 42 15 76 19 ]
[ 20 30 4 41 14 22 13 42 52 6 25 26 55 3 20 74 70 85 11 8 23 85 53 0 10 3 37 9 88 92 25 9 22 29 50 37 3 16 31 7 22 57 34 78 12 6 4 34 92 68 ]
[ 77 2 21 1 69 13 82 87 29 54 67 41 30 22 29 29 30 20 2 16 65 15 34 7 32 35 19 5 51 5 43 28 7 16 29 28 30 12 15 11 66 35 4 48 57 33 29 39 54 84 ]
[ 38 27 6 3 27 44 0 26 3 94 83 4 27 56 38 4 17 14 31 88 29 72 27 57 84 23 25 19 11 78 57 1 5 15 56 84 59 57 10 14 3 45 19 30 1 57 35 19 24 18 ]
[ 35 23 5 78 31 6 10 30 31 0 26 1 46 23 9 12 12 41 8 1 34 46 36 51 93 94 18 27 75 39 64 11 15 21 89 98 27 51 28 58 3 7 12 49 30 21 61 42 15 21 ]
[ 40 9 22 85 4 57 4 22 73 99 90 11 48 31 76 1 37 5 24 0 47 19 8 54 6 41 12 95 31 46 48 23 7 22 9 11 79 13 85 4 12 27 15 12 58 44 14 48 1 38 ]

Timer (generate): 326ms real	300ms user	20ms sys
[ 29 87 17 68 84 60 61 67 61 11 65 11 6 46 79 37 59 38 14 79 82 16 26 34 96 91 15 60 78 84 45 59 71 15 80 8 75 41 75 89 4 40 0 10 38 79 99 97 17 13 ]
[ 77 51 30 3 38 78 47 53 38 77 89 84 36 13 51 68 21 26 9 48 15 65 41 15 27 79 94 78 77 64 92 54 15 74 9 53 52 56 58 90 33 48 26 22 61 77 90 34 56 52 ]
[ 82 23 69 23 39 49 3 85 27 32 49 19 38 17 45 47 22 97 56 81 40 89 81 18 63 42 48 6 76 4 58 10 27 79 34 18 28 89 56 56 21 57 27 59 74 73 58 97 70 14 ]
[ 30 62 56 11 81 19 5 29 25 33 85 35 43 12 15 29 83 43 18 39 51 91 96 79 2 71 4 61 20 26 75 2 89 83 65 22 55 70 51 32 55 36 68 50 0 35 80 35 30 50 ]
[ 74 82 42 23 13 44 94 17 57 66 43 85 20 84 68 85 6 23 55 57 56 62 45 76 12 98 11 92 85 41 43 60 75 37 83 40 33 29 9 91 47 53 76 67 89 44 52 96 20 59 ]
[ 5 76 21 3 4 85 53 15 78 38 8 73 50 36 62 85 76 95 14 86 86 13 91 14 32 80 11 84 28 31 95 34 59 68 89 63 54 42 78 84 32 38 9 83 74 71 68 3 18 35 ]
[ 41 57 48 32 71 81 64 34 17 45 65 65 31 24 33 20 87 39 14 17 23 46 8 84 81 82 7 50 37 26 37 78 35 37 62 58 70 79 93 88 24 58 53 55 35 38 27 74 78 41 ]
[ 92 53 39 0 38 21 34 97 23 72 75 60 2 10 97 17 69 68 96 14 8 72 24 13 27 59 51 54 34 81 47 78 35 86 78 25 59 64 22 82 88 98 94 91 8 44 60 29 64 56 ]
[ 43 72 28 20 37 7 79 88 13 13 70 12 91 5 98 21 30 10 86 4 44 74 2 39 17 11 83 77 92 99 85 88 71 65 8 8 24 87 48 37 53 70 49 96 27 0 70 57 62 56 ]
[ 14 6 82 16 45 52 79 80 81 72 31 67 12 2 84 20 62 9 59 63 46 64 33 48 13 61 0 83 70 62 91 84 20 73 53 18 77 32 98 59 56 82 78 20 36 62 40 51 71 52 ]
[ 14 18 68 99 18 81 60 70 64 83 84 55 19 4 81 72 22 58 57 73 69 13 55 47 34 91 10 26 42 81 30 8 51 99 8 69 80 20 91 45 3 75 52 23 32 33 47 54 44 4 ]
[ 79 13 70 86 61 56 30 71 34 72 52 65 33 56 64 41 77 96 61 69 93 17 96 46 92 28 31 39 35 75 96 14 89 66 53 2 74 83 73 8 55 77 73 40 33 89 81 11 86 95 ]
[ 32 79 12 28 77 56 57 9 47 44 84 43 58 25 61 11 27 35 46 52 44 54 82 69 94 67 59 76 30 97 23 62 28 35 43 6 43 52 15 90 96 51 86 6 29 47 18 56 35 16 ]
[ 61 31 70 43 0 65 10 59 41 93 56 64 55 37 51 50 43 46 2 10 36 98 61 74 5 42 22 75 99 9 91 12 40 62 7 40 27 69 52 20 62 60 36 70 97 39 20 40 85 23 ]
[ 2 73 21 16 48 26 58 22 53 57 31 45 21 71 59 28 63 38 98 15 10 60 28 46 30 25 37 51 18 74 26 20 47 47 36 47 26 95 69 31 4 52 76 26 75 87 54 39 25 4 ]
[ 6 35 17 34 33 47 60 70 50 30 44 28 50 44 28 87 43 6 82 13 37 38 17 66 64 93 53 71 84 31 27 90 66 44 77 52 44 37 22 46 67 19 75 69 15 3 56 58 9 90 ]
[ 23 98 81 41 64 97 34 70 68 18 1 48 60 19 92 37 71 88 26 46 35 45 65 10 15 32 65 23 42 74 14 66 24 95 59 89 92 93 59 13 63 12 13 23 31 5 13 55 94 39 ]
[ 1 81 85 18 91 0 50 56 23 92 82 89 10 6 36 69 47 81 14 58 46 77 70 59 53 54 16 66 9 10 5 62 43 90 80 34 42 82 42 18 26 76 7 37 35 44 58 34 25 73 ]
[ 93 23 2 15 82 55 21 98 73 30 61 31 92 4 73 24 91 16 6 33 34 33 62 93 22 49 37 80 83 14 5 76 37 60 92 71 15 13 70 41 96 31 72 40 35 45 65 26 13 23 ]
[ 12 99 8 26 93 30 75 82 63 58 49 20 87 38 80 31 10 48 44 32 89 92 63 13 85 50 10 2 29 76 25 41 75 86 19 20 68 94 55 83 52 4 4 91 94 84 22 4 84 19 ]

Running merge sort algorithm: 
Timer (sort): 134ms real	140ms user	0ms sys
The output is sorted!
[ 66 15 44 38 3 64 22 52 15 6 15 70 9 10 56 5 17 11 8 85 57 60 13 4 54 41 9 64 57 33 10 23 0 6 62 3 71 36 56 38 42 23 8 4 33 17 9 3 80 17 ]
[ 97 5 9 22 18 59 33 61 73 2 67 24 4 20 37 8 33 32 5 13 65 10 55 43 6 20 55 34 2 46 23 0 51 32 22 21 43 7 35 16 9 2 92 65 23 81 25 8 14 31 ]
[ 4 31 50 57 35 48 15 7 22 18 27 16 20 15 55 11 9 15 35 37 52 5 61 24 18 7 39 6 0 74 18 4 57 68 61 92 16 29 52 38 47 79 6 19 47 14 30 56 29 18 ]
[ 9 42 5 13 19 7 92 81 87 45 21 10 31 10 10 70 48 23 47 22 5 10 86 12 63 29 29 15 48 35 42 10 77 47 23 49 6 15 30 45 12 3 56 43 14 18 13 14 42 12 ]
[ 24 5 2 81 76 0 71 74 62 27 78 3 0 60 10 2 54 53 26 37 15 10 53 10 16 46 20 16 92 86 18 16 43 20 49 19 20 20 45 35 0 23 38 52 36 0 6 42 6 32 ]
[ 15 63 21 5 40 14 99 2 89 5 64 1 55 30 55 46 8 16 1 1 18 77 6 1 14 26 28 21 71 22 73 38 38 94 44 30 60 43 33 2 0 49 3 55 31 10 1 39 26 55 ]
[ 17 40 55 53 8 23 0 50 35 7 4 16 12 46 94 59 15 33 25 53 59 24 5 14 32 57 44 21 6 0 28 76 41 35 29 1 59 29 4 46 88 8 14 1 54 9 12 21 94 89 ]
[ 18 18 2 36 8 72 2 11 32 18 62 83 16 55 95 0 8 30 33 42 59 6 78 14 92 26 10 22 31 21 0 2 40 3 38 0 27 92 11 11 11 25 94 27 32 89 27 92 19 12 ]
[ 8 3 24 11 65 20 70 2 44 12 16 7 63 10 0 43 90 44 3 5 7 39 38 40 16 9 17 91 8 53 15 16 8 39 28 73 11 50 28 8 62 44 67 78 54 67 21 96 11 24 ]
[ 9 4 88 32 40 69 7 1 41 64 3 1 42 49 14 35 66 27 33 96 15 27 28 29 40 23 20 59 5 18 55 14 74 43 98 15 64 5 16 5 21 19 58 15 20 24 2 38 51 36 ]
[ 19 32 27 28 20 5 26 10 32 33 16 38 33 12 11 7 13 81 93 71 45 42 3 47 29 65 39 12 32 46 6 3 30 33 32 50 90 58 13 23 44 29 13 77 41 24 84 6 5 30 ]
[ 10 35 58 5 13 9 32 12 81 42 49 1 75 28 24 51 21 18 23 15 55 33 36 37 39 45 6 10 23 2 5 33 37 64 90 50 73 23 14 6 65 64 7 40 44 31 43 65 1 18 ]
[ 59 20 73 11 53 66 69 18 55 16 59 1 60 56 37 9 39 3 27 6 12 19 15 40 2 15 21 65 46 21 18 5 42 43 16 47 10 38 65 17 54 77 18 67 33 7 76 25 10 4 ]
[ 33 13 38 18 32 10 47 6 54 34 1 6 43 43 49 12 5 72 3 76 50 42 43 42 72 1 39 31 21 11 52 6 25 42 24 9 5 71 16 59 57 69 65 0 13 66 64 18 38 20 ]
[ 7 16 46 93 47 14 18 5 28 94 17 42 84 16 45 38 58 4 24 25 17 0 27 1 10 59 9 25 11 44 71 70 13 17 15 12 31 85 69 11 79 87 6 16 55 51 6 13 8 30 ]
[ 3 51 0 15 35 63 81 35 0 66 31 9 2 29 35 25 48 38 13 25 18 5 70 28 12 24 66 86 3 13 54 58 64 6 25 0 69 7 87 22 25 18 83 27 0 71 4 48 9 69 ]
[ 1 31 69 3 30 18 23 10 16 55 39 77 6 10 37 4 67 41 39 20 49 74 46 31 94 61 31 0 26 35 40 27 19 61 83 1 79 6 12 96 13 3 25 19 13 63 23 33 4 14 ]
[ 67 24 47 3 23 51 48 39 81 18 14 21 33 69 35 23 33 78 41 21 29 11 37 2 38 1 47 52 13 15 10 32 40 9 36 63 12 84 2 45 2 68 66 88 37 1 11 22 31 4 ]
[ 7 13 96 96 12 9 51 55 17 1 22 0 35 36 46 52 2 72 69 51 4 6 68 15 36 3 43 55 44 32 27 3 97 23 51 9 32 2 16 1 4 38 54 91 75 0 43 29 24 12 ]
[ 52 11 96 34 60 2 67 9 5 46 29 20 0 17 43 17 64 34 23 28 36 56 34 48 35 19 45 56 4 5 10 8 16 58 42 77 13 9 38 18 7 68 90 59 85 34 28 2 20 3 ]

Timer (generate): 303ms real	270ms user	30ms sys
[ 9 11 80 46 8 47 17 45 70 24 84 48 31 58 16 46 69 72 41 74 64 26 36 13 81 40 18 18 34 98 50 43 61 31 41 21 30 58 66 52 35 3 0 66 61 69 64 82 93 57 ]
[ 56 57 83 93 23 65 33 93 35 67 44 86 62 5 69 3 27 99 14 45 51 49 0 3 67 61 72 31 44 66 88 0 75 23 45 98 40 78 92 76 97 36 14 11 93 83 67 72 34 81 ]
[ 70 37 82 70 40 49 84 65 32 80 83 72 32 58 95 78 9 88 8 53 16 58 41 30 69 34 65 36 59 51 69 29 88 51 51 80 0 35 97 84 15 80 56 48 91 4 78 0 44 86 ]
[ 5 60 96 46 90 66 32 7 54 91 58 24 72 46 75 24 78 28 59 76 12 27 8 21 27 99 77 5 51 21 43 56 81 40 54 23 58 87 30 12 30 40 88 3 38 16 27 16 96 86 ]
[ 44 60 65 53 81 92 4 10 49 8 31 45 16 64 37 71 87 95 10 69 59 40 61 48 43 99 16 70 68 12 9 12 72 26 17 6 71 74 16 20 82 0 17 98 64 54 21 4 49 31 ]
[ 25 9 24 87 9 67 86 77 90 54 89 99 19 13 25 88 71 96 62 88 69 96 40 86 95 56 41 68 60 42 0 86 3 24 25 64 43 11 41 33 18 82 32 89 48 10 77 19 58 92 ]
[ 59 27 88 99 66 35 56 59 4 68 1 56 54 5 32 31 69 75 95 63 9 65 45 93 54 93 55 83 65 14 75 24 93 16 24 11 51 32 70 55 0 72 63 7 29 95 38 98 71 33 ]
[ 13 32 98 59 77 4 4 33 40 69 99 67 46 92 83 22 56 35 54 26 42 6 50 58 13 79 53 4 30 76 89 43 8 40 54 86 96 59 19 36 80 70 4 78 14 87 0 70 74 6 ]
[ 97 69 13 47 27 78 27 80 34 57 57 24 52 17 16 7 55 12 18 74 49 98 96 53 77 11 92 29 81 67 36 78 88 49 78 15 79 5 47 14 14 56 38 66 74 54 73 29 66 91 ]
[ 56 67 42 52 20 71 63 13 52 97 32 88 75 20 89 5 35 69 62 34 83 76 91 21 95 17 27 20 98 45 64 6 13 58 11 85 81 26 50 33 23 82 22 51 54 11 56 41 80 19 ]
[ 76 63 47 19 36 42 88 15 15 86 61 31 93 26 89 4 63 70 30 14 3 6 48 77 57 3 41 13 44 21 32 20 37 80 91 25 74 79 93 41 66 6 72 11 32 13 67 95 83 49 ]
[ 61 39 55 10 68 12 13 9 78 57 83 10 30 20 42 21 97 69 1 90 10 19 96 35 82 80 48 49 28 32 50 89 23 6 99 91 70 12 1 48 22 84 11 52 56 5 25 5 74 26 ]
[ 48 37 97 96 72 79 77 20 80 5 4 31 46 27 37 46 71 59 58 24 60 80 60 71 84 68 28 10 73 55 88 73 92 86 70 64 17 99 36 98 56 41 29 2 20 18 0 43 29 59 ]
[ 19 89 91 79 12 28 47 41 38 73 96 78 98 40 64 68 56 34 19 92 32 75 85 13 78 58 83 78 53 64 89 73 54 33 52 18 13 52 11 3 77 7 81 75 99 46 96 55 32 15 ]
[ 0 16 91 85 29 21 95 64 51 49 28 93 74 34 78 26 53 91 30 64 94 7 24 75 35 23 73 31 31 5 46 31 21 89 16 2 10 64 66 62 65 47 7 39 81 85 17 86 76 48 ]
[ 51 70 7 27 97 42 50 71 25 81 76 24 64 50 13 81 52 76 97 71 90 62 18 97 1 51 82 18 38 58 66 41 80 26 68 77 20 70 0 98 4 29 22 68 79 35 1 83 63 98 ]
[ 54 53 12 24 50 13 76 84 32 66 94 50 59 74 28 27 4 49 49 4 47 5 85 69 26 64 56 27 48 20 78 2 25 90 79 76 56 7 60 40 73 55 90 32 81 19 11 37 20 12 ]
[ 94 19 70 79 88 96 44 96 75 44 68 53 98 94 96 77 22 52 84 34 92 9 89 34 93 23 5 56 60 25 69 54 44 39 86 84 87 30 33 62 74 53 68 72 99 16 2 21 20 86 ]
[ 56 64 48 97 98 41 72 56 98 85 81 19 39 78 10 25 14 97 7 99 11 33 53 79 58 4 95 60 26 15 98 34 79 46 83 30 88 56 86 38 41 19 57 32 49 67 10 16 16 69 ]
[ 15 27 3 20 7 13 25 54 73 3 22 23 89 1 70 72 83 10 80 69 48 73 41 5 58 90 24 20 58 40 89 74 67 44 46 74 57 23 81 82 78 3 58 67 56 28 92 40 90 72 ]

Running merge sort algorithm: 
Timer (sort): 126ms real	130ms user	0ms sys
The output is sorted!
[ 18 56 63 11 65 22 6 16 6 40 38 48 65 10 27 27 14 2 4 20 31 3 53 1 49 44 8 73 87 32 16 5 88 79 16 5 54 22 22 12 15 12 60 32 22 87 11 36 41 15 ]
[ 16 98 24 7 27 21 22 8 5 22 32 6 34 20 36 12 38 29 39 20 53 62 92 2 13 35 33 65 79 11 52 48 61 28 7 41 49 29 49 6 4 34 13 38 54 1 2 44 30 41 ]
[ 0 13 84 25 15 12 54 71 2 7 34 7 22 62 12 25 4 9 40 9 37 95 61 70 36 2 65 53 18 1 3 71 14 39 96 82 4 2 5 6 9 39 65 32 2 77 9 6 38 49 ]
[ 60 31 43 14 18 36 12 37 10 11 86 39 15 2 33 10 38 14 7 39 28 29 37 51 9 4 90 79 1 37 5 62 68 0 28 38 37 40 75 47 3 14 38 70 16 23 32 7 37 40 ]
[ 62 31 90 31 4 86 22 96 18 27 32 63 20 34 1 33 4 7 51 26 21 50 35 13 10 14 87 2 56 54 41 19 38 31 2 42 70 24 90 40 4 23 3 24 9 4 9 13 11 60 ]
[ 29 6 3 26 68 27 61 5 59 38 0 4 43 99 92 25 3 2 26 73 16 11 50 5 31 26 5 35 1 32 11 31 90 67 9 59 94 22 64 6 61 17 62 56 16 7 33 19 9 11 ]
[ 53 10 57 41 45 20 5 7 75 69 11 75 60 29 15 64 31 10 2 94 98 30 4 20 39 2 83 36 11 48 7 64 10 16 5 7 36 62 14 11 31 26 38 43 7 53 8 39 15 10 ]
[ 32 84 42 65 13 36 58 30 34 41 4 4 30 10 0 12 94 2 7 79 91 19 53 0 53 72 88 25 71 24 32 3 8 27 20 22 15 78 4 50 19 9 6 2 19 6 14 65 61 21 ]
[ 12 3 25 47 5 0 35 82 21 76 66 37 36 33 23 39 4 39 0 66 22 71 41 77 42 77 31 30 3 12 24 15 67 49 15 25 2 50 7 23 27 25 12 63 10 36 54 14 75 6 ]
[ 22 11 22 24 24 3 60 33 32 13 89 60 26 38 3 39 31 24 32 23 79 29 69 40 36 5 1 7 29 24 40 3 35 14 27 11 17 40 44 2 53 86 62 80 24 17 19 56 93 3 ]
[ 10 0 37 83 24 76 58 13 0 66 4 98 4 36 43 22 11 6 13 57 9 55 48 2 87 0 57 98 5 67 0 15 19 89 50 95 18 8 8 18 27 64 16 31 0 11 5 11 17 70 ]
[ 25 30 11 24 44 27 13 18 72 8 18 26 66 19 60 71 7 7 86 69 24 79 26 22 8 7 36 37 1 73 4 27 4 15 3 0 42 16 19 66 24 89 92 42 60 4 13 67 11 51 ]
[ 1 28 32 81 8 61 4 32 24 27 18 36 29 22 9 97 26 46 9 74 28 34 59 6 42 30 21 53 5 11 7 6 39 91 39 0 4 95 32 28 22 50 65 4 24 74 53 50 21 14 ]
[ 5 43 35 11 23 73 9 36 50 87 8 37 28 81 16 56 55 23 44 47 62 20 3 5 49 22 0 12 55 8 16 60 3 3 24 26 76 33 63 79 73 23 16 1 4 84 10 11 59 6 ]
[ 47 1 0 50 45 5 56 13 34 70 9 51 66 61 34 85 71 0 40 42 12 52 8 14 17 56 3 3 37 45 21 36 47 73 86 44 78 43 10 13 13 19 16 31 32 3 68 3 3 9 ]
[ 24 20 23 78 5 19 28 18 2 2 27 18 37 0 24 1 0 74 7 19 62 32 43 49 17 44 21 43 33 87 4 57 8 27 36 13 99 16 83 1 18 63 71 8 63 95 9 63 69 16 ]
[ 27 33 34 49 98 59 19 12 69 40 9 6 14 33 16 13 26 83 10 9 20 40 12 58 61 30 42 11 5 23 40 84 57 26 33 7 37 5 19 6 45 80 13 59 13 29 24 40 65 35 ]
[ 89 5 21 58 33 50 23 26 64 55 28 19 43 17 14 55 49 23 26 19 30 25 93 19 12 8 41 3 34 13 58 75 18 32 33 52 82 9 30 46 64 10 17 7 27 32 15 28 7 41 ]
[ 25 7 39 11 10 1 16 55 4 18 47 66 65 39 28 87 60 79 23 4 26 10 63 2 9 33 2 31 48 37 31 25 96 23 37 6 24 53 13 28 24 60 47 41 51 75 28 64 7 3 ]
[ 1 0 61 5 55 8 77 9 25 33 26 14 21 60 71 69 3 20 47 15 77 74 25 99 25 28 21 3 6 4 85 8 4 46 13 11 54 42 20 31 28 98 46 49 10 17 19 13 89 18 ]

Timer (generate): 322ms real	290ms user	20ms sys
[ 81 21 48 27 16 64 65 66 7 73 16 9 62 67 25 46 22 77 95 33 68 87 21 26 18 4 1 81 14 93 32 47 66 32 74 82 97 91 48 4 64 16 65 27 84 42 25 58 19 72 ]
[ 91 39 60 64 18 78 20 71 11 34 64 43 81 30 27 7 64 24 99 12 81 63 81 98 42 17 41 68 27 12 40 70 52 52 34 22 82 54 93 93 41 10 88 74 92 16 82 57 92 81 ]
[ 21 25 96 2 24 39 71 65 59 98 29 51 68 81 4 54 3 86 9 49 32 2 59 20 76 51 88 58 8 81 91 30 58 88 84 82 27 56 47 38 54 77 89 75 10 93 29 66 32 90 ]
[ 67 64 92 26 84 21 77 25 79 38 58 71 68 16 59 52 99 38 60 98 76 67 27 65 42 90 11 23 8 43 66 75 59 58 1 95 31 30 20 11 68 78 34 88 95 45 93 46 35 53 ]
[ 44 11 72 24 28 66 14 91 90 74 34 56 49 45 66 2 41 98 32 61 61 53 92 47 93 39 92 86 85 27 92 81 90 64 57 18 31 23 10 73 97 96 29 98 42 47 0 35 45 85 ]
[ 96 58 90 40 5 83 79 97 22 16 76 14 50 66 30 7 37 13 31 99 86 80 47 67 79 89 15 31 76 12 16 25 71 6 65 76 42 97 74 64 13 2 78 15 21 60 23 58 74 6 ]
[ 57 12 38 56 80 17 98 47 49 74 59 17 99 30 76 65 59 18 14 85 82 79 87 12 95 8 72 70 18 98 28 27 63 66 84 43 84 82 42 85 56 53 2 56 84 78 73 95 48 87 ]
[ 80 30 66 67 94 13 28 19 83 46 17 11 74 80 30 10 75 14 92 69 51 0 23 5 56 59 36 81 54 84 20 34 15 87 53 9 52 33 28 36 80 98 99 6 30 29 68 58 95 60 ]
[ 27 46 60 50 4 69 61 40 50 15 24 23 1 91 62 7 1 14 40 81 50 72 79 2 30 62 31 98 20 79 10 99 25 71 2 81 92 63 21 94 31 46 17 32 37 79 39 90 94 32 ]
[ 24 96 4 3 98 35 17 82 33 37 61 44 89 38 67 91 20 11 54 93 5 85 91 75 70 81 54 9 71 0 93 95 97 98 51 47 33 68 81 18 58 94 14 47 33 33 90 5 44 44 ]
[ 50 50 82 42 25 52 23 31 13 94 32 7 42 81 5 45 80 90 65 62 60 75 56 75 74 41 60 64 98 5 9 49 7 43 91 84 95 14 15 60 60 99 67 54 32 24 51 13 66 17 ]
[ 27 79 92 83 6 67 77 66 83 75 71 44 76 78 87 67 62 34 33 30 95 46 81 14 52 14 91 4 27 57 21 54 36 65 89 42 84 18 61 68 46 32 12 22 63 0 42 77 34 27 ]
[ 7 81 25 89 96 78 55 87 82 82 96 55 88 33 72 29 27 57 0 88 25 46 73 89 20 36 41 62 13 76 42 73 9 67 14 5 97 69 92 79 3 89 86 43 74 59 72 53 68 72 ]
[ 94 93 70 67 34 91 55 76 5 20 4 47 93 13 15 59 19 64 28 63 96 83 4 82 26 78 93 51 84 61 75 78 6 46 97 41 37 52 17 42 72 73 42 18 86 57 77 57 21 58 ]
[ 73 69 41 77 52 68 8 45 71 92 59 46 22 65 92 19 6 81 23 75 76 47 48 18 17 87 27 95 96 0 5 21 70 46 99 22 66 59 19 37 51 78 84 73 96 28 44 2 62 19 ]
[ 30 38 66 30 8 84 69 35 31 66 87 36 39 57 34 38 31 1 97 3 90 0 33 26 25 29 55 21 32 69 40 14 59 59 44 67 43 14 2 26 32 89 62 71 99 96 62 30 49 11 ]
[ 33 40 12 67 66 89 48 73 11 32 42 51 46 1 10 91 68 5 57 22 83 41 64 45 64 63 94 26 45 95 90 31 35 2 50 2 43 98 75 54 31 70 58 29 71 20 20 92 78 29 ]
[ 66 61 70 30 59 35 45 5 13 43 0 3 74 36 57 24 90 1 74 17 7 57 87 17 87 11 90 7 55 20 89 21 33 11 4 92 98 49 49 12 92 50 67 18 38 25 42 80 78 69 ]
[ 97 37 26 37 7 13 0 97 73 55 69 14 28 2 25 32 47 24 34 96 36 26 98 55 97 36 80 91 68 10 60 66 48 87 55 7 52 7 56 77 62 25 91 42 79 17 75 26 41 9 ]
[ 23 29 87 73 84 84 62 17 76 30 27 88 48 27 27 3 34 80 10 90 57 24 67 49 19 47 18 94 73 59 55 48 40 94 74 24 31 36 41 59 66 21 47 15 0 75 70 35 7 33 ]

Running merge sort algorithm: 
Timer (sort): 132ms real	130ms user	0ms sys
The output is sorted!
[ 47 3 15 13 2 22 26 21 17 52 35 58 35 66 46 7 3 9 35 1 59 0 40 48 9 37 38 21 6 59 38 6 14 53 71 16 28 98 37 45 2 25 55 37 43 2 97 46 11 32 ]
[ 9 22 3 1 33 60 10 34 27 36 32 31 7 5 50 42 7 16 48 22 34 57 33 18 13 33 76 16 97 79 57 59 1 12 60 34 73 70 20 0 7 52 31 14 9 33 8 17 50 57 ]
[ 43 3 19 89 41 1 30 3 13 33 39 13 71 2 8 11 23 40 30 51 1 29 4 67 47 13 16 54 67 12 98 62 67 17 4 8 71 34 11 36 67 3 50 91 5 10 2 80 3 33 ]
[ 1 42 4 40 37 1 98 10 20 8 14 76 19 86 29 43 13 17 21 7 2 40 65 7 35 7 80 90 13 77 15 66 19 71 6 8 72 4 18 44 13 32 20 84 71 2 27 36 19 0 ]
[ 25 20 2 56 16 17 28 30 36 1 8 0 3 28 24 21 25 14 27 48 89 59 53 32 1 97 58 53 34 0 30 59 72 32 67 88 49 48 19 37 49 27 37 4 7 13 25 32 27 4 ]
[ 43 17 17 13 72 70 54 28 11 4 4 29 1 5 12 27 55 44 60 47 32 17 9 4 13 17 26 24 29 93 9 25 63 79 38 35 49 44 63 12 48 19 42 49 76 6 28 32 3 40 ]
[ 58 25 18 91 23 47 40 11 10 14 24 7 1 0 58 1 37 1 26 28 23 9 55 53 48 98 30 86 60 23 87 70 1 57 13 24 4 53 35 15 20 11 74 21 11 32 22 49 33 0 ]
[ 67 44 10 21 85 9 14 44 94 8 28 44 33 15 13 37 13 89 60 34 10 1 13 10 12 38 12 80 63 19 47 30 63 9 4 1 18 18 45 64 26 73 9 12 41 74 1 6 16 61 ]
[ 15 0 89 31 17 73 57 1 41 6 83 38 66 12 24 70 91 8 38 8 66 18 26 16 9 20 62 2 1 47 29 17 0 18 0 17 44 9 18 37 16 53 75 82 17 52 5 60 12 43 ]
[ 39 40 1 6 40 25 56 96 51 33 95 39 30 2 60 13 38 70 71 79 59 5 4 24 21 23 54 55 67 40 1 6 33 3 65 25 28 21 21 31 6 16 22 36 18 34 1 9 5 24 ]
[ 1 95 2 8 2 25 7 22 8 7 18 9 47 0 27 18 48 16 17 61 71 96 85 66 96 10 68 28 44 5 68 46 1 23 6 55 48 13 78 8 21 48 17 20 48 44 39 48 12 8 ]
[ 16 21 91 3 14 58 7 13 35 84 14 93 43 5 22 5 37 39 8 33 43 17 2 21 60 0 26 22 66 8 7 34 29 50 38 44 8 45 9 43 82 23 37 25 80 11 30 69 50 38 ]
[ 13 33 9 15 87 2 37 50 63 13 51 53 8 85 22 82 12 11 13 32 13 11 47 25 51 45 20 17 66 22 0 31 8 9 46 47 11 36 97 75 49 1 80 9 38 3 91 3 14 4 ]
[ 96 58 22 21 16 66 13 41 19 25 58 10 40 17 53 54 31 97 27 98 24 20 11 55 53 1 52 19 52 4 81 48 15 3 22 31 21 35 24 41 12 34 51 4 3 4 10 34 1 37 ]
[ 60 52 35 52 58 52 30 13 21 29 64 5 1 20 56 38 25 6 45 4 34 6 28 18 27 72 14 59 1 14 30 13 18 17 18 77 69 48 42 43 29 6 48 30 27 57 68 4 15 66 ]
[ 9 33 3 6 11 44 33 31 59 14 68 20 26 20 75 7 25 36 13 22 51 16 60 33 50 69 47 18 3 30 0 12 16 3 70 79 99 55 62 10 69 31 30 47 3 5 54 28 41 20 ]
[ 39 1 13 3 13 15 70 10 7 7 21 25 38 19 8 60 63 35 32 14 24 19 2 70 54 12 37 86 91 27 44 30 80 9 33 45 24 55 55 83 62 28 9 1 0 69 13 63 4 45 ]
[ 75 36 33 8 89 56 45 1 14 50 8 16 65 13 12 12 49 63 8 10 54 39 32 75 21 42 87 11 27 14 84 3 2 17 11 43 25 8 45 40 11 5 56 76 19 68 40 20 31 0 ]
[ 20 24 81 12 37 6 14 31 80 63 3 3 33 1 46 26 7 7 5 27 96 22 67 87 2 8 45 76 59 1 2 31 25 35 44 14 41 10 45 73 25 0 77 11 2 75 37 61 34 42 ]
[ 9 49 29 23 67 57 63 58 20 22 44 33 5 16 22 2 51 0 13 41 20 5 40 78 53 4 12 17 20 77 86 29 79 15 4 46 24 20 56 44 42 1 77 47 69 0 1 72 0 14 ]

Timer (generate): 295ms real	250ms user	40ms sys
[ 59 1 63 6 18 79 54 86 23 65 7 53 53 21 86 25 96 13 68 1 23 0 65 90 13 99 37 39 56 40 28 67 93 43 73 63 22 79 50 97 45 9 2 50 30 89 76 79 2 96 ]
[ 80 78 48 45 20 62 96 57 53 4 50 33 72 95 76 97 59 50 77 61 47 74 70 50 24 0 91 52 31 93 49 63 23 97 8 43 59 5 53 65 9 55 98 33 50 75 31 61 77 60 ]
[ 22 25 34 92 27 58 45 18 63 76 63 12 40 39 9 0 82 21 57 87 38 19 42 36 52 45 63 35 6 41 47 29 18 81 21 45 92 18 15 55 47 78 19 87 17 28 39 52 1 97 ]
[ 39 39 16 34 28 20 79 91 8 85 84 55 66 2 89 88 99 81 58 14 88 5 45 7 44 14 87 84 66 41 33 58 32 1 92 60 21 23 4 81 8 88 89 75 43 78 15 42 11 73 ]
[ 9 51 31 6 10 75 20 97 59 39 90 92 49 23 93 41 35 67 64 39 0 24 80 89 51 23 19 18 17 30 44 26 33 75 32 43 50 5 41 62 44 83 6 93 6 52 86 42 19 2 ]
[ 33 19 78 13 61 30 36 80 0 6 63 44 32 96 71 17 40 22 22 33 36 18 16 42 63 23 94 1 17 65 55 2 37 33 16 98 63 4 78 16 10 41 60 95 38 32 12 78 6 86 ]
[ 11 94 56 27 36 71 2 83 72 71 48 27 74 85 12 42 35 28 46 14 44 9 7 4 4 45 88 68 75 46 6 38 40 62 18 77 85 72 12 57 44 12 36 18 50 48 60 85 76 58 ]
[ 51 72 67 59 77 23 56 17 43 84 64 49 22 4 63 92 33 48 65 45 57 61 58 93 79 8 94 91 45 22 49 97 95 69 56 24 44 64 41 88 48 5 37 23 62 53 15 95 1 32 ]
[ 93 59 93 51 4 24 11 98 15 8 73 17 5 20 38 13 44 82 78 37 22 78 95 12 1 57 65 69 4 66 1 97 77 47 0 82 71 63 32 39 72 5 8 29 77 46 43 21 80 73 ]
[ 11 3 51 6 15 5 15 32 74 19 98 27 17 76 26 17 10 98 81 42 89 53 0 97 34 77 43 77 51 75 2 62 78 54 20 45 11 87 77 37 6 28 16 75 56 43 93 66 93 26 ]
[ 60 82 31 60 31 65 38 26 95 41 1 97 3 80 3 75 77 14 62 7 3 20 35 20 96 43 63 41 61 56 19 21 90 50 34 21 67 24 47 62 65 48 60 20 80 15 47 10 82 9 ]
[ 17 85 81 4 5 29 99 68 70 60 76 89 33 66 91 19 39 59 43 38 21 60 39 33 80 19 1 27 81 83 88 98 68 22 54 26 51 53 46 22 13 23 63 99 41 55 18 81 14 14 ]
[ 19 35 74 10 21 55 30 22 34 63 5 75 62 25 97 16 51 48 22 50 22 35 73 86 86 66 41 57 99 55 71 19 42 45 29 15 52 11 37 39 27 94 14 41 72 63 9 75 11 31 ]
[ 25 86 19 50 72 5 17 13 62 16 20 85 87 14 83 69 30 35 32 19 26 59 66 92 0 90 55 10 65 19 41 43 5 12 45 77 18 14 42 32 31 14 18 70 28 1 91 10 88 24 ]
[ 30 67 35 48 59 88 38 15 50 55 86 43 50 91 56 96 20 74 10 14 58 93 28 76 64 56 29 7 19 70 31 49 37 19 49 48 7 87 63 57 94 1 0 45 92 56 93 64 82 55 ]
[ 78 41 49 58 69 65 67 51 72 86 21 56 87 10 75 36 58 34 75 74 91 69 75 43 66 20 52 59 84 34 15 15 27 16 73 97 81 40 0 5 26 21 61 13 83 88 1 93 22 76 ]
[ 67 65 46 43 9 64 15 61 76 51 47 91 66 75 59 40 24 92 32 24 97 11 97 11 76 80 51 78 73 74 54 93 91 52 88 0 17 3 13 93 54 61 36 21 36 47 13 60 39 97 ]
[ 84 88 8 33 51 85 13 3 63 38 29 69 31 20 22 19 73 91 74 86 36 29 47 24 2 35 71 67 95 62 64 31 2 73 64 54 10 29 9 73 68 38 42 51 10 16 23 83 59 97 ]
[ 70 95 26 69 71 80 5 94 47 52 56 64 84 59 37 0 65 47 82 74 72 50 64 66 53 74 83 76 58 42 74 28 90 52 49 61 85 54 8 32 7 64 48 43 75 85 43 92 84 25 ]
[ 66 56 27 30 75 33 57 58 9 15 52 35 95 94 40 44 8 25 51 16 9 58 80 58 1 8 95 96 0 32 74 19 40 1 1 15 86 58 73 96 25 78 83 20 72 23 17 80 0 68 ]

Running merge sort algorithm: 
Timer (sort): 143ms real	140ms user	0ms sys
The output is sorted!
[ 4 0 24 8 15 51 22 37 5 36 88 21 53 86 23 8 61 12 17 14 19 1 20 44 90 86 10 26 52 13 25 57 13 49 17 29 52 39 18 9 27 6 30 80 45 5 89 6 17 6 ]
[ 35 43 9 21 1 49 28 81 7 39 3 33 20 37 14 48 25 44 8 37 51 65 51 24 18 45 89 43 4 11 15 40 7 24 13 60 26 41 41 33 80 45 66 1 34 32 1 12 29 9 ]
[ 70 46 32 26 0 44 14 39 23 34 62 6 73 43 26 13 14 17 4 20 39 1 77 94 44 32 75 71 61 10 7 31 8 91 9 61 36 23 0 11 9 14 17 35 10 43 48 24 12 4 ]
[ 47 23 61 31 26 48 4 12 45 13 14 14 6 13 19 77 72 43 13 15 43 1 13 78 39 38 9 61 5 38 44 52 61 5 35 40 5 92 4 2 5 70 16 63 35 36 92 7 31 5 ]
[ 89 10 12 40 3 0 11 3 36 36 30 11 0 12 76 17 10 31 99 50 7 40 3 51 73 0 58 10 38 12 50 27 22 15 19 25 67 30 80 4 18 63 15 18 27 43 88 37 75 39 ]
[ 72 7 34 47 85 12 9 1 10 31 2 58 13 2 89 36 41 35 11 19 76 56 91 64 10 19 0 42 1 3 68 25 10 2 25 47 14 34 48 24 65 2 34 30 5 75 66 46 10 29 ]
[ 52 3 98 10 19 65 2 51 53 92 1 31 23 21 21 6 49 29 50 35 6 55 59 24 4 53 34 2 21 31 2 25 34 53 36 5 18 90 56 23 35 9 7 58 82 28 16 32 10 19 ]
[ 62 11 20 0 29 15 56 27 19 0 24 30 16 50 15 47 3 92 11 25 23 47 49 31 34 89 69 71 64 9 12 78 20 32 79 1 47 35 81 66 35 5 48 4 7 15 3 11 7 14 ]
[ 81 12 10 1 4 68 86 1 34 46 18 45 54 27 22 10 43 12 48 54 60 3 34 19 22 97 63 4 91 38 69 24 2 80 26 6 0 12 8 86 11 26 31 17 5 6 28 48 18 28 ]
[ 56 46 33 31 16 10 37 13 9 25 55 76 75 6 1 40 3 21 58 44 49 22 30 8 1 1 27 47 24 1 53 81 47 38 64 64 1 1 29 10 27 84 38 2 42 40 94 46 13 4 ]
[ 19 29 98 35 25 46 9 30 2 69 93 43 37 43 4 38 6 64 0 5 74 5 15 33 48 6 38 5 4 26 67 23 7 17 11 33 63 20 63 18 90 8 61 79 51 17 17 9 33 18 ]
[ 42 14 45 2 22 9 19 11 34 37 40 28 51 80 64 0 60 33 40 3 26 0 32 54 75 69 46 4 11 28 75 5 43 21 8 17 82 79 28 17 16 20 45 20 52 9 20 13 94 12 ]
[ 17 76 39 12 41 28 73 41 0 8 37 20 47 39 24 76 6 28 37 41 33 26 10 47 26 67 13 10 28 11 30 46 87 21 10 28 50 35 21 50 43 58 22 43 49 46 19 8 26 8 ]
[ 62 31 17 7 6 99 46 13 32 8 92 40 19 2 95 59 14 42 25 12 29 56 14 3 45 55 93 17 85 32 16 0 16 33 7 22 32 6 36 16 14 80 8 33 34 4 44 48 46 22 ]
[ 18 37 83 12 21 71 52 72 22 11 61 32 40 2 31 11 19 10 24 8 85 10 26 9 72 27 33 58 14 38 34 33 28 69 97 1 40 2 73 14 13 34 46 6 36 29 17 7 39 41 ]
[ 30 22 44 2 81 99 1 38 61 44 26 23 45 40 25 45 46 88 58 47 57 29 34 30 65 29 9 15 27 46 9 10 21 5 12 2 57 14 40 18 10 19 41 55 59 18 0 5 59 11 ]
[ 10 50 74 1 5 86 32 86 91 27 66 91 58 12 44 8 98 4 12 0 94 11 1 12 11 40 0 99 3 7 9 14 57 83 15 14 21 0 53 12 79 19 4 37 31 0 46 29 5 10 ]
[ 7 30 31 7 38 66 40 30 12 99 23 30 24 32 17 1 27 29 20 4 18 0 18 24 26 61 48 44 4 33 16 64 15 47 71 6 65 63 36 77 14 11 7 90 43 24 92 22 5 64 ]
[ 3 22 84 0 51 3 38 10 6 61 44 8 55 2 0 8 10 28 1 15 14 9 23 22 59 38 75 95 99 63 49 54 37 85 7 41 41 45 51 47 6 47 55 13 1 8 22 11 36 75 ]
[ 31 47 35 51 44 62 69 47 10 44 77 49 16 51 44 31 6 6 1 39 69 4 5 0 6 28 66 88 3 38 6 35 85 94 86 29 8 7 28 18 3 5 19 19 8 16 2 67 74 3 ]

Timer (generate): 356ms real	320ms user	20ms sys
[ 58 61 18 17 78 96 21 51 41 74 94 44 17 55 80 90 53 46 37 79 2 37 8 35 60 97 51 96 39 4 60 98 17 78 15 95 26 89 98 68 63 44 64 33 51 45 23 4 43 60 ]
[ 36 97 50 44 32 10 41 35 6 81 91 66 31 8 45 46 55 71 87 5 91 51 1 56 36 52 53 59 8 96 72 44 45 22 88 29 32 30 64 91 63 7 57 94 15 54 92 22 26 80 ]
[ 27 69 83 80 77 19 32 30 30 40 78 54 37 23 76 25 52 61 7 68 52 22 75 61 68 90 16 61 64 94 93 43 63 76 23 41 47 7 71 29 48 2 84 85 25 60 62 78 73 22 ]
[ 46 77 44 22 39 13 64 55 26 81 49 19 24 64 47 0 57 94 7 81 23 55 83 59 92 8 72 55 38 45 29 85 23 73 59 62 86 75 69 64 56 70 83 81 86 30 81 44 76 88 ]
[ 25 52 96 8 11 40 68 83 47 7 29 76 44 4 50 3 18 88 78 87 53 35 9 88 68 95 19 1 91 47 41 16 99 37 76 63 30 97 46 77 4 27 6 48 83 56 3 1 96 81 ]
[ 40 1 68 49 90 36 97 61 89 88 8 31 57 60 68 33 23 50 82 21 28 86 49 34 86 32 42 89 86 90 23 26 44 43 28 34 80 77 47 69 65 7 52 74 67 73 60 42 23 42 ]
[ 64 3 29 13 89 67 97 31 57 35 74 32 14 18 75 42 4 7 19 51 29 36 58 81 11 78 54 71 20 30 65 84 33 94 49 23 14 99 6 23 34 80 55 48 50 82 42 54 90 13 ]
[ 57 71 50 16 4 13 46 59 36 66 89 1 3 74 48 4 97 62 3 4 37 90 36 92 38 87 26 33 41 16 46 51 39 48 19 44 61 65 55 49 83 96 3 86 70 51 91 68 65 46 ]
[ 24 2 36 60 46 75 47 72 8 41 41 6 92 80 55 11 76 68 76 31 18 11 27 21 98 50 24 41 18 41 87 42 43 24 2 89 51 2 13 11 43 54 17 87 87 24 98 63 93 26 ]
[ 95 63 89 74 36 87 24 60 80 94 1 68 36 96 44 91 37 95 45 50 6 88 57 75 27 44 0 77 7 45 55 54 8 44 81 44 32 5 56 64 52 9 32 88 57 76 31 94 23 76 ]
[ 96 81 16 53 57 43 97 9 20 57 54 75 11 14 20 92 10 4 50 18 68 2 79 53 42 36 81 26 82 5 2 78 86 71 84 95 14 33 4 87 90 10 14 2 76 34 46 38 90 96 ]
[ 56 11 50 87 16 93 23 97 19 57 2 73 36 41 44 72 36 11 5 41 50 96 3 64 50 32 51 96 70 41 93 79 4 43 66 20 88 90 18 59 99 72 33 35 13 29 59 50 40 65 ]
[ 43 90 13 98 7 63 30 58 59 53 51 4 32 56 48 98 28 88 40 98 48 40 71 33 27 36 62 87 38 55 4 33 97 17 32 4 80 14 62 91 67 66 96 99 22 44 50 2 84 42 ]
[ 1 32 82 24 65 62 12 80 49 51 35 5 84 32 22 68 37 54 83 51 45 2 17 41 54 91 37 4 94 22 46 47 6 81 23 24 43 35 4 44 38 39 49 23 71 23 91 60 29 26 ]
[ 64 26 29 81 20 83 25 57 39 71 31 85 70 90 18 93 14 61 80 18 57 19 57 58 94 80 33 85 93 62 64 57 41 93 90 61 28 15 18 67 38 2 4 8 92 23 1 6 36 34 ]
[ 76 46 53 33 4 47 65 38 84 58 52 48 67 93 93 58 6 21 25 77 40 64 79 45 24 23 20 78 81 8 12 57 54 65 42 59 12 7 49 48 18 53 97 85 47 42 95 5 16 21 ]
[ 82 56 37 61 53 61 84 25 91 17 34 3 74 40 68 16 99 32 76 0 81 94 54 30 31 53 72 27 58 88 0 41 97 37 54 2 50 91 28 42 8 14 45 83 54 66 51 54 50 79 ]
[ 6 31 73 60 13 5 13 86 84 24 26 84 65 75 21 71 78 23 62 6 17 71 20 15 6 74 81 9 80 31 89 87 15 14 99 28 71 65 66 55 89 45 39 6 20 12 77 98 88 92 ]
[ 4 5 63 76 72 21 3 53 82 83 37 71 22 4 38 22 84 9 39 51 17 28 96 8 86 16 73 15 67 61 7 71 18 22 0 91 95 3 96 78 38 85 1 61 89 39 35 74 1 74 ]
[ 77 18 54 25 78 40 41 51 7 8 64 67 32 83 41 32 26 37 87 22 15 25 60 16 86 49 8 73 75 9 47 4 79 53 29 57 45 23 61 53 83 25 20 15 60 13 99 86 50 38 ]

Running merge sort algorithm: 
Timer (sort): 136ms real	130ms user	10ms sys
The output is sorted!
[ 25 74 6 1 23 80 14 7 71 9 48 61 63 14 23 26 10 20 49 15 8 33 27 1 27 1 11 80 73 51 2 51 77 61 52 0 41 18 7 12 27 8 25 42 22 1 69 32 21 18 ]
[ 6 8 84 47 47 10 13 83 15 43 27 13 15 0 20 15 87 2 15 9 51 7 57 25 57 7 48 65 49 43 6 7 3 43 7 2 5 20 85 20 63 12 86 30 13 6 45 52 60 12 ]
[ 63 3 25 3 10 12 33 54 5 69 48 17 2 65 65 62 1 6 9 25 11 6 97 49 3 54 25 28 7 49 41 23 4 19 26 67 31 12 21 36 81 21 5 35 38 22 98 40 28 7 ]
[ 53 9 11 4 24 11 2 5 61 44 13 40 10 28 57 29 80 19 28 37 63 21 2 67 1 97 9 7 50 23 38 55 32 49 12 8 60 14 14 74 10 79 14 20 59 23 1 39 43 29 ]
[ 18 44 8 17 41 27 15 38 28 41 1 48 89 15 23 61 21 18 57 2 10 29 26 65 11 6 66 17 8 58 36 27 3 96 44 44 76 11 34 4 52 35 5 41 3 28 2 24 98 11 ]
[ 82 3 22 41 62 25 16 38 7 4 45 19 14 19 10 46 87 16 64 2 80 3 17 8 63 19 63 60 92 7 2 26 10 24 19 24 2 36 14 9 40 11 80 6 30 90 4 17 58 68 ]
[ 24 5 37 14 28 11 56 14 53 5 68 58 40 97 60 10 8 3 32 40 56 15 60 34 6 50 68 66 25 23 37 2 29 26 16 9 37 25 75 42 30 43 0 23 41 12 33 1 16 66 ]
[ 6 21 30 33 63 19 13 52 38 5 18 41 73 92 11 78 0 10 45 84 16 24 13 80 4 23 23 7 42 91 18 48 64 0 33 27 19 47 31 58 4 1 51 30 46 14 8 46 25 6 ]
[ 24 35 12 45 13 7 1 2 3 19 0 30 68 36 7 67 8 41 24 55 77 60 11 39 74 44 50 0 84 16 43 8 3 8 6 68 15 7 70 70 26 23 0 46 59 59 13 68 0 89 ]
[ 36 84 61 31 46 12 50 40 0 73 11 0 14 56 36 22 4 53 83 13 19 10 60 24 1 10 68 62 17 27 33 5 63 47 36 62 11 38 2 11 11 65 63 77 22 0 0 26 5 35 ]
[ 87 46 22 55 29 53 53 9 18 50 19 29 10 8 60 1 26 14 68 35 80 14 2 30 95 68 11 48 16 13 40 3 12 14 10 41 19 15 2 38 17 21 19 28 81 32 29 60 46 49 ]
[ 76 19 35 9 15 14 31 23 27 93 43 2 57 7 19 53 37 31 62 66 6 63 16 16 17 39 77 16 43 41 22 19 60 9 28 28 24 12 51 3 5 46 5 14 54 24 67 91 8 30 ]
[ 9 19 58 37 17 23 1 28 39 19 35 3 25 89 36 26 30 3 13 81 35 3 7 49 3 11 41 45 70 84 50 80 4 8 69 21 32 71 1 23 42 88 27 20 29 63 46 12 18 11 ]
[ 47 2 32 16 48 30 25 27 30 2 4 8 37 37 13 7 66 8 10 56 5 28 11 39 32 16 28 33 69 59 43 16 13 27 32 61 57 10 88 88 12 44 48 2 81 62 61 0 22 72 ]
[ 41 42 17 38 45 25 47 21 19 56 10 11 25 16 44 7 10 4 2 93 56 47 40 75 16 48 33 96 30 69 42 24 11 11 62 9 36 9 30 7 18 92 18 43 60 14 2 70 18 5 ]
[ 91 77 34 40 9 31 28 52 30 13 7 2 24 24 27 22 45 35 22 37 11 1 18 86 17 35 88 40 72 75 3 15 53 37 7 14 20 35 18 3 0 25 5 24 50 33 47 47 68 69 ]
[ 27 14 0 10 43 4 48 21 14 98 34 85 29 63 7 41 43 69 29 18 50 25 97 0 28 63 12 15 32 42 5 11 8 6 21 3 62 22 24 28 20 58 13 2 21 73 95 17 94 24 ]
[ 57 33 14 6 88 58 34 31 40 70 68 6 56 8 5 46 9 79 54 7 8 12 8 1 35 37 77 0 2 10 37 11 43 4 17 83 14 3 14 54 74 35 12 82 43 17 80 4 48 34 ]
[ 34 3 14 52 49 46 64 65 41 4 28 35 47 35 33 15 65 65 31 3 12 3 16 6 32 27 76 19 78 4 35 65 7 1 17 9 47 33 26 41 38 54 28 37 42 61 5 7 78 36 ]
[ 54 26 56 93 8 62 20 15 44 10 66 6 23 57 21 27 26 43 33 13 35 70 2 24 60 1 90 32 28 23 47 35 1 4 28 9 18 48 24 14 10 42 20 34 51 42 61 30 37 47 ]

Timer (generate): 314ms real	270ms user	30ms sys
[ 20 97 35 14 74 28 24 59 66 49 61 72 78 60 51 50 86 55 57 16 97 97 12 72 47 87 98 5 34 53 19 6 50 55 20 76 35 97 35 1 46 97 25 24 57 28 26 43 84 84 ]
[ 12 33 81 76 5 80 63 56 86 49 9 5 7 11 12 27 87 48 76 22 1 22 71 27 99 81 55 25 76 91 9 88 24 43 16 82 23 79 38 9 80 47 67 87 58 79 67 45 79 95 ]
[ 19 81 70 91 60 69 72 67 46 48 59 8 89 35 51 5 17 74 37 55 36 69 54 55 57 12 86 76 9 66 71 29 99 41 72 59 62 44 26 9 44 37 69 85 73 20 91 90 46 80 ]
[ 98 34 49 52 41 58 65 28 34 26 46 58 55 45 99 79 56 14 75 34 23 72 72 44 57 97 16 48 87 62 80 37 49 30 90 90 40 7 70 75 33 16 33 41 13 84 20 69 98 48 ]
[ 4 73 20 28 17 77 25 33 78 64 48 58 2 49 40 92 39 81 51 10 8 84 78 93 77 92 77 50 13 28 98 69 1 18 97 71 95 74 4 25 39 4 84 93 53 76 37 93 57 88 ]
[ 55 17 72 33 10 2 77 88 52 91 16 50 60 69 68 10 40 15 84 45 41 75 49 25 68 55 53 5 48 63 93 55 80 18 40 91 20 18 79 72 61 47 74 21 16 42 83 9 57 20 ]
[ 54 50 47 55 27 16 10 81 73 10 44 19 65 24 37 6 15 9 76 46 33 37 93 7 10 62 1 94 71 58 66 77 9 13 84 88 81 47 69 55 57 13 74 75 90 63 33 5 72 9 ]
[ 52 57 98 97 64 8 59 65 54 82 75 72 59 36 86 44 25 67 91 46 74 0 60 0 27 50 63 12 7 87 73 59 44 71 9 60 32 68 77 86 3 5 59 62 93 97 58 18 16 1 ]
[ 17 43 54 77 43 81 79 7 94 38 46 67 50 43 91 59 3 23 79 33 9 82 38 20 45 31 69 55 2 38 57 19 81 11 48 24 92 79 31 38 17 30 58 67 73 49 78 28 72 58 ]
[ 61 33 40 51 6 37 83 75 93 37 65 2 8 46 13 56 71 57 87 54 48 56 84 6 24 57 7 54 38 79 12 99 64 5 51 70 94 86 98 39 23 63 41 31 62 6 39 33 16 78 ]
[ 39 64 34 24 22 10 33 29 65 71 8 29 23 24 34 74 95 29 12 45 68 35 60 62 18 22 68 9 55 84 87 95 0 73 71 22 84 56 51 1 80 11 30 3 36 65 29 83 46 41 ]
[ 28 66 28 88 28 98 11 97 59 18 33 98 65 34 71 88 56 55 97 60 56 29 71 39 84 59 4 13 42 2 6 22 68 86 63 49 84 26 98 43 44 31 41 62 17 64 2 74 72 99 ]
[ 86 28 28 57 67 12 69 23 77 11 77 35 86 46 21 49 95 57 75 93 0 71 76 93 33 94 10 88 20 82 87 6 62 68 15 82 80 84 5 10 96 35 45 82 81 67 83 28 24 58 ]
[ 73 77 29 1 22 15 95 32 3 67 14 42 73 77 10 89 59 43 73 16 53 21 51 98 55 84 17 38 64 42 48 37 71 30 91 93 45 86 26 0 6 92 94 79 69 5 20 80 0 94 ]
[ 49 5 67 52 3 23 37 73 13 1 15 62 91 38 92 34 31 89 72 9 41 78 2 35 58 23 92 78 4 44 24 5 49 44 57 53 67 46 78 32 0 93 94 91 83 38 77 14 79 49 ]
[ 24 72 28 78 8 86 1 52 16 57 97 93 62 46 37 72 51 56 18 29 88 18 74 35 61 57 25 38 24 5 88 0 77 16 78 37 54 79 42 70 89 39 15 51 37 52 75 89 8 94 ]
[ 70 49 12 97 84 74 54 9 64 30 66 52 30 96 68 8 85 74 40 27 45 29 18 60 32 56 65 8 97 73 2 19 22 66 16 58 92 71 20 57 53 38 9 84 34 30 92 72 4 84 ]
[ 99 1 13 18 14 98 26 79 58 23 4 60 42 79 78 59 37 71 82 9 80 35 48 41 71 34 71 64 6 28 48 6 29 14 76 43 12 2 74 70 77 79 82 71 58 12 82 47 35 16 ]
[ 57 15 4 5 57 75 91 80 91 98 8 40 56 38 6 32 33 70 86 8 40 15 39 74 86 97 86 21 96 74 37 53 89 41 10 98 17 2 79 60 52 87 0 8 25 58 92 11 28 30 ]
[ 71 20 45 10 94 83 59 33 4 55 7 42 61 48 35 23 47 4 77 26 65 29 13 17 89 91 76 33 54 4 63 25 77 8 35 71 44 94 56 48 1 15 42 62 64 78 86 63 34 15 ]

Running merge sort algorithm: 
Timer (sort): 127ms real	130ms user	10ms sys
The output is sorted!
[ 16 31 34 19 10 36 95 6 82 1 13 95 40 27 49 52 26 6 24 21 99 19 32 12 16 28 9 79 31 9 7 47 40 41 18 2 30 14 9 12 67 22 7 7 1 9 60 27 15 36 ]
[ 64 20 64 61 15 2 36 22 95 6 2 59 6 27 16 22 57 81 13 39 3 7 82 68 27 18 32 20 37 61 58 1 33 22 14 48 25 2 22 20 9 24 32 15 51 0 37 60 33 3 ]
[ 50 36 58 96 39 16 58 2 35 35 0 24 13 62 16 6 18 17 23 40 65 28 10 77 56 26 33 39 16 34 48 18 22 6 14 62 74 24 16 10 11 17 34 25 79 2 31 50 19 6 ]
[ 82 2 50 55 84 48 8 16 11 45 31 34 62 27 19 27 89 5 46 49 56 6 20 11 9 56 39 26 21 1 51 4 3 2 11 39 2 71 55 13 16 38 0 30 65 19 9 55 76 8 ]
[ 40 72 59 7 51 18 42 28 11 34 13 23 49 2 13 7 49 29 6 72 13 35 21 10 38 3 36 48 80 32 31 20 4 42 27 7 61 21 35 24 7 0 47 57 54 60 64 55 41 22 ]
[ 96 50 53 5 21 4 25 20 96 11 1 45 53 48 3 79 12 32 59 67 86 11 5 79 14 34 56 18 32 10 14 28 13 19 33 34 23 11 54 19 22 8 17 27 8 72 58 20 5 17 ]
[ 66 6 21 3 48 12 8 3 10 40 68 91 92 78 3 96 20 20 44 82 34 16 14 2 43 41 31 35 85 44 62 51 2 36 6 3 0 15 6 10 7 26 2 0 4 57 48 24 77 44 ]
[ 96 22 1 83 30 8 80 20 12 26 18 41 20 19 6 36 12 52 57 0 47 16 29 1 9 7 38 1 33 26 22 29 0 75 13 30 83 45 3 96 23 21 89 44 93 48 32 5 0 41 ]
[ 2 52 58 18 11 46 7 22 0 39 31 0 14 10 37 62 0 12 43 36 48 21 12 40 88 76 30 32 61 24 1 63 28 11 82 40 58 41 14 58 80 46 10 46 8 47 8 60 11 4 ]
[ 90 76 24 15 68 19 17 29 16 67 70 6 3 21 20 46 0 63 33 44 52 20 68 76 2 13 1 58 29 32 25 19 8 49 35 29 21 52 58 37 19 28 96 22 1 16 21 1 31 6 ]
[ 3 25 12 19 99 20 28 51 74 19 23 13 15 55 13 3 14 58 20 54 9 10 66 15 88 20 49 31 36 41 29 39 19 41 10 18 61 39 69 87 10 92 0 26 0 13 81 14 24 1 ]
[ 1 25 8 81 81 34 82 29 22 4 21 22 2 25 39 79 22 33 26 26 4 25 50 27 77 10 22 18 48 19 41 50 44 49 83 25 35 65 6 57 21 28 80 24 5 19 3 27 4 29 ]
[ 18 80 71 31 16 25 34 3 7 21 28 20 27 7 44 20 66 62 31 38 17 1 2 57 1 93 18 39 13 75 20 31 8 91 14 24 68 49 28 27 70 8 47 49 15 44 22 33 6 53 ]
[ 50 6 66 59 17 5 31 76 14 25 1 62 35 38 75 54 81 33 14 46 13 35 13 9 16 29 3 50 4 55 39 6 13 5 65 30 11 96 6 25 22 59 39 9 97 14 15 79 0 29 ]
[ 5 75 32 19 9 6 38 21 33 12 1 41 43 42 6 70 50 15 86 5 9 12 14 35 34 5 66 71 35 63 51 40 39 35 12 0 41 50 21 26 63 74 67 58 16 26 29 19 41 15 ]
[ 25 55 28 22 24 53 46 52 41 0 76 48 9 37 36 47 6 8 51 30 15 34 56 32 81 53 8 85 12 15 27 37 71 7 11 47 60 9 51 53 10 27 1 19 16 37 18 22 46 22 ]
[ 19 64 53 62 3 2 37 1 92 16 82 12 14 60 22 37 2 34 2 1 84 49 65 10 17 0 7 22 3 84 19 22 48 24 84 4 26 74 5 18 90 87 30 4 0 4 94 2 38 48 ]
[ 15 54 57 45 26 46 7 16 15 45 3 23 62 26 18 4 21 21 53 57 3 72 69 32 92 52 70 49 36 99 39 4 6 49 1 32 47 8 48 14 6 3 38 20 81 8 25 3 29 30 ]
[ 0 4 29 55 48 62 65 52 10 6 54 64 16 55 73 97 24 57 1 30 22 17 22 14 54 55 41 89 51 8 11 3 13 93 10 13 7 28 17 18 34 72 34 50 27 8 47 3 17 0 ]
[ 39 14 26 45 2 16 30 58 58 86 19 48 28 99 19 15 83 15 17 61 20 86 0 1 64 42 12 22 11 5 17 2 19 43 47 73 11 77 32 69 16 3 18 44 3 89 11 38 4 28 ]

Timer (generate): 311ms real	290ms user	20ms sys
[ 92 23 83 47 94 81 73 53 4 97 83 86 51 56 43 38 73 24 34 29 68 18 17 22 55 14 12 3 97 97 72 42 72 55 89 18 89 14 72 45 11 55 83 15 63 26 53 88 2 88 ]
[ 17 23 6 86 97 13 1 61 68 50 11 41 92 83 48 34 54 89 48 26 35 60 33 18 75 48 97 28 37 51 68 6 26 26 93 23 39 46 85 8 48 48 1 41 31 49 75 85 39 23 ]
[ 63 26 35 48 96 62 97 93 43 86 97 11 44 23 90 37 47 81 35 84 89 84 32 42 77 15 92 4 53 83 27 68 61 15 17 57 77 66 3 72 52 0 36 96 75 26 86 22 7 73 ]
[ 58 49 9 42 91 86 58 35 90 11 70 70 79 31 37 48 89 14 14 44 39 66 96 75 15 71 53 1 46 60 26 4 61 36 47 5 74 5 92 17 68 63 87 99 46 24 48 87 90 62 ]
[ 31 29 81 27 56 96 51 9 49 97 22 75 1 83 63 0 40 38 57 85 55 25 0 94 77 46 70 25 34 60 39 17 42 72 97 50 20 48 60 69 45 82 97 98 17 12 99 10 50 56 ]
[ 95 57 34 95 51 11 93 21 88 79 34 79 97 28 52 46 78 72 94 90 94 91 72 43 89 90 55 40 52 58 97 47 15 31 94 19 94 87 92 34 67 78 13 16 6 65 62 37 90 8 ]
[ 27 36 51 52 79 40 94 34 33 46 44 30 45 60 13 39 79 59 26 23 93 45 2 6 61 8 24 75 97 14 35 77 50 86 29 81 79 75 67 12 21 12 94 66 24 59 57 55 18 83 ]
[ 78 11 81 80 69 94 41 45 22 90 11 57 67 61 96 48 94 27 75 62 91 96 26 85 14 50 96 23 5 14 7 35 77 40 16 98 34 9 44 56 99 55 14 67 69 62 67 63 89 43 ]
[ 77 32 91 3 17 58 5 13 81 10 79 40 46 8 80 14 6 15 23 50 23 22 58 89 41 27 51 61 42 92 56 20 24 47 75 93 57 81 58 91 43 37 31 41 45 64 55 4 31 78 ]
[ 6 54 53 64 44 46 43 95 7 86 40 63 58 64 63 85 58 72 66 16 63 10 6 47 51 3 11 59 7 42 89 66 96 42 30 92 41 74 40 0 12 80 16 22 44 79 7 54 3 74 ]
[ 23 67 36 29 14 39 84 77 98 92 71 88 58 19 82 40 12 23 66 52 24 30 32 40 52 28 71 60 83 74 86 58 93 74 87 59 13 71 88 64 15 59 52 25 79 86 18 91 62 84 ]
[ 43 38 67 27 30 19 55 1 31 90 27 17 48 73 91 87 84 57 11 73 21 26 32 25 4 11 63 22 54 25 58 97 63 25 76 93 45 84 46 28 26 26 98 27 99 89 14 83 98 77 ]
[ 56 71 4 41 96 60 52 60 82 7 37 40 56 1 18 85 46 63 69 93 43 95 71 41 74 70 83 41 5 81 18 14 53 74 55 1 34 59 61 68 66 99 9 75 52 27 60 98 42 81 ]
[ 43 85 28 14 27 3 36 10 44 94 43 14 8 96 89 15 98 23 74 11 92 93 10 53 20 14 32 32 13 26 13 8 11 93 75 90 96 11 52 92 5 96 7 65 44 96 32 94 71 7 ]
[ 6 15 52 68 20 72 35 52 4 0 78 69 8 42 62 83 84 59 47 89 3 4 37 62 70 33 10 2 28 82 61 86 49 13 6 70 37 41 74 41 41 5 62 2 47 25 85 83 36 32 ]
[ 72 39 37 61 2 59 95 12 13 23 46 75 61 96 40 67 18 30 61 92 23 54 97 86 56 96 11 42 32 47 26 4 38 63 66 92 74 61 5 88 36 3 15 97 51 7 16 69 37 29 ]
[ 14 13 84 11 99 40 60 62 34 92 61 61 96 99 76 14 92 51 27 49 91 15 52 58 64 56 17 33 77 7 62 91 20 46 3 19 87 63 33 73 7 94 34 55 93 63 70 37 66 49 ]
[ 86 57 17 91 67 81 99 84 14 76 91 77 68 11 75 23 82 14 38 15 88 45 61 74 0 7 37 22 44 3 24 83 12 41 26 31 74 25 16 41 1 59 18 69 23 45 92 5 60 82 ]
[ 73 48 27 34 22 28 41 12 50 38 67 74 21 80 67 47 63 42 72 79 83 25 91 53 95 14 98 39 19 10 22 44 58 1 31 33 29 24 45 32 62 12 58 35 44 78 82 8 20 6 ]
[ 39 55 32 30 60 79 44 10 70 16 21 44 60 79 46 43 64 27 68 9 11 82 74 70 18 18 0 0 78 72 59 18 27 91 48 39 70 45 49 92 61 70 37 21 2 83 65 66 10 85 ]

Running merge sort algorithm: 
Timer (sort): 130ms real	130ms user	0ms sys
The output is sorted!
[ 20 97 6 25 33 7 4 46 68 4 12 8 45 8 13 61 10 7 67 28 64 15 19 54 52 11 53 41 2 10 64 22 7 22 0 92 81 4 38 50 9 3 10 6 63 23 19 26 31 87 ]
[ 20 14 15 13 8 2 32 19 96 1 4 6 96 18 6 50 67 19 42 67 94 40 8 27 55 8 83 7 38 39 42 58 6 10 23 14 12 55 33 8 8 89 66 4 8 24 6 27 44 48 ]
[ 11 13 0 27 71 37 40 16 88 5 96 20 28 37 58 32 0 43 9 1 12 8 17 46 40 14 3 10 10 19 63 22 32 64 1 4 1 93 20 41 50 16 14 30 5 72 62 58 67 72 ]
[ 18 7 1 40 11 11 8 41 91 56 42 21 24 9 44 10 10 18 5 2 29 43 70 10 9 53 25 16 91 2 48 9 10 1 1 21 64 61 62 55 18 57 76 42 18 72 52 29 90 10 ]
[ 86 12 84 5 14 20 12 18 54 4 21 13 60 30 0 67 9 37 28 16 37 20 74 27 30 53 51 37 93 9 51 31 22 36 89 36 8 1 6 14 5 28 27 18 58 79 37 20 17 17 ]
[ 27 20 34 33 74 11 12 77 14 14 95 5 31 6 26 77 3 26 3 60 66 37 3 31 40 24 53 8 56 37 6 83 9 92 16 36 3 29 13 17 43 8 74 26 67 0 4 22 27 59 ]
[ 77 16 39 72 5 20 56 13 75 35 57 10 3 8 2 47 3 90 4 93 18 21 45 87 71 21 2 43 15 48 11 44 16 3 16 21 23 25 86 50 12 44 61 15 4 15 14 7 5 70 ]
[ 9 27 20 56 18 17 5 3 7 11 0 70 8 94 24 42 10 2 63 19 27 52 30 78 76 43 67 54 39 0 16 1 27 88 57 98 5 14 1 12 77 53 34 37 0 10 79 10 12 42 ]
[ 23 15 37 41 18 23 23 5 4 3 79 2 18 1 47 37 58 68 49 47 7 50 75 23 2 18 7 59 52 8 32 75 23 21 69 93 44 44 51 0 48 30 3 66 31 2 3 41 70 5 ]
[ 49 0 2 93 37 86 94 50 59 56 6 7 53 79 42 21 38 18 2 16 7 35 0 3 48 44 60 13 6 10 27 7 62 29 1 99 15 47 1 26 3 7 34 8 39 28 29 77 47 31 ]
[ 70 12 39 12 12 18 0 33 12 13 14 54 45 34 28 2 24 59 27 6 1 74 15 35 89 71 86 40 35 16 10 57 80 1 21 45 19 21 30 31 34 44 86 31 79 14 34 3 25 13 ]
[ 7 14 51 31 42 5 44 61 25 12 91 28 20 2 4 7 53 3 39 34 52 43 31 6 74 5 23 77 10 3 93 17 18 97 48 12 54 44 25 31 9 69 12 29 23 16 36 28 71 27 ]
[ 37 45 87 34 25 1 46 36 8 20 9 20 60 89 18 27 2 75 37 8 51 1 5 18 69 21 80 3 34 7 21 23 4 9 57 29 62 56 65 23 76 26 43 37 15 62 16 17 37 5 ]
[ 23 80 62 43 7 15 4 2 44 58 27 86 30 7 70 14 88 12 42 32 22 21 17 25 13 24 19 53 33 31 31 9 11 45 4 70 60 8 24 4 19 51 43 1 59 65 15 47 78 9 ]
[ 32 0 7 40 1 24 65 33 19 81 42 87 0 93 44 46 19 37 69 6 7 78 56 36 67 62 8 27 38 14 28 70 14 35 62 16 12 27 1 31 8 43 18 60 36 15 6 7 4 27 ]
[ 7 81 24 23 33 8 99 10 17 46 77 63 20 70 7 34 29 31 5 55 6 6 4 20 33 19 1 15 27 57 2 34 39 26 57 72 86 8 34 4 6 11 67 78 81 27 13 63 10 18 ]
[ 19 35 14 6 63 29 0 81 0 6 73 8 19 6 10 10 97 92 12 77 48 18 47 37 99 56 12 15 30 6 63 1 41 29 8 4 58 8 38 10 66 11 18 37 69 28 48 18 72 12 ]
[ 0 8 9 46 42 4 11 9 72 29 49 9 17 21 57 96 48 16 16 25 16 18 58 51 24 10 18 52 45 26 7 45 34 68 44 28 25 55 37 97 85 39 6 54 12 15 50 12 32 19 ]
[ 5 79 8 71 21 19 81 44 10 17 11 32 12 33 42 34 19 0 9 22 22 78 13 56 51 5 0 52 76 3 53 33 83 13 4 56 32 37 0 42 7 64 26 19 97 68 6 16 20 67 ]
[ 15 78 8 33 66 2 6 22 5 27 42 6 97 9 25 13 36 64 67 46 13 13 22 11 12 20 0 23 62 1 3 77 31 11 10 98 65 17 20 22 44 62 29 93 23 6 58 11 70 77 ]

Timer (generate): 313ms real	290ms user	10ms sys
[ 37 4 54 64 52 63 35 45 45 65 68 69 27 20 5 96 23 51 86 18 31 36 90 46 38 54 18 28 34 89 58 71 45 13 88 49 28 75 94 74 40 14 95 19 35 53 68 58 4 54 ]
[ 28 35 90 71 34 80 77 4 60 11 93 19 34 90 84 74 39 12 49 34 38 42 0 34 61 35 87 29 46 91 35 26 79 77 49 65 9 26 69 70 89 62 89 76 4 25 50 43 37 52 ]
[ 29 28 94 30 62 55 17 1 37 15 44 72 94 75 2 43 40 11 70 9 81 11 23 22 87 27 47 38 23 37 90 52 17 36 34 79 91 4 32 80 19 28 53 65 4 7 9 44 18 31 ]
[ 6 52 42 29 74 30 9 74 20 32 63 62 84 80 98 19 11 41 23 95 22 94 23 27 60 27 34 21 24 4 4 30 56 98 59 83 80 68 9 0 0 72 14 37 4 64 8 67 6 83 ]
[ 62 28 77 37 7 89 65 93 62 89 97 66 19 54 65 30 37 45 51 46 98 3 70 12 40 26 77 0 93 35 83 7 15 61 44 22 2 61 15 65 50 12 83 21 18 48 4 55 46 55 ]
[ 53 44 10 75 8 51 53 37 51 98 24 35 5 39 48 2 13 50 63 28 67 66 93 51 39 63 51 43 19 97 50 24 93 61 52 54 12 5 43 15 4 68 2 61 59 2 63 73 5 79 ]
[ 1 72 97 46 75 36 10 27 32 81 76 82 57 22 43 9 28 7 67 71 23 71 91 77 84 51 80 0 24 37 79 77 9 28 76 37 64 38 16 96 19 44 79 28 66 22 90 46 82 57 ]
[ 70 5 28 61 34 12 64 66 12 40 3 43 70 65 71 46 2 88 84 18 36 55 14 15 83 81 90 25 79 72 82 49 29 62 63 15 75 79 82 39 20 37 35 90 2 58 88 56 46 72 ]
[ 26 83 79 41 50 14 74 92 40 53 16 22 3 97 85 18 13 12 97 95 3 69 32 90 59 87 49 47 43 47 71 70 82 2 11 33 17 85 77 9 90 94 83 45 91 20 63 56 84 13 ]
[ 3 88 82 88 30 42 75 31 41 18 79 65 40 61 67 3 46 36 40 24 45 31 70 29 76 13 1 92 70 86 5 73 26 39 61 56 81 36 88 75 7 67 40 99 80 7 3 79 96 43 ]
[ 3 41 26 25 22 55 38 24 47 8 10 4 82 36 43 95 44 77 84 32 52 43 51 44 42 32 3 97 11 99 93 66 41 19 43 15 26 81 39 73 42 1 29 76 89 73 71 34 50 55 ]
[ 18 54 98 70 98 93 54 1 90 17 1 35 35 94 7 78 9 33 59 1 59 1 54 88 77 44 61 1 30 63 56 48 17 7 18 67 52 72 69 94 41 22 30 76 16 89 54 25 22 66 ]
[ 78 81 67 33 22 97 77 83 98 7 99 6 55 68 65 26 36 17 50 57 64 92 79 46 68 95 35 23 72 57 89 51 91 8 84 13 57 61 48 7 20 99 66 27 68 83 53 4 53 4 ]
[ 61 17 48 40 63 16 87 98 91 59 7 32 10 98 93 46 63 2 59 64 10 79 63 28 7 31 11 12 87 64 68 0 81 16 92 96 85 79 94 28 91 2 61 53 52 6 0 68 8 59 ]
[ 32 18 39 47 98 98 31 10 62 18 74 83 19 8 51 63 4 36 43 51 17 86 5 78 39 9 84 39 77 44 99 61 15 90 9 13 40 40 23 2 10 50 85 81 10 89 45 66 25 40 ]
[ 17 42 26 74 72 65 84 8 5 13 53 56 75 20 46 36 33 38 76 9 40 38 59 78 20 21 67 65 87 44 57 57 39 83 83 63 0 67 72 5 33 77 13 8 97 11 96 82 49 24 ]
[ 91 42 62 2 72 82 23 39 99 11 35 56 20 74 91 3 90 92 23 14 49 56 91 63 16 40 74 12 22 76 36 66 18 50 68 90 33 92 81 84 55 68 93 27 95 84 30 85 76 53 ]
[ 99 26 61 42 89 77 82 15 41 56 91 77 22 61 28 43 3 13 35 84 49 42 53 42 69 0 27 51 85 3 5 84 29 18 26 70 96 60 38 37 68 81 67 43 43 47 86 46 12 73 ]
[ 83 61 15 88 4 36 88 83 87 25 86 44 9 68 63 87 90 11 99 28 0 67 10 67 10 5 66 48 3 78 21 38 40 88 26 96 24 66 79 64 43 17 8 52 37 23 91 28 34 90 ]
[ 56 87 58 18 54 20 23 21 69 27 51 90 65 43 31 44 39 7 62 70 71 6 40 32 10 77 7 2 57 94 44 66 81 54 84 35 75 60 8 96 87 60 38 4 3 69 0 95 77 63 ]

Running merge sort algorithm: 
Timer (sort): 115ms real	110ms user	0ms sys
The output is sorted!
[ 6 17 66 62 23 22 58 1 2 33 18 2 17 25 28 53 3 35 30 8 41 30 34 44 21 32 12 54 1 18 12 59 36 30 21 59 5 31 60 7 17 31 9 86 56 90 39 11 25 21 ]
[ 30 3 0 6 0 5 40 19 8 41 8 51 0 3 68 44 17 7 14 31 17 41 59 75 8 4 55 28 75 24 13 6 79 13 12 31 70 52 3 78 45 11 81 45 66 50 42 36 9 8 ]
[ 10 83 39 57 36 93 1 37 3 12 26 34 16 63 47 57 8 36 3 38 7 95 31 8 14 16 94 75 5 28 27 15 12 18 25 0 12 26 37 15 90 16 1 7 31 1 16 39 37 72 ]
[ 55 81 14 79 47 94 16 14 60 78 20 27 7 5 2 20 1 42 3 25 18 47 5 12 31 29 1 2 2 44 57 9 26 71 40 73 65 8 40 25 86 12 4 45 17 6 66 18 0 21 ]
[ 16 52 8 26 59 25 77 4 26 0 38 37 91 81 6 29 8 6 39 73 21 23 44 23 51 4 25 24 8 52 5 24 4 13 2 64 38 80 20 16 32 10 54 23 91 12 4 52 18 44 ]
[ 97 60 15 36 42 25 38 49 22 4 2 8 41 16 25 32 42 1 50 18 16 4 61 3 32 26 64 41 3 31 61 0 44 29 88 86 54 26 35 28 30 37 37 24 5 14 8 0 15 58 ]
[ 3 46 82 42 55 41 55 11 33 39 24 15 9 15 6 67 5 16 67 58 27 91 40 26 20 64 63 8 28 4 6 31 2 40 25 10 34 32 21 67 71 45 35 32 12 41 0 18 9 19 ]
[ 90 26 70 39 40 68 9 37 25 29 17 2 56 64 42 19 1 1 79 18 14 59 41 24 8 17 1 13 28 16 41 18 42 64 9 34 32 18 23 58 0 41 12 56 5 54 27 58 8 58 ]
[ 2 12 19 24 19 8 3 20 0 12 79 1 17 85 18 20 5 31 2 9 92 61 7 87 3 7 84 72 20 33 21 74 98 41 99 17 1 2 38 2 66 69 55 83 7 73 3 12 4 5 ]
[ 2 43 70 33 18 82 12 5 7 39 77 32 33 50 33 13 18 4 4 57 1 9 58 65 6 14 78 14 17 38 49 19 33 71 5 3 54 17 61 13 8 38 45 42 40 31 7 58 87 11 ]
[ 53 21 39 14 0 37 1 12 20 5 14 13 29 26 73 4 35 1 48 62 69 96 96 61 61 12 8 37 8 48 10 13 21 1 79 21 39 32 34 59 89 0 24 18 26 49 22 13 50 22 ]
[ 57 12 1 17 12 56 40 6 25 74 9 7 33 85 2 21 96 41 32 24 73 30 11 80 31 14 58 20 7 21 12 16 85 13 33 49 22 25 55 47 52 17 6 37 2 8 58 50 1 42 ]
[ 30 1 14 69 26 6 7 8 58 33 5 4 36 65 8 25 65 87 80 19 39 73 30 2 23 27 30 49 71 79 31 1 32 97 22 11 4 30 19 14 15 76 19 4 42 79 29 7 18 9 ]
[ 62 45 21 26 16 56 6 18 44 27 28 3 30 62 69 76 30 36 95 11 10 97 3 13 31 24 18 23 24 13 30 38 58 3 16 26 59 22 44 4 1 24 59 32 38 28 8 68 16 55 ]
[ 86 6 15 11 74 51 30 12 88 34 42 23 91 59 13 1 4 31 10 4 23 86 2 17 64 39 27 12 56 72 42 42 30 9 5 4 60 36 17 0 22 11 24 13 22 89 66 26 20 28 ]
[ 24 8 25 12 46 33 37 48 12 39 45 39 9 79 13 39 50 46 71 37 19 67 69 20 2 92 34 40 30 18 37 6 27 15 18 25 48 56 25 12 95 22 4 56 1 17 47 3 15 18 ]
[ 19 19 16 23 18 42 28 41 9 77 4 5 34 44 94 25 99 41 28 95 63 56 19 48 81 0 4 30 16 32 42 35 3 10 10 22 53 91 15 14 20 19 19 54 15 14 31 14 7 59 ]
[ 50 44 9 28 34 42 37 4 91 51 9 40 25 5 1 19 7 3 52 6 33 35 40 83 8 52 40 8 40 74 69 42 18 78 70 4 21 8 9 12 59 18 5 36 75 6 8 82 9 60 ]
[ 37 52 14 13 0 2 45 20 26 81 61 13 32 4 8 52 24 22 86 24 7 82 38 2 14 95 36 31 75 47 34 12 51 0 25 51 3 22 23 29 4 85 42 36 41 2 41 65 25 27 ]
[ 61 5 0 16 83 53 41 8 73 11 3 42 69 8 45 30 43 90 52 68 69 57 0 7 18 3 27 51 42 47 48 3 4 0 19 39 53 12 47 78 23 51 20 44 11 18 27 6 8 31 ]

Timer (generate): 310ms real	290ms user	10ms sys
[ 8 98 99 33 59 75 56 20 26 25 35 92 65 98 6 30 71 87 7 7 91 41 92 75 22 10 57 16 66 28 24 26 26 24 59 86 99 16 58 77 93 45 21 58 44 27 40 15 67 47 ]
[ 74 58 88 67 34 63 29 43 79 95 24 55 21 2 79 33 40 78 49 99 7 42 44 28 52 40 56 93 8 75 40 82 33 81 1 19 44 30 15 75 77 39 30 99 41 62 84 34 40 33 ]
[ 85 48 27 81 28 31 22 84 24 30 11 17 12 45 50 14 16 46 44 31 21 22 22 3 73 16 65 57 50 58 42 35 58 21 16 86 52 90 23 29 20 86 98 85 31 48 99 0 94 95 ]
[ 83 67 69 6 70 94 74 88 3 24 98 97 11 8 18 79 46 23 70 21 52 42 8 50 27 91 98 78 91 92 26 75 59 95 33 81 42 7 21 45 83 71 43 46 79 13 25 26 36 47 ]
[ 47 40 90 55 90 69 99 40 48 90 84 26 17 95 21 2 29 15 9 50 61 44 22 56 90 53 21 68 79 58 15 79 50 57 86 41 79 85 33 79 76 18 5 45 65 78 48 94 94 9 ]
[ 45 7 54 19 15 96 72 36 64 4 46 32 83 97 41 69 90 20 55 75 51 83 45 56 28 11 35 28 5 81 38 2 40 44 73 55 40 46 43 57 2 42 89 85 91 82 6 33 55 13 ]
[ 8 6 96 54 63 77 17 50 57 22 83 95 77 23 91 50 30 32 48 73 41 50 67 30 35 58 64 94 91 19 7 0 26 56 6 89 85 23 91 42 97 74 90 74 49 81 25 79 65 25 ]
[ 4 6 76 72 88 63 30 53 57 74 24 65 74 50 73 32 91 58 7 82 52 4 8 94 31 57 28 56 36 93 81 41 52 9 65 92 73 95 97 30 69 22 47 95 72 20 79 64 30 86 ]
[ 98 83 43 7 29 74 64 57 30 53 51 63 46 55 73 11 47 98 58 45 28 28 67 28 75 91 48 55 55 31 93 54 66 36 13 95 10 77 53 92 82 56 8 28 11 33 39 10 31 50 ]
[ 55 59 30 74 39 5 66 40 12 73 71 58 79 37 94 92 84 57 70 37 1 4 93 9 33 56 42 24 67 73 74 74 85 4 49 24 62 67 64 74 92 87 84 72 76 31 64 61 88 86 ]
[ 50 89 91 96 99 24 52 93 0 71 19 75 46 4 31 47 80 93 66 45 20 58 84 4 30 61 35 47 22 23 33 24 65 76 20 16 52 25 9 53 96 28 80 42 84 11 41 65 5 7 ]
[ 62 25 66 46 81 48 7 17 95 81 92 81 6 57 57 78 25 62 3 35 15 0 15 47 94 0 58 36 17 15 43 79 92 61 77 74 10 37 43 5 70 35 38 28 45 96 7 70 58 10 ]
[ 57 25 62 25 72 57 77 82 45 94 98 40 25 90 2 2 64 64 39 7 69 10 95 8 38 40 56 97 62 66 60 72 91 22 97 15 79 74 97 76 68 95 17 93 38 19 47 2 83 39 ]
[ 62 4 1 9 64 91 49 72 89 63 38 49 87 81 71 84 96 3 10 46 31 30 93 48 75 31 19 23 86 54 62 0 11 63 9 75 54 10 0 95 73 38 44 61 72 68 97 20 23 8 ]
[ 66 54 90 12 3 66 43 22 89 81 77 3 81 40 18 90 15 72 52 15 68 78 6 64 91 78 32 88 50 55 48 17 10 39 81 65 57 76 87 98 58 16 1 91 56 19 34 24 43 86 ]
[ 91 63 64 49 28 55 79 12 96 30 20 44 99 30 35 80 47 92 56 34 90 14 3 43 58 11 14 92 87 10 78 31 73 43 80 53 98 60 18 94 90 38 91 41 20 78 21 67 71 77 ]
[ 53 13 44 8 9 2 72 23 94 59 33 24 90 59 67 23 12 18 83 30 64 25 20 7 66 40 86 39 59 9 68 13 74 64 21 83 18 93 7 64 5 92 89 47 51 8 70 16 26 5 ]
[ 98 43 82 19 50 48 59 88 39 71 97 8 84 72 72 57 7 43 3 14 7 8 59 96 7 10 5 78 26 83 35 25 78 18 96 81 18 7 69 58 78 19 18 62 43 42 72 50 85 75 ]
[ 17 93 35 76 89 42 38 46 72 17 82 8 42 12 78 90 93 96 97 15 6 76 34 24 90 29 67 62 79 52 37 48 97 24 24 87 67 63 85 91 80 19 51 74 32 29 16 25 78 13 ]
[ 92 84 89 26 9 80 7 28 94 87 32 32 35 30 56 12 69 75 27 54 19 59 26 70 33 58 52 49 35 30 14 28 66 4 6 27 36 14 55 30 53 40 14 88 70 23 52 39 50 79 ]

Running merge sort algorithm: 
Timer (sort): 110ms real	110ms user	0ms sys
The output is sorted!
[ 96 14 10 19 33 36 16 53 41 44 35 21 27 3 8 3 12 25 35 38 21 32 19 83 28 10 3 30 22 1 7 19 15 69 90 0 5 6 54 46 3 89 19 30 44 27 85 57 4 21 ]
[ 58 6 20 39 47 29 77 23 28 58 34 15 74 4 3 26 51 1 33 1 80 24 3 9 59 76 43 21 81 48 7 40 6 27 31 54 8 9 29 36 19 15 3 93 19 7 72 23 8 5 ]
[ 0 30 47 42 6 93 34 73 37 43 25 4 9 3 8 11 21 22 43 38 69 24 71 5 28 56 1 7 18 0 70 18 30 69 12 88 62 46 13 0 41 38 4 51 42 64 14 15 39 9 ]
[ 7 13 21 25 16 3 16 34 5 83 68 18 24 17 53 12 12 6 24 84 62 59 32 9 39 22 24 46 17 36 77 25 1 50 2 17 53 18 4 10 2 72 80 26 42 33 90 54 40 15 ]
[ 16 23 43 96 5 39 28 35 77 49 0 41 6 56 23 57 36 55 0 18 57 56 40 2 34 36 34 0 27 43 77 43 19 20 39 24 11 20 11 41 21 12 34 27 20 10 36 8 65 36 ]
[ 2 35 22 87 39 39 60 24 54 31 13 13 46 15 24 22 26 52 12 36 33 15 37 24 3 90 57 38 13 14 4 16 1 26 3 41 65 63 17 19 47 30 33 93 46 9 15 24 14 80 ]
[ 47 62 1 15 83 14 17 93 67 30 47 10 46 24 6 11 13 28 63 3 27 4 5 76 2 33 32 45 37 22 29 36 36 30 51 20 96 20 13 16 3 12 26 49 36 84 12 1 64 27 ]
[ 14 97 19 34 28 6 10 71 26 14 4 7 39 30 19 28 12 69 18 92 51 44 71 37 35 9 13 9 5 7 7 19 4 78 5 84 84 15 56 62 29 12 22 21 43 41 49 7 62 20 ]
[ 9 14 35 10 80 8 37 13 3 0 7 93 33 60 19 20 32 39 57 11 36 57 43 79 10 21 32 7 94 94 9 3 9 44 65 41 4 2 54 59 2 13 5 36 25 24 56 58 63 14 ]
[ 65 23 54 45 97 12 24 35 17 8 5 56 52 6 8 42 37 36 26 49 17 50 37 30 19 79 57 22 68 35 8 33 58 14 31 8 26 7 43 44 15 1 52 20 7 12 14 44 0 92 ]
[ 22 59 64 75 9 31 13 13 23 66 20 40 35 10 3 31 54 69 44 2 1 57 5 0 9 16 42 71 8 4 40 30 15 57 5 76 88 19 89 11 37 62 3 24 24 6 7 78 27 52 ]
[ 50 4 36 29 18 38 38 94 13 2 74 43 70 14 18 1 45 86 0 17 1 2 2 3 15 24 49 77 56 9 68 6 13 4 88 83 42 26 78 8 28 4 3 50 70 73 3 15 11 56 ]
[ 43 37 39 32 52 60 36 17 7 27 46 4 15 15 40 30 15 53 16 0 93 21 66 56 39 58 5 33 13 58 0 8 47 39 40 0 52 29 17 59 8 16 16 23 83 56 6 50 9 74 ]
[ 55 7 2 63 68 28 47 60 47 11 8 71 26 38 30 25 42 19 73 23 46 22 79 8 16 50 57 18 13 16 22 68 23 24 31 44 5 30 4 52 41 12 23 20 2 6 45 44 25 70 ]
[ 28 35 88 57 30 33 44 10 17 34 33 71 96 22 8 77 37 6 44 8 10 12 11 51 15 61 32 25 5 37 26 34 24 15 91 55 0 35 17 17 21 2 40 69 24 48 46 13 7 42 ]
[ 80 39 64 51 19 24 11 8 9 83 0 23 8 72 37 56 50 34 0 99 34 1 35 13 60 98 2 19 20 22 56 0 13 20 3 32 45 14 40 6 49 93 29 10 65 66 18 15 0 19 ]
[ 18 41 36 20 2 5 84 5 42 10 23 92 11 11 21 69 5 23 18 78 32 25 30 92 26 33 14 82 77 12 29 47 53 18 19 7 23 55 12 65 17 36 9 29 99 30 50 4 5 20 ]
[ 53 6 15 4 24 30 35 80 36 18 65 63 0 41 38 99 18 69 6 34 53 69 31 14 0 5 6 3 7 87 17 12 94 32 17 18 14 4 50 50 74 16 66 27 57 4 26 27 25 32 ]
[ 17 19 28 10 7 3 35 34 40 59 47 68 76 10 21 2 11 51 11 4 7 21 54 13 49 11 90 77 5 69 32 23 88 12 85 95 16 20 30 8 31 29 28 7 39 49 61 3 53 24 ]
[ 2 46 10 50 29 11 91 79 96 10 4 42 7 54 4 10 66 50 2 29 20 0 54 10 38 86 38 32 14 89 41 16 35 3 18 17 15 62 96 11 72 52 5 31 6 9 42 24 11 44 ]

