Timer (generate): 14ms real	0ms user	0ms sys
[ 97 80 14 16 3 91 53 59 36 85 66 87 42 84 93 4 20 60 34 81 11 58 27 97 45 43 1 73 79 17 1 76 98 15 44 1 58 49 60 94 35 26 33 77 63 27 33 83 87 67 ]
[ 64 50 77 43 47 75 87 0 48 18 70 49 46 68 16 43 69 26 92 81 20 79 59 5 56 22 84 42 57 23 9 21 73 39 17 73 14 4 25 62 74 95 63 20 63 31 63 84 57 8 ]
[ 17 29 87 77 34 44 51 19 38 9 42 47 82 68 38 99 41 52 55 18 14 29 14 29 2 29 60 65 14 69 73 31 98 61 60 33 57 12 4 95 73 98 94 55 18 33 7 59 85 62 ]
[ 78 52 92 44 33 46 73 46 11 39 15 37 71 14 98 83 99 7 95 55 54 68 53 48 76 72 33 83 83 71 45 13 75 89 57 8 35 31 54 99 70 22 36 93 36 86 77 87 45 24 ]
[ 42 99 45 95 99 21 19 33 56 55 56 53 68 31 43 26 39 30 9 46 81 31 68 17 77 56 55 54 43 0 30 85 99 75 32 99 48 52 84 4 7 40 58 27 71 53 53 62 35 14 ]
[ 60 17 46 80 86 23 36 42 29 79 42 59 64 94 87 49 93 35 1 29 92 60 21 2 87 92 7 93 6 42 59 19 59 5 99 98 80 36 40 61 15 82 73 32 76 60 81 21 47 34 ]
[ 2 91 46 23 93 85 15 0 78 74 95 38 93 6 95 92 4 28 80 44 89 96 79 62 80 7 74 13 29 74 99 83 65 45 7 11 30 74 11 61 48 58 99 93 65 46 38 21 74 18 ]
[ 18 16 14 97 30 46 4 57 11 85 31 10 69 96 55 76 7 38 50 71 99 51 29 50 44 46 48 82 20 75 1 38 43 67 35 73 66 91 30 77 29 13 88 50 62 95 26 69 33 28 ]
[ 92 84 31 74 86 28 72 35 62 92 62 63 30 5 83 17 78 49 9 61 78 38 26 66 88 88 14 66 10 47 46 54 84 30 28 22 58 53 57 20 45 71 36 28 76 71 45 7 20 54 ]
[ 68 50 44 46 17 84 35 31 50 97 30 49 51 66 79 32 89 37 85 98 9 30 70 45 10 46 16 56 53 88 62 73 39 7 20 8 91 7 91 94 4 73 95 55 40 74 87 81 63 24 ]
[ 79 24 7 49 70 17 48 38 73 53 79 36 27 70 43 99 78 86 6 21 32 62 94 27 69 86 53 9 67 68 33 99 93 40 0 15 58 48 5 31 54 84 19 81 54 62 32 84 1 38 ]
[ 5 33 52 52 13 21 38 66 30 58 35 64 57 80 4 9 95 14 10 0 46 64 37 65 45 91 80 77 76 33 67 81 18 71 85 31 92 24 98 75 34 85 91 43 17 95 52 12 62 62 ]
[ 64 60 26 1 77 23 45 57 52 73 42 71 6 61 42 92 92 87 16 42 62 2 79 53 45 96 0 97 60 62 60 77 22 38 78 0 14 75 9 66 48 4 90 55 65 32 99 9 19 15 ]
[ 4 33 69 83 38 14 80 39 11 40 53 23 17 76 14 48 28 28 75 89 94 76 93 84 83 58 69 82 20 40 49 24 26 18 7 64 32 39 3 43 32 9 19 1 37 33 1 65 61 77 ]
[ 54 7 53 0 44 36 10 13 18 30 5 19 54 31 37 14 96 69 53 51 64 37 60 83 39 97 16 40 14 77 69 21 37 74 21 81 62 31 46 32 14 51 51 68 83 88 34 31 57 40 ]
[ 82 22 77 43 57 68 92 74 9 7 3 30 28 40 5 1 73 67 32 19 52 46 71 3 67 6 92 53 37 1 93 71 75 23 66 33 91 59 59 52 18 14 83 98 7 40 99 80 59 83 ]
[ 0 11 82 23 15 49 81 59 54 18 12 0 41 40 23 8 25 66 19 84 19 37 98 54 35 5 46 34 38 5 17 38 17 99 13 84 0 94 95 7 64 59 7 5 99 30 65 24 48 84 ]
[ 8 19 21 59 73 8 16 19 94 54 77 64 44 46 63 9 30 16 3 77 23 19 36 82 77 36 64 42 12 12 79 21 32 0 32 57 61 0 77 55 55 6 19 51 52 35 61 34 3 16 ]
[ 11 78 36 99 60 13 87 24 7 0 88 86 73 20 39 5 78 0 5 7 7 12 65 27 64 17 14 25 51 17 41 14 95 29 65 7 94 53 31 2 53 71 88 26 92 79 83 22 79 40 ]
[ 81 87 53 98 66 69 15 80 46 18 97 39 84 44 69 49 51 63 54 34 17 7 5 58 85 49 37 20 23 69 61 56 8 66 54 74 35 69 54 81 39 3 20 23 47 41 25 50 57 79 ]

Running merge sort algorithm: 
Timer (sort): 5ms real	0ms user	0ms sys
The output is sorted!
[ 21 20 41 76 6 22 80 11 8 3 55 15 4 8 61 14 74 28 39 31 77 25 60 76 31 13 10 2 63 24 15 36 45 56 12 3 30 45 14 90 48 22 5 4 30 66 18 57 46 10 ]
[ 48 2 13 1 3 32 37 56 22 86 35 40 14 63 37 17 30 43 99 95 78 12 72 25 20 6 26 2 1 7 37 1 9 3 2 64 87 91 73 9 77 8 1 91 23 38 9 6 34 8 ]
[ 18 27 94 34 37 25 13 32 16 20 67 37 22 68 2 34 10 81 5 14 9 55 31 12 9 23 4 50 15 89 27 85 69 22 20 6 99 85 91 15 5 58 5 27 27 7 62 37 40 19 ]
[ 40 20 52 38 27 19 71 47 85 35 9 97 12 90 8 25 48 49 68 29 65 85 11 60 28 59 8 19 22 12 16 14 32 20 4 11 91 27 10 28 14 20 25 27 10 33 52 10 34 72 ]
[ 40 51 3 81 21 13 46 4 50 30 44 80 15 83 67 4 50 41 82 31 18 25 74 82 5 77 50 72 31 2 14 71 5 17 5 26 30 3 31 33 34 27 13 1 10 33 5 61 74 39 ]
[ 25 44 35 53 6 90 59 15 48 82 24 71 69 4 63 66 39 53 28 12 46 0 60 38 45 16 0 58 9 15 8 34 11 43 88 18 85 99 33 33 81 10 5 2 14 20 20 5 25 1 ]
[ 86 33 17 22 1 40 11 67 69 16 6 28 0 54 55 21 0 99 23 33 32 34 36 30 38 47 82 5 60 6 31 46 39 1 21 41 41 84 60 62 0 18 43 52 72 50 25 25 49 1 ]
[ 27 15 45 22 0 19 4 42 62 99 1 14 17 42 47 78 54 47 8 77 78 38 47 61 2 15 89 43 95 5 14 74 20 12 49 20 31 53 14 46 53 15 60 22 57 7 0 63 7 9 ]
[ 37 66 40 71 27 82 16 66 15 1 28 12 56 31 1 86 18 2 61 56 13 18 29 19 61 65 5 90 69 18 50 6 85 42 77 12 24 45 30 40 46 59 4 3 42 5 41 12 7 55 ]
[ 72 7 33 31 52 26 24 98 35 73 96 35 6 14 11 6 29 88 82 15 94 52 14 22 46 63 22 39 1 54 20 25 61 54 9 66 32 33 16 19 6 12 6 12 78 18 70 8 6 53 ]
[ 79 3 4 0 14 44 10 87 6 23 30 87 45 38 9 0 15 3 32 84 37 57 73 90 35 30 5 82 70 0 24 50 3 80 2 17 24 12 56 30 35 39 69 32 29 79 33 44 82 17 ]
[ 52 11 27 39 12 8 30 94 74 47 7 45 45 15 87 94 19 6 30 2 5 95 61 23 13 79 4 35 85 31 41 37 94 20 28 6 29 11 52 55 10 11 0 55 26 40 1 97 46 31 ]
[ 21 10 15 23 78 28 94 5 3 6 70 78 20 52 4 53 0 80 72 42 18 11 60 13 2 12 21 30 77 38 81 51 1 97 26 79 77 20 36 80 26 6 11 46 10 67 52 11 47 24 ]
[ 46 3 83 71 53 28 5 3 54 14 47 15 59 1 50 50 29 80 79 40 16 60 10 9 3 48 53 73 34 61 56 32 16 39 3 21 19 8 25 73 75 72 40 34 25 42 84 6 22 15 ]
[ 14 97 51 55 10 49 88 20 49 51 51 27 5 7 41 7 6 2 7 23 24 92 51 54 18 5 69 44 29 24 12 43 21 15 50 31 65 38 3 66 41 7 93 99 14 86 6 72 40 13 ]
[ 0 15 2 56 52 62 0 99 43 10 7 66 55 86 47 61 58 16 42 10 4 74 27 15 98 2 25 94 23 47 6 75 14 60 32 18 75 84 17 18 94 25 36 49 11 35 11 21 4 5 ]
[ 7 60 18 74 38 4 60 19 58 35 8 63 16 8 33 7 23 27 38 70 12 23 51 95 1 35 16 20 67 39 47 74 99 17 0 89 21 61 8 80 96 69 43 12 29 28 20 53 7 10 ]
[ 77 42 88 17 91 74 76 27 65 4 60 6 26 62 47 27 4 52 80 11 14 30 6 6 11 29 32 0 80 32 33 9 26 21 27 18 96 3 97 13 8 10 19 86 72 18 14 76 22 46 ]
[ 24 24 39 6 0 92 66 33 8 25 73 57 79 18 35 19 87 37 45 10 12 15 0 22 29 60 70 25 9 25 99 34 1 38 40 1 83 58 35 91 83 8 0 14 26 36 33 66 25 79 ]
[ 74 9 29 1 18 39 12 10 69 26 36 57 82 9 27 37 57 9 37 62 12 28 18 43 80 95 8 43 50 35 8 76 44 37 77 14 28 41 24 97 20 12 7 2 22 34 92 31 44 81 ]

Timer (generate): 7ms real	0ms user	0ms sys
[ 58 97 72 75 58 5 91 61 93 75 59 66 15 24 65 44 64 67 31 82 94 7 48 6 80 50 57 91 82 0 33 40 49 5 67 59 62 11 21 8 86 80 74 2 57 40 98 21 59 82 ]
[ 55 53 89 55 11 70 6 20 61 88 20 46 80 21 52 99 81 66 10 54 74 97 86 1 51 43 93 1 16 52 35 24 57 25 31 20 47 89 41 60 29 13 7 9 35 11 61 68 29 71 ]
[ 22 56 20 8 57 23 4 2 25 20 54 60 96 63 37 28 83 36 17 76 97 47 42 56 8 77 19 21 97 48 45 19 4 65 27 13 89 31 15 66 4 21 78 52 84 68 80 20 4 50 ]
[ 48 53 49 90 9 9 19 28 31 16 29 76 87 33 93 67 47 34 50 14 52 54 36 31 59 72 99 39 92 55 41 93 9 42 83 70 52 55 51 35 71 80 63 11 65 56 78 12 43 28 ]
[ 27 95 35 15 78 94 87 29 85 80 85 27 25 46 69 8 16 73 63 67 60 87 99 23 98 65 32 28 29 75 56 8 22 91 23 1 85 11 82 71 43 67 50 68 13 71 28 82 45 44 ]
[ 1 57 83 1 81 81 18 65 9 47 92 17 56 14 9 31 67 94 42 50 17 37 69 67 5 35 39 86 17 36 30 18 93 13 19 26 46 37 91 7 37 83 24 45 50 33 76 69 80 71 ]
[ 19 49 8 41 17 66 76 56 52 93 44 34 11 37 47 83 64 93 72 7 52 61 43 76 6 93 62 83 62 94 6 34 43 66 75 60 32 3 68 36 96 12 70 59 2 69 94 66 14 67 ]
[ 25 66 28 68 43 87 61 57 22 76 51 28 62 94 94 89 7 79 92 27 15 88 92 38 99 94 59 94 12 74 13 37 40 41 6 35 80 67 92 2 95 95 30 57 42 25 46 49 56 90 ]
[ 28 71 78 20 61 30 14 21 24 78 95 37 16 87 30 22 75 11 41 19 13 89 15 44 46 9 21 45 58 77 35 38 0 66 59 14 48 25 35 72 4 82 9 72 21 91 94 96 2 87 ]
[ 16 16 76 83 12 75 92 85 20 2 14 7 40 66 25 51 80 73 77 67 45 33 49 6 5 23 98 51 19 52 38 87 20 15 70 84 42 14 69 62 16 35 21 9 2 99 60 82 72 89 ]
[ 2 70 74 51 28 31 26 78 82 98 31 73 85 3 40 8 88 82 22 57 96 91 93 17 0 47 16 12 29 41 54 31 63 28 35 91 12 13 22 94 11 5 19 97 8 59 57 96 41 79 ]
[ 6 37 22 51 7 22 98 75 87 79 16 41 63 31 21 50 75 85 15 97 80 27 2 51 24 62 11 81 11 4 12 17 94 35 20 1 9 70 28 48 1 97 89 16 28 63 18 3 48 34 ]
[ 0 80 61 54 84 37 17 95 70 80 99 34 97 93 69 69 46 31 91 75 79 92 24 21 61 52 36 79 8 36 65 8 69 26 15 53 15 84 48 85 64 99 20 13 45 41 34 43 72 25 ]
[ 70 4 69 94 25 30 47 61 62 55 97 27 15 66 6 82 19 21 66 19 59 82 71 31 47 16 72 81 59 97 58 30 1 28 24 26 10 23 39 24 30 88 4 46 7 10 80 78 83 99 ]
[ 98 42 81 69 25 29 37 98 62 48 47 21 78 48 1 55 26 11 30 17 36 61 5 92 59 12 2 39 91 37 38 41 32 72 62 57 53 99 7 15 47 54 88 78 54 89 85 32 1 67 ]
[ 49 89 28 7 81 39 19 35 31 62 72 69 55 4 93 17 14 46 68 21 14 16 76 2 46 30 92 83 63 45 50 64 86 79 71 19 70 43 6 1 5 78 23 13 35 68 30 49 15 99 ]
[ 70 81 67 46 83 65 29 27 48 44 24 98 8 10 29 80 81 0 23 87 53 80 18 76 93 53 45 76 54 12 75 24 93 94 23 28 59 4 8 7 48 32 57 56 95 87 36 76 39 59 ]
[ 64 92 92 82 21 85 87 18 61 41 82 88 17 27 82 40 55 93 96 63 52 44 96 10 1 43 49 89 19 88 1 35 32 93 69 5 78 56 23 92 49 57 80 67 84 15 59 92 60 56 ]
[ 7 13 52 55 75 53 98 76 95 18 64 96 5 48 89 75 54 19 31 29 11 81 39 44 0 23 11 11 67 71 67 75 36 20 30 11 25 29 87 20 99 3 68 4 4 9 79 58 81 63 ]
[ 39 44 96 78 88 96 54 99 7 21 71 27 48 59 99 79 71 76 60 10 97 59 66 17 15 70 27 95 80 8 10 71 52 6 2 93 54 56 44 13 29 67 40 78 27 91 9 50 68 69 ]

Running merge sort algorithm: 
Timer (sort): 2ms real	0ms user	0ms sys
The output is sorted!
[ 37 13 95 6 1 4 56 77 2 39 30 18 87 53 49 9 70 2 10 11 42 61 38 11 34 52 6 2 12 86 1 1 51 49 7 52 5 15 29 8 55 11 26 42 65 75 3 87 30 65 ]
[ 94 99 14 12 37 7 21 5 52 7 33 34 58 18 22 29 0 92 96 29 24 18 45 15 26 16 13 12 33 32 27 27 31 41 91 20 49 12 25 53 19 10 40 30 28 62 59 80 7 7 ]
[ 27 63 25 92 29 41 17 13 5 34 7 56 17 23 19 27 11 4 26 82 14 19 58 31 75 73 47 29 18 4 84 45 19 9 90 49 2 59 14 7 94 21 15 11 44 35 38 8 91 17 ]
[ 7 9 27 35 22 26 44 0 36 42 30 9 95 54 64 48 49 12 26 45 21 0 39 94 6 89 5 82 16 2 11 76 64 38 11 86 17 7 38 5 49 20 14 97 26 30 45 27 42 24 ]
[ 84 9 74 7 21 3 22 4 46 87 14 81 89 55 1 16 12 18 61 2 8 35 0 76 19 32 19 61 44 1 86 28 10 12 35 31 67 10 35 13 97 2 47 86 57 0 54 70 18 15 ]
[ 0 80 78 38 50 79 54 5 31 99 99 36 11 0 28 51 6 12 34 24 1 49 69 7 41 15 33 73 15 63 2 15 43 80 5 93 12 11 50 43 10 49 31 73 2 12 25 8 24 11 ]
[ 20 21 57 81 65 10 5 28 71 58 10 61 4 57 21 28 4 75 14 35 36 50 39 73 41 30 40 22 33 74 24 6 95 34 87 13 44 44 93 15 2 4 28 6 13 1 34 69 29 0 ]
[ 74 38 20 18 9 4 98 21 15 21 70 96 85 18 30 29 27 9 9 74 43 43 84 11 18 5 16 79 35 93 23 62 31 43 32 40 0 82 14 15 3 36 12 88 7 42 18 34 3 27 ]
[ 67 28 21 96 71 79 8 71 57 44 49 9 12 41 32 33 4 42 3 44 0 10 74 88 22 15 80 2 36 19 57 55 47 30 3 70 9 63 42 18 8 43 28 20 36 12 54 40 6 9 ]
[ 25 45 94 85 48 97 17 28 22 60 9 60 65 6 25 22 1 14 15 38 25 6 40 38 17 1 26 37 47 6 57 72 4 3 9 4 0 27 84 22 87 45 82 4 51 59 26 4 73 93 ]
[ 5 0 72 3 16 28 82 43 20 69 0 26 65 6 69 49 28 45 12 26 20 82 17 56 48 42 14 52 23 79 10 80 31 82 84 48 10 18 43 30 39 43 8 4 49 30 6 29 75 18 ]
[ 33 61 98 20 36 6 4 8 39 52 91 29 73 58 32 8 38 89 39 13 25 65 32 39 58 22 12 33 15 51 71 0 12 69 21 1 27 77 9 66 29 52 47 54 11 31 63 1 21 2 ]
[ 9 22 31 69 27 71 19 20 88 83 53 31 46 13 10 10 2 18 45 19 26 41 38 7 66 74 1 68 23 45 89 32 67 20 2 94 43 21 14 31 57 19 15 3 32 25 66 34 95 11 ]
[ 20 46 31 9 69 29 26 59 21 3 15 57 68 1 62 77 8 69 11 6 28 17 71 91 54 24 46 3 44 5 60 16 51 44 25 72 73 3 32 94 7 99 4 27 0 18 5 60 87 16 ]
[ 97 17 27 17 32 10 59 90 45 12 5 47 89 9 11 15 73 10 4 5 83 47 30 38 27 88 9 17 72 2 16 69 19 43 39 4 5 50 94 2 62 99 49 3 60 13 18 33 23 75 ]
[ 31 48 34 19 20 50 40 50 4 4 83 80 30 35 30 2 69 88 25 0 42 21 32 72 32 58 10 74 17 12 3 1 13 37 20 33 39 12 83 95 17 18 75 99 6 5 1 75 45 78 ]
[ 5 61 22 16 87 14 66 17 39 35 76 6 5 43 19 91 3 34 46 18 15 37 61 17 5 64 83 95 35 3 13 40 65 35 56 4 1 22 73 40 10 50 98 67 45 17 58 0 52 4 ]
[ 36 78 34 1 0 52 12 48 60 9 41 0 77 52 56 39 12 1 12 75 71 80 54 56 34 3 92 10 27 4 1 63 34 35 16 34 40 81 34 0 90 28 0 20 80 56 59 44 10 24 ]
[ 2 37 9 13 59 9 26 70 16 40 4 38 11 95 51 6 56 7 48 49 73 47 15 15 14 23 7 90 46 42 33 0 31 42 13 42 3 91 13 20 32 69 58 95 65 62 53 73 69 1 ]
[ 60 56 23 2 0 61 32 63 73 51 15 38 16 68 62 0 9 8 41 37 37 51 10 60 52 22 92 69 89 10 51 2 67 26 4 19 88 36 82 13 39 50 52 7 18 14 7 27 75 0 ]

Timer (generate): 10ms real	10ms user	0ms sys
[ 36 46 32 6 89 28 36 14 40 1 99 7 84 1 52 39 2 44 10 79 88 35 4 85 41 54 54 9 80 19 5 16 65 37 23 6 66 11 73 58 64 24 17 48 25 69 39 79 14 49 ]
[ 59 54 37 63 40 78 69 46 40 1 65 45 18 82 34 93 40 52 56 13 10 20 37 80 20 15 49 59 94 15 60 53 70 97 69 62 28 90 60 20 92 77 17 62 59 51 7 51 56 63 ]
[ 65 18 35 54 98 7 69 48 18 64 15 78 69 85 28 90 99 8 81 59 28 25 36 97 87 47 0 94 99 56 9 64 75 96 70 73 3 40 73 21 4 89 99 25 26 79 16 26 87 49 ]
[ 37 67 26 74 16 13 73 17 59 72 25 20 88 0 16 59 26 19 99 51 92 55 92 43 32 19 23 0 97 62 49 34 82 27 8 98 40 82 67 51 6 93 71 95 45 39 6 71 58 57 ]
[ 75 50 12 67 94 96 86 69 97 83 31 98 70 65 26 78 64 18 12 31 70 71 24 93 66 70 33 24 93 43 81 20 46 45 88 92 41 26 13 90 62 44 89 32 10 67 62 26 85 75 ]
[ 9 7 98 34 53 64 56 38 40 1 81 21 22 79 66 10 71 59 88 84 50 50 81 91 82 43 58 45 21 95 72 30 3 70 16 56 86 24 94 26 26 27 47 0 7 65 62 30 24 50 ]
[ 67 26 1 0 17 83 43 75 28 16 71 0 46 26 22 63 34 8 87 80 34 65 7 33 65 66 98 27 49 75 78 16 1 31 16 71 14 11 46 95 27 69 47 25 95 70 88 29 78 28 ]
[ 61 13 93 69 98 11 87 49 38 36 24 68 4 77 99 72 0 14 83 47 61 62 68 8 40 16 30 28 97 9 8 59 74 54 80 72 65 67 21 3 4 97 72 8 27 23 33 27 89 16 ]
[ 26 50 31 95 11 71 63 41 51 60 2 12 71 76 66 51 1 31 19 74 34 75 24 58 35 51 34 68 30 23 37 57 26 20 4 37 91 67 30 94 79 33 6 51 61 72 54 14 3 73 ]
[ 89 90 0 65 0 36 68 34 4 98 10 93 7 36 13 11 73 4 30 55 51 62 40 9 65 2 82 19 16 37 45 57 79 45 74 80 33 42 66 90 41 76 83 48 12 97 12 37 53 94 ]
[ 93 56 56 33 66 73 87 48 93 56 37 90 65 17 87 40 97 21 82 63 63 75 40 46 76 4 95 88 42 1 34 35 57 91 20 23 16 8 23 9 64 61 51 29 30 39 21 79 60 4 ]
[ 42 23 31 34 21 7 91 69 47 33 70 82 20 27 25 92 3 41 0 26 3 16 39 54 98 69 93 71 48 5 27 43 80 59 29 54 18 20 23 66 5 93 0 77 72 77 70 75 70 22 ]
[ 54 25 91 45 32 89 15 77 60 15 83 88 10 15 99 92 21 17 64 44 35 70 89 87 47 14 16 69 41 87 92 95 64 83 41 96 24 8 74 36 23 9 76 86 76 75 78 98 45 42 ]
[ 94 80 64 36 68 64 50 84 33 91 23 77 39 88 60 80 36 84 88 10 73 63 71 49 1 48 77 31 46 22 74 92 2 90 28 22 6 78 59 40 22 82 69 61 22 30 93 59 66 33 ]
[ 21 39 96 93 41 50 41 18 81 39 40 7 31 94 50 12 17 56 90 76 48 64 10 18 25 85 48 18 44 66 51 17 58 0 10 99 2 3 17 83 94 9 91 78 3 41 90 20 49 32 ]
[ 48 98 97 11 16 74 96 16 45 40 34 48 9 92 48 20 91 2 75 60 86 70 69 29 0 73 22 90 45 71 22 94 69 71 5 37 46 1 5 43 93 40 91 2 32 92 74 76 94 2 ]
[ 36 80 72 6 61 72 79 83 14 76 7 88 70 28 60 27 66 58 28 23 53 73 63 44 76 96 36 2 72 31 4 60 63 28 66 77 52 97 60 66 74 19 7 96 48 19 24 66 77 4 ]
[ 89 82 78 5 26 6 1 15 8 25 98 65 37 61 93 56 90 98 53 3 16 79 22 23 28 22 42 52 88 71 56 30 53 86 35 32 92 88 47 53 65 45 70 2 58 15 58 49 13 64 ]
[ 52 30 95 74 5 23 97 48 27 37 71 36 67 25 22 54 57 67 94 4 72 59 1 42 14 59 57 24 8 71 88 60 53 36 35 58 59 84 58 87 21 30 75 41 55 97 47 64 64 42 ]
[ 20 88 1 21 30 67 80 88 92 41 11 32 1 64 68 88 74 80 24 33 19 46 63 94 39 70 91 86 86 8 28 6 96 82 79 27 49 11 67 93 52 30 26 54 94 46 94 20 26 19 ]

Running merge sort algorithm: 
Timer (sort): 2ms real	0ms user	0ms sys
The output is sorted!
[ 78 17 16 56 3 77 7 12 58 9 11 4 15 27 69 23 65 23 47 31 74 10 11 24 77 16 48 43 36 86 0 14 3 17 23 6 46 30 70 4 39 34 61 6 13 30 82 79 6 29 ]
[ 17 7 24 48 6 74 0 3 4 0 5 57 39 44 8 50 43 24 44 1 94 52 44 21 79 8 11 36 39 36 29 8 43 5 56 50 31 56 5 36 8 11 45 47 7 53 97 2 77 94 ]
[ 13 0 69 21 21 91 1 4 23 59 26 1 92 52 96 39 0 62 7 33 53 6 17 92 19 33 12 36 56 48 20 69 0 41 42 21 32 44 25 8 55 3 9 48 55 57 39 7 20 46 ]
[ 55 89 2 16 7 8 13 74 31 27 22 49 44 27 1 11 26 69 1 1 8 4 20 7 23 32 15 32 97 22 22 4 63 25 20 71 85 85 97 16 12 19 17 56 99 71 68 25 40 21 ]
[ 19 65 80 44 30 19 0 53 4 94 56 27 48 77 11 37 61 30 0 36 24 12 33 8 4 44 32 23 48 63 87 20 28 20 16 11 39 16 16 95 10 72 23 11 1 86 0 62 17 52 ]
[ 31 26 68 40 96 14 79 41 21 43 7 47 5 74 58 31 40 5 3 19 20 18 27 45 6 4 3 14 29 41 0 60 19 20 53 15 35 84 8 8 79 15 55 84 42 65 67 34 70 23 ]
[ 75 41 11 53 0 28 30 10 80 20 4 66 42 76 49 1 20 42 38 13 40 8 88 59 31 13 3 47 26 1 69 1 95 33 55 95 61 37 57 41 9 14 7 4 90 8 57 10 2 48 ]
[ 32 25 84 68 32 78 23 54 95 16 15 38 45 1 93 11 26 1 52 2 48 40 16 30 99 37 20 54 26 4 17 11 82 1 79 14 31 2 68 27 18 35 17 15 36 10 26 14 63 78 ]
[ 4 56 64 1 75 17 34 23 11 55 85 90 38 50 25 76 21 2 12 14 0 35 53 5 82 60 51 35 8 33 37 12 41 1 13 17 70 0 40 82 7 78 24 97 28 1 74 1 3 86 ]
[ 37 68 8 30 74 51 28 35 21 5 22 92 33 33 18 44 17 39 75 15 22 10 31 29 74 9 18 23 9 78 46 46 47 55 28 21 6 57 9 27 14 83 19 47 16 90 91 33 29 19 ]
[ 21 73 46 63 32 35 19 50 76 25 4 41 96 23 88 37 2 32 47 34 0 79 44 50 19 11 47 1 34 43 36 7 16 34 23 1 69 42 3 97 67 7 39 15 82 27 4 36 11 51 ]
[ 7 25 93 6 30 62 20 44 64 86 38 66 24 76 4 60 28 7 28 64 23 4 42 34 99 65 10 69 54 4 9 13 29 54 19 12 17 92 8 81 78 46 47 2 23 4 15 3 11 43 ]
[ 16 42 10 1 7 20 26 11 65 92 57 10 16 43 64 4 72 52 88 4 28 8 16 48 30 72 39 31 4 56 0 72 50 11 74 9 83 52 20 49 45 78 11 61 21 27 18 46 80 6 ]
[ 2 93 9 19 2 40 65 5 69 93 47 29 12 22 1 4 0 21 16 35 75 21 6 52 19 67 39 30 70 79 96 24 73 57 43 27 98 8 32 19 1 32 48 13 6 1 69 6 74 85 ]
[ 13 69 22 35 56 41 55 3 40 56 18 15 72 9 3 12 46 4 33 86 8 35 61 84 78 57 75 80 22 49 50 35 70 72 22 26 13 29 30 6 37 0 73 9 9 76 21 7 32 7 ]
[ 26 9 10 76 11 39 83 44 9 58 39 25 4 56 32 4 51 47 71 45 30 45 30 96 19 56 3 35 69 43 30 95 4 92 24 15 31 7 11 40 17 51 17 73 7 49 29 10 97 1 ]
[ 25 22 72 84 37 43 66 2 23 17 60 33 12 4 71 25 18 3 18 48 29 82 46 45 64 16 35 12 13 1 45 90 24 69 27 13 12 93 15 35 62 28 20 74 32 43 51 2 46 69 ]
[ 10 26 47 20 28 45 21 73 55 61 1 8 29 92 1 14 24 48 24 27 50 1 47 26 25 78 43 41 9 87 69 71 13 17 91 41 14 12 66 22 25 67 30 55 12 31 21 36 79 46 ]
[ 44 92 22 58 46 30 13 52 18 45 93 23 14 18 92 79 1 37 2 90 15 36 13 0 10 13 35 98 39 11 41 35 56 64 46 2 46 59 6 65 5 52 40 71 70 32 2 23 22 4 ]
[ 5 35 46 19 33 76 2 4 11 7 72 7 9 13 21 43 40 44 86 87 72 32 50 30 59 1 39 8 14 88 64 71 24 62 91 9 38 93 13 2 52 38 9 61 51 31 5 43 27 43 ]

Timer (generate): 8ms real	0ms user	0ms sys
[ 33 15 20 37 95 34 35 10 49 5 13 89 97 65 41 36 66 9 19 50 5 7 33 48 12 52 31 35 48 74 78 81 90 98 18 37 85 5 99 34 63 64 23 60 29 16 48 47 77 19 ]
[ 50 83 26 83 83 90 35 66 26 83 40 4 16 82 54 87 19 91 92 18 25 7 34 1 67 63 17 68 11 47 87 61 30 66 96 65 56 84 31 34 19 23 38 36 6 45 75 77 36 19 ]
[ 48 14 27 82 67 46 46 36 14 9 83 2 22 13 20 18 30 76 54 13 11 74 37 1 62 43 98 37 20 87 8 68 1 87 51 68 34 49 4 0 58 88 54 32 53 74 50 36 3 57 ]
[ 49 14 31 86 67 93 81 18 82 2 5 42 22 6 30 25 26 64 74 82 64 84 22 71 68 28 45 71 64 48 28 65 14 59 52 82 4 85 0 38 87 57 80 62 63 10 39 41 26 14 ]
[ 75 91 50 98 62 71 26 59 42 42 8 70 7 74 81 11 56 85 97 8 23 36 65 55 50 80 66 90 73 92 56 49 35 58 99 49 29 25 9 71 19 69 93 78 43 74 42 52 11 91 ]
[ 12 34 79 30 42 30 62 8 72 36 52 28 37 88 38 36 37 20 61 98 91 32 67 37 62 63 11 4 15 23 47 27 9 27 9 51 9 72 11 33 8 64 13 45 52 51 81 41 71 94 ]
[ 40 15 78 59 52 40 22 15 97 89 90 96 69 0 23 78 3 84 50 15 17 10 31 30 7 83 34 40 76 57 86 68 72 64 28 76 57 2 92 6 44 82 2 13 34 26 43 90 62 94 ]
[ 57 32 56 88 62 16 23 48 56 99 6 43 68 78 59 48 7 16 2 99 22 46 33 25 59 20 3 3 10 17 49 19 49 57 7 64 73 82 12 30 33 18 25 1 49 84 1 56 1 4 ]
[ 7 75 50 40 52 62 12 7 17 74 25 18 93 74 75 52 38 1 34 51 31 68 21 8 21 70 92 23 78 45 79 85 73 29 78 25 91 42 33 60 17 58 78 62 84 54 15 23 55 1 ]
[ 26 38 69 99 46 43 22 90 66 0 88 97 38 61 26 68 86 70 10 71 30 79 29 9 42 14 15 57 89 22 10 67 60 80 66 58 75 88 0 93 89 88 90 79 49 16 47 88 38 57 ]
[ 59 21 89 41 30 31 7 97 40 48 19 50 15 31 82 81 41 57 70 41 50 59 82 40 38 83 9 37 71 47 94 83 20 35 24 50 66 83 99 58 31 18 9 46 1 43 27 42 1 97 ]
[ 36 3 8 18 96 98 53 5 35 25 4 82 60 25 17 84 27 36 19 79 94 50 49 3 96 51 99 75 45 52 25 81 55 33 51 51 32 57 8 19 82 65 1 94 42 19 78 21 55 49 ]
[ 0 1 99 50 57 47 53 56 22 98 8 47 32 63 33 35 67 17 92 27 36 26 92 38 20 86 9 50 8 16 99 60 17 50 62 74 49 15 30 24 66 38 23 50 54 56 37 73 73 82 ]
[ 0 62 60 45 0 81 83 61 83 91 77 35 4 46 37 66 21 87 34 3 11 52 94 34 54 48 43 43 21 68 25 73 30 38 70 30 71 54 43 54 97 20 41 1 67 79 20 40 18 6 ]
[ 43 29 10 37 15 16 37 58 59 10 79 37 36 9 75 6 92 46 60 35 52 58 56 94 59 75 25 31 67 43 89 10 72 99 0 39 15 37 50 75 0 29 12 36 38 39 42 30 85 3 ]
[ 66 37 13 74 31 24 1 56 56 68 51 45 30 23 45 30 15 12 20 65 39 20 94 51 56 32 42 50 15 27 53 33 65 66 59 48 91 60 57 99 80 8 96 10 84 93 93 99 6 13 ]
[ 16 45 85 10 49 41 94 91 91 9 71 97 94 88 15 53 36 58 65 45 57 97 6 6 60 42 99 53 93 5 18 9 3 3 71 52 44 65 95 87 27 66 36 21 54 52 27 43 62 44 ]
[ 40 72 42 98 78 2 40 77 7 85 35 25 46 38 28 17 42 24 83 89 11 62 56 0 35 62 4 62 57 66 7 50 38 1 48 16 3 41 46 62 78 81 87 25 71 15 42 65 91 77 ]
[ 54 54 91 62 54 27 77 58 89 86 25 48 36 15 1 37 32 56 30 30 18 8 63 5 33 34 72 28 51 63 57 5 18 49 20 24 76 97 83 17 83 60 18 72 75 19 9 59 28 39 ]
[ 89 46 47 4 4 33 90 76 13 41 92 70 47 62 71 67 86 99 16 21 69 99 81 87 71 9 58 32 68 86 71 10 33 71 14 37 56 5 65 69 46 9 91 45 71 15 64 10 14 80 ]

Running merge sort algorithm: 
Timer (sort): 3ms real	10ms user	10ms sys
The output is sorted!
[ 32 34 11 35 16 28 15 16 77 49 40 36 46 90 24 76 4 8 22 16 50 37 14 63 60 19 5 1 21 1 29 6 35 40 41 3 20 56 19 49 5 11 85 3 1 62 80 57 70 54 ]
[ 98 54 23 12 1 34 26 5 1 7 23 7 62 69 39 22 51 18 51 76 7 28 16 36 0 59 37 1 10 45 92 60 51 15 24 53 50 2 58 3 61 33 10 23 2 1 46 6 71 97 ]
[ 69 47 9 49 9 62 31 31 20 24 10 9 14 6 8 62 91 12 41 47 75 1 14 28 40 36 40 36 1 25 5 22 72 15 72 33 29 3 64 49 80 26 10 46 33 19 8 76 83 2 ]
[ 13 7 17 25 47 35 12 16 38 16 55 13 5 25 41 95 17 6 27 68 61 68 33 66 77 48 3 79 12 17 52 26 24 22 51 23 9 15 39 48 31 46 13 36 24 7 84 93 13 11 ]
[ 64 39 95 11 64 47 1 52 41 9 17 21 17 25 6 27 13 8 30 16 10 63 6 38 45 52 80 41 36 88 75 52 27 22 63 43 21 16 47 14 25 17 35 42 94 41 21 7 50 3 ]
[ 65 16 34 7 12 76 31 41 22 37 8 33 50 27 67 48 20 71 13 10 4 37 8 52 77 22 40 24 25 34 75 90 2 9 49 14 37 32 8 59 69 16 44 19 43 11 19 16 82 84 ]
[ 75 16 42 7 48 52 63 1 23 68 11 44 49 76 36 48 4 29 81 92 21 46 10 35 4 75 94 35 14 39 10 41 7 5 49 7 9 12 8 32 32 20 29 33 48 65 34 4 95 15 ]
[ 62 45 14 79 1 49 73 14 28 1 85 61 90 13 21 16 71 30 6 26 55 20 60 5 43 9 42 7 89 59 5 4 4 20 35 6 21 9 72 1 62 57 15 52 23 36 21 94 66 27 ]
[ 36 52 67 15 63 46 7 66 85 47 3 30 26 60 41 49 7 64 32 20 94 17 12 20 65 32 26 73 4 0 35 40 4 2 7 20 49 15 86 86 14 41 16 92 1 58 41 8 22 25 ]
[ 24 15 27 8 2 32 4 14 89 55 35 19 46 17 76 25 19 72 69 51 17 29 63 20 15 56 11 30 92 35 56 16 2 35 25 4 67 81 18 56 88 5 27 35 23 3 12 94 28 81 ]
[ 32 16 35 17 52 6 14 66 58 4 72 7 8 68 28 38 29 43 55 76 7 29 79 52 47 55 65 33 30 45 29 14 61 64 32 13 22 46 31 33 2 4 40 10 72 68 0 53 63 7 ]
[ 24 13 5 55 77 49 30 54 61 61 18 96 27 18 34 3 5 72 35 3 84 20 92 25 10 85 51 31 8 78 53 32 43 58 40 20 7 22 27 20 83 45 68 10 15 2 14 20 26 1 ]
[ 2 13 39 56 9 23 31 8 95 25 16 21 90 30 42 17 42 65 48 81 41 3 38 30 39 16 15 70 0 17 25 2 30 16 10 40 91 93 0 87 19 17 60 61 99 2 30 42 67 31 ]
[ 11 89 18 56 50 27 50 2 41 0 19 13 11 49 88 19 97 54 67 26 36 73 22 17 91 67 0 8 32 98 17 44 87 87 0 37 14 2 39 8 2 10 21 66 59 61 37 8 15 4 ]
[ 0 14 10 84 56 32 1 23 13 22 31 14 28 74 98 4 30 85 3 73 63 8 51 29 65 33 68 0 54 6 76 6 72 39 43 29 23 44 4 36 18 35 2 98 62 52 2 44 37 58 ]
[ 62 30 59 1 0 93 38 62 20 32 14 8 59 23 52 44 14 15 15 98 6 11 28 55 24 21 47 18 6 25 18 69 7 30 70 7 75 8 21 96 92 88 56 4 11 8 48 77 24 63 ]
[ 22 10 31 48 35 55 40 32 44 7 87 60 26 57 2 18 25 10 13 14 43 44 73 15 43 12 27 43 34 51 30 8 14 61 57 49 68 97 33 13 56 20 25 83 30 27 1 55 90 14 ]
[ 5 70 0 7 67 32 34 63 84 5 27 77 97 18 81 61 41 4 73 12 4 11 43 3 41 28 21 38 46 16 28 51 39 81 11 6 65 97 21 1 2 1 78 51 71 11 64 12 16 38 ]
[ 41 50 30 27 67 8 1 68 58 48 17 49 45 11 52 18 35 11 6 26 63 31 8 69 2 79 21 26 83 7 43 24 9 73 4 76 33 57 44 92 57 13 41 2 24 45 20 59 9 79 ]
[ 21 72 23 96 28 29 15 40 14 11 70 20 42 50 52 15 1 78 97 2 44 26 88 26 55 16 18 65 53 30 29 74 54 4 23 35 33 38 75 0 2 97 20 44 48 25 59 1 3 8 ]

Timer (generate): 10ms real	10ms user	0ms sys
[ 54 86 63 95 72 92 49 24 83 29 5 37 97 88 39 60 82 42 13 83 43 88 35 62 72 76 90 53 26 72 7 32 58 22 80 30 14 29 7 97 10 64 86 8 53 25 20 87 19 33 ]
[ 70 62 22 58 76 94 86 66 47 65 91 6 97 1 80 29 84 46 59 91 95 21 7 81 29 60 58 50 48 77 35 70 91 57 80 67 3 19 86 3 84 77 61 33 78 42 63 14 88 74 ]
[ 57 36 95 65 17 77 77 76 27 25 5 62 48 97 72 80 16 75 99 2 78 83 31 40 17 62 34 32 76 74 6 34 10 1 99 80 30 76 56 57 54 61 72 54 10 96 34 27 23 34 ]
[ 81 54 69 13 94 86 27 80 18 3 54 76 89 17 30 88 97 60 17 5 70 23 66 94 77 29 90 63 56 13 97 89 67 67 2 13 5 81 45 76 85 0 52 26 69 34 67 66 95 84 ]
[ 71 65 59 89 59 36 18 1 99 26 14 49 16 34 68 70 99 73 52 45 1 89 97 6 67 66 40 34 84 35 18 55 0 29 96 11 65 15 12 17 93 79 18 61 13 86 84 64 11 36 ]
[ 9 65 77 58 71 44 76 11 79 60 99 49 15 99 79 12 63 96 79 75 65 24 54 35 86 19 21 70 84 85 58 45 50 87 4 21 83 32 84 14 93 83 16 8 35 47 72 98 43 3 ]
[ 73 61 80 80 96 18 99 70 88 35 55 98 81 57 37 37 30 20 69 14 87 62 50 3 23 85 50 47 83 45 3 8 6 83 88 55 1 40 25 41 75 32 91 8 89 28 45 19 0 67 ]
[ 85 87 29 35 42 4 20 44 4 55 90 59 16 48 42 56 3 95 96 80 88 24 12 31 32 53 11 30 24 63 97 10 3 78 45 45 35 18 90 39 25 32 98 41 80 92 50 36 39 98 ]
[ 68 79 22 33 10 7 86 21 37 63 36 34 73 39 12 70 85 47 40 27 38 66 11 36 59 43 80 61 31 19 60 0 98 82 85 60 89 23 33 26 86 70 12 59 9 77 82 46 24 22 ]
[ 25 15 40 36 3 52 80 84 13 11 55 73 11 6 8 96 66 49 72 0 28 58 70 40 70 31 69 52 78 46 26 3 61 19 92 64 71 72 0 36 83 56 62 47 62 22 95 80 71 67 ]
[ 80 51 78 2 44 48 34 13 0 64 59 78 19 72 97 11 37 68 35 89 57 71 45 19 18 59 41 65 40 64 85 72 68 63 27 12 11 13 77 63 77 37 41 48 9 39 12 98 59 47 ]
[ 88 16 18 85 87 88 97 80 54 89 97 39 61 65 54 88 77 65 53 6 28 30 43 21 31 5 60 43 3 72 90 43 40 61 29 28 49 26 60 3 15 57 94 28 74 0 69 3 65 22 ]
[ 10 45 5 5 67 36 10 79 31 66 51 73 9 92 34 90 72 84 68 84 39 83 94 34 64 68 34 85 24 52 7 34 49 64 39 16 52 2 96 83 68 99 57 77 43 91 20 67 75 88 ]
[ 4 15 24 98 1 88 18 87 73 42 91 32 28 41 97 68 9 1 22 5 85 90 57 42 19 52 85 39 20 13 80 24 80 4 74 33 44 44 72 69 87 64 53 67 5 2 87 14 4 9 ]
[ 72 89 99 81 83 71 33 20 62 5 33 42 81 13 46 7 98 42 52 71 11 39 35 65 6 92 67 94 58 23 3 82 12 55 15 47 26 49 68 88 6 1 83 88 67 29 95 65 24 47 ]
[ 36 87 38 23 4 97 15 24 43 26 47 98 8 60 53 76 59 31 25 27 72 83 81 55 23 48 36 19 65 12 18 2 0 9 25 4 6 93 28 49 71 76 47 31 88 53 7 47 36 84 ]
[ 75 60 68 56 15 91 56 4 62 21 16 81 75 16 42 53 21 48 46 1 49 69 77 48 0 65 53 8 65 90 92 40 2 60 48 70 4 56 74 66 77 42 99 53 11 41 58 84 41 56 ]
[ 85 90 25 63 39 25 80 44 33 45 86 78 37 89 90 37 59 94 93 33 13 71 27 12 76 38 6 86 22 47 42 60 38 67 75 29 92 55 73 78 53 60 56 90 49 98 28 60 45 73 ]
[ 93 58 96 72 22 24 11 28 10 85 76 52 97 66 19 72 95 64 80 20 42 33 32 50 75 33 48 55 93 45 29 38 3 77 11 78 2 74 6 12 11 34 65 61 0 36 33 47 0 65 ]
[ 20 42 50 52 44 26 38 45 33 31 90 14 22 46 92 33 24 94 59 30 6 22 65 23 83 17 60 69 65 60 34 85 55 85 89 51 11 27 96 96 59 87 11 81 85 55 66 9 49 77 ]

Running merge sort algorithm: 
Timer (sort): 3ms real	0ms user	0ms sys
The output is sorted!
[ 20 22 3 78 44 35 11 65 13 23 16 10 29 18 16 3 11 81 78 28 15 57 27 46 1 67 36 99 54 19 22 26 41 25 57 37 13 20 55 78 43 23 40 72 41 8 27 52 41 5 ]
[ 22 24 11 86 25 66 97 35 39 29 0 13 21 94 5 39 23 20 60 64 33 16 10 60 84 76 40 50 10 67 23 33 43 34 71 20 0 21 8 40 2 8 5 23 3 11 63 78 31 23 ]
[ 10 7 33 34 68 98 43 21 7 98 23 60 48 36 42 2 70 97 54 7 87 31 9 63 13 85 19 54 15 1 41 77 8 26 11 28 25 6 2 32 4 25 45 5 13 39 7 83 37 13 ]
[ 29 91 33 1 61 18 47 34 17 81 39 22 45 32 27 15 16 0 24 36 32 11 24 10 67 3 20 22 96 24 59 25 16 44 26 29 63 73 63 32 7 3 54 4 87 34 71 3 34 95 ]
[ 71 23 31 4 54 37 72 45 27 58 15 2 78 46 43 56 92 14 16 28 12 2 2 40 14 16 11 32 14 15 19 38 90 2 42 44 39 14 90 18 72 57 73 2 4 68 10 48 82 26 ]
[ 21 11 7 3 27 18 45 49 78 57 71 10 42 42 39 75 55 8 91 4 9 76 6 29 68 1 60 32 32 70 0 6 33 7 61 60 25 6 10 55 15 33 18 57 28 57 33 83 17 76 ]
[ 31 27 29 38 13 62 28 50 54 45 20 99 92 10 71 40 26 98 9 46 54 33 55 16 59 54 17 27 20 33 4 4 13 33 94 26 47 22 76 1 19 49 53 11 11 24 4 37 23 13 ]
[ 11 86 42 7 95 14 67 21 15 21 92 11 5 49 7 12 64 0 92 98 72 26 23 9 8 57 8 81 41 68 18 5 54 12 12 1 27 32 74 42 53 67 5 10 68 65 22 33 17 15 ]
[ 28 58 55 3 20 28 38 45 25 49 41 16 2 13 51 14 53 5 32 94 85 39 91 23 9 1 99 18 31 73 24 11 32 31 66 4 60 4 49 37 6 90 5 8 56 56 75 61 13 7 ]
[ 16 0 86 53 34 44 55 6 47 22 93 6 64 23 19 26 18 55 78 89 59 45 48 18 1 42 49 9 86 20 68 2 72 6 8 7 51 15 65 50 38 10 56 2 33 28 80 3 35 10 ]
[ 15 22 7 5 1 37 4 94 23 0 95 3 73 56 32 55 9 74 19 64 59 1 57 36 7 68 8 13 29 88 0 96 63 59 1 64 96 57 11 20 57 6 23 31 15 8 86 24 34 57 ]
[ 13 68 25 27 82 16 8 85 14 64 5 52 3 18 17 88 75 89 33 32 49 18 24 39 4 95 24 27 3 61 43 68 81 21 95 16 37 3 1 4 19 59 56 22 29 25 62 4 14 47 ]
[ 30 25 13 1 56 95 15 77 55 60 11 7 5 42 37 31 32 62 31 96 16 31 18 30 37 29 52 31 16 18 41 98 43 6 51 99 2 66 29 9 78 40 16 35 34 5 18 18 68 50 ]
[ 55 82 6 40 94 44 8 51 32 63 46 39 10 0 58 7 89 34 68 51 25 42 55 97 5 38 69 15 55 26 74 10 9 32 2 3 77 11 7 9 26 5 0 36 6 58 44 47 44 64 ]
[ 12 3 12 2 19 0 29 14 13 61 97 6 16 38 64 6 35 14 30 32 31 63 77 74 79 74 70 37 92 23 49 57 26 13 59 97 13 40 12 78 53 9 84 69 0 1 28 35 15 10 ]
[ 21 9 63 68 28 80 55 59 18 11 61 43 14 3 8 33 76 0 41 77 44 20 17 52 33 16 2 33 95 68 55 17 29 70 37 57 2 44 68 20 7 30 15 22 85 23 7 13 75 48 ]
[ 28 56 21 19 33 20 6 6 53 28 36 52 49 50 91 27 30 45 0 32 16 5 48 45 60 48 57 42 27 16 45 55 24 66 27 9 38 33 16 91 13 4 96 63 55 39 42 37 36 42 ]
[ 49 24 5 57 41 60 7 23 18 52 4 36 73 42 60 46 56 7 27 4 25 31 24 53 17 11 66 12 73 39 95 22 64 1 31 57 13 38 33 31 42 37 19 16 79 32 62 87 39 41 ]
[ 45 60 13 38 11 84 56 42 30 27 7 83 25 89 4 43 5 38 14 49 20 28 21 77 48 7 20 28 65 55 1 10 15 66 1 78 3 9 73 33 36 80 68 14 21 73 57 26 63 24 ]
[ 0 52 61 62 67 0 89 34 42 0 22 4 47 12 25 69 86 33 32 14 34 3 78 93 7 46 57 47 48 23 55 0 75 16 62 43 68 51 29 10 4 3 66 3 15 44 72 53 29 4 ]

Timer (generate): 11ms real	0ms user	0ms sys
[ 46 65 75 17 89 28 73 54 12 38 82 71 92 67 95 97 87 26 0 33 59 4 38 61 37 69 35 0 68 68 25 14 85 0 31 74 29 56 81 93 46 63 64 38 82 11 87 21 38 88 ]
[ 6 97 44 44 58 33 65 45 33 33 13 58 99 99 10 82 25 91 38 58 84 36 73 0 74 55 12 62 28 2 2 34 51 46 30 61 79 48 6 64 33 72 74 33 23 84 67 48 76 6 ]
[ 7 12 42 80 13 69 88 77 83 68 31 37 55 82 83 85 43 14 85 1 30 71 73 4 56 96 88 23 97 64 81 56 29 24 88 42 45 76 71 80 45 2 17 52 36 52 89 79 18 75 ]
[ 80 48 46 6 52 54 2 92 77 99 9 59 55 38 35 44 32 32 72 3 12 69 57 29 21 93 81 11 24 99 38 56 99 36 62 3 90 17 95 67 16 4 78 24 42 65 20 26 97 92 ]
[ 81 9 14 38 38 87 83 71 98 7 22 88 64 21 24 78 24 14 95 72 34 64 76 64 88 71 30 8 49 27 52 31 37 18 69 27 6 5 99 56 12 73 45 28 95 69 59 71 36 54 ]
[ 43 22 18 72 86 58 95 16 18 44 44 23 75 33 41 97 60 47 2 11 56 14 85 1 95 32 22 54 3 58 60 99 80 79 71 67 37 66 35 56 10 31 31 38 64 72 35 77 72 37 ]
[ 40 28 51 25 81 98 57 3 52 13 62 13 12 42 44 35 61 33 1 97 41 63 28 72 1 45 45 88 22 69 25 62 97 29 40 30 27 49 33 32 14 95 97 78 90 41 13 3 74 66 ]
[ 0 68 82 81 40 35 26 37 24 0 6 49 14 55 78 6 85 6 8 19 90 22 66 87 1 56 28 14 12 54 33 12 22 15 45 15 50 71 52 74 23 11 24 90 66 54 96 52 60 4 ]
[ 23 50 79 41 89 80 50 17 46 62 24 79 74 98 94 72 13 45 43 18 19 19 29 95 9 95 50 57 99 62 14 74 65 93 16 54 73 66 24 19 28 48 99 54 98 45 26 12 90 22 ]
[ 30 62 93 11 9 2 6 11 11 58 74 25 32 91 18 0 45 43 66 21 63 46 21 14 1 20 59 79 84 2 1 66 64 46 77 25 0 35 37 12 93 11 89 78 54 8 78 51 3 97 ]
[ 73 66 95 46 32 48 66 44 28 2 46 81 68 10 28 45 87 28 33 24 92 26 87 82 56 41 42 87 93 45 36 18 64 31 64 96 80 31 40 60 85 86 93 54 48 73 51 36 2 84 ]
[ 60 46 63 0 28 19 41 70 6 34 68 42 52 32 26 17 28 58 0 21 18 85 59 11 91 8 85 43 96 39 79 8 85 42 8 66 62 50 88 20 36 56 15 41 88 41 10 69 99 10 ]
[ 90 69 47 1 80 91 61 17 34 57 8 65 18 46 8 78 12 70 80 0 42 17 9 57 58 49 98 20 18 49 82 60 18 29 62 51 72 23 68 58 33 77 24 3 75 32 81 87 2 62 ]
[ 39 44 79 0 54 89 50 52 61 20 2 43 33 72 24 95 23 97 70 44 55 55 21 79 58 96 11 40 35 65 54 26 62 85 27 16 26 77 20 87 97 22 30 30 47 54 77 70 51 0 ]
[ 14 7 7 87 38 66 35 50 58 70 15 12 49 29 49 76 45 75 53 66 62 2 40 92 85 87 98 14 58 2 66 24 9 74 12 47 92 47 49 2 70 17 14 19 46 15 47 92 90 52 ]
[ 10 52 54 50 96 91 90 94 6 0 96 72 24 57 98 88 57 90 36 58 92 58 75 58 29 22 73 76 66 63 80 76 67 86 78 15 78 68 62 36 68 58 60 93 68 59 81 77 49 69 ]
[ 35 94 79 63 52 60 85 26 88 3 41 68 79 61 55 57 76 33 78 38 21 46 49 81 91 69 40 25 46 42 46 33 36 26 48 88 38 85 66 27 88 60 95 19 21 2 29 49 87 7 ]
[ 88 8 53 37 90 97 6 82 22 4 24 68 89 12 46 38 53 85 23 71 12 64 31 59 83 4 62 12 54 49 19 94 10 25 31 0 22 89 34 96 45 11 64 86 23 63 24 28 48 0 ]
[ 0 60 64 83 71 99 40 33 12 94 35 83 40 45 60 23 97 34 12 83 30 9 94 47 95 70 10 72 98 58 72 50 70 88 34 41 39 74 27 3 20 62 87 12 7 99 35 56 34 47 ]
[ 39 16 8 34 15 3 56 77 27 6 87 99 57 57 39 43 51 31 17 78 34 89 40 73 1 99 73 36 7 59 35 46 27 95 32 95 50 88 72 78 95 60 29 4 17 69 47 20 0 16 ]

Running merge sort algorithm: 
Timer (sort): 2ms real	0ms user	0ms sys
The output is sorted!
[ 92 67 5 53 74 17 8 3 7 40 3 95 71 36 11 0 30 31 83 1 44 29 65 66 68 5 1 12 33 7 34 25 74 39 30 48 8 39 3 68 31 7 15 2 95 26 2 25 9 38 ]
[ 26 85 14 22 4 69 29 25 70 4 19 45 23 51 23 83 40 68 19 99 47 78 21 6 8 52 3 9 17 69 26 43 6 40 18 11 10 47 88 32 3 7 77 27 10 0 62 2 20 33 ]
[ 96 52 14 7 23 57 17 50 15 79 14 86 33 20 14 22 12 93 32 72 82 44 53 41 3 24 41 17 1 26 46 49 30 13 57 5 22 26 7 37 5 21 24 38 41 90 13 6 35 45 ]
[ 10 93 30 5 61 23 7 27 85 18 17 60 2 69 41 57 48 12 6 26 32 12 60 11 6 11 48 58 4 31 6 14 24 88 19 37 12 79 65 49 97 82 10 51 4 51 8 52 15 67 ]
[ 55 22 58 79 74 47 17 29 31 1 9 74 8 68 17 0 31 16 20 75 1 29 27 5 55 58 5 11 72 8 64 27 30 74 59 5 22 76 86 5 78 47 31 38 15 1 38 99 17 10 ]
[ 8 72 34 26 29 15 4 1 77 22 0 16 43 20 13 19 5 18 32 7 20 92 12 99 17 18 36 57 3 54 52 64 78 38 90 59 54 47 13 83 21 65 51 16 85 16 36 42 35 20 ]
[ 64 80 31 14 42 50 30 83 41 3 37 38 7 1 2 67 16 40 63 19 57 58 21 5 75 0 46 12 95 3 77 59 84 9 25 78 11 56 13 4 11 51 42 18 4 96 38 21 36 1 ]
[ 29 35 53 92 88 2 23 5 4 21 36 69 84 30 24 59 23 95 70 46 35 43 15 45 3 30 39 42 35 29 4 17 64 9 9 4 11 32 10 67 5 98 89 89 80 13 0 4 9 22 ]
[ 36 31 47 11 42 78 25 10 47 80 2 44 17 16 39 4 0 58 6 9 33 35 3 20 34 1 4 70 32 75 6 68 58 5 31 0 36 57 10 83 89 64 80 58 80 19 62 33 29 69 ]
[ 10 70 54 21 65 29 84 18 15 47 18 74 80 55 26 58 19 28 5 29 51 37 64 3 23 14 34 27 51 17 16 13 87 23 34 5 52 19 75 19 18 93 45 50 1 23 9 20 52 66 ]
[ 42 17 38 82 0 87 11 16 78 7 43 5 84 41 28 10 65 9 69 7 16 41 50 42 24 20 96 21 53 31 58 95 1 48 30 1 36 41 69 66 0 12 23 84 6 52 47 23 13 16 ]
[ 72 9 37 26 32 16 63 77 6 10 61 30 7 96 69 19 59 26 17 5 79 14 35 61 34 13 27 29 18 29 29 42 38 66 21 71 34 36 0 92 46 13 74 53 10 44 25 21 22 42 ]
[ 83 82 66 32 42 10 1 38 76 81 6 6 11 59 25 13 7 10 1 45 59 8 4 23 4 47 89 22 43 43 47 78 26 13 11 20 75 64 10 4 45 17 62 56 76 87 22 35 49 23 ]
[ 16 32 55 62 75 86 15 43 64 7 28 9 14 28 13 27 43 9 5 86 65 8 45 0 76 70 86 29 6 66 29 74 51 37 36 26 75 3 21 40 62 49 49 28 29 14 8 24 24 13 ]
[ 32 27 64 0 54 49 79 86 12 18 7 37 76 76 45 10 19 33 10 17 31 4 0 89 44 2 65 82 25 32 42 10 60 6 62 66 7 93 4 19 11 11 8 88 39 5 50 59 39 60 ]
[ 13 82 81 17 40 3 5 41 15 54 98 43 50 29 43 60 26 35 21 1 38 40 38 25 9 42 49 39 8 48 9 21 82 42 39 23 45 96 16 13 2 15 8 52 96 3 64 22 38 85 ]
[ 14 22 73 19 33 27 17 42 40 31 57 60 78 22 73 46 59 69 62 23 6 16 26 29 2 41 11 61 14 30 9 29 5 83 0 38 62 69 32 2 1 41 15 79 63 88 25 74 10 39 ]
[ 80 87 62 39 74 97 21 0 73 6 26 19 9 93 12 18 7 10 63 26 13 44 12 49 24 76 91 69 2 37 17 34 24 31 25 50 28 46 50 54 4 28 25 13 21 37 31 28 47 46 ]
[ 79 4 94 29 20 3 19 4 2 16 3 3 48 0 25 25 52 36 27 65 81 32 10 46 93 76 15 40 42 74 30 21 30 76 3 51 79 22 7 33 90 10 36 38 63 61 15 15 97 42 ]
[ 2 3 33 55 14 53 61 40 3 11 58 16 8 24 50 58 38 62 26 42 2 31 10 48 6 28 21 1 80 45 96 34 0 81 90 66 34 51 6 90 14 17 58 74 41 9 33 31 71 59 ]

Timer (generate): 9ms real	0ms user	0ms sys
[ 63 70 39 8 75 48 72 93 72 3 60 51 73 99 15 82 37 17 40 20 3 75 23 60 43 9 78 90 96 67 76 60 89 15 20 17 16 92 10 88 47 22 92 73 73 59 55 10 29 48 ]
[ 82 32 23 6 44 19 67 74 9 63 93 86 75 83 53 96 52 69 40 62 10 40 36 54 13 9 13 20 71 42 68 54 26 92 12 23 63 79 49 72 94 43 10 22 78 16 18 30 37 10 ]
[ 44 47 2 80 1 15 41 67 88 12 61 56 18 88 0 82 63 63 61 12 88 8 55 50 30 85 66 0 15 4 10 59 3 65 91 57 32 32 24 20 97 85 77 67 25 29 50 40 93 11 ]
[ 53 33 71 60 83 1 46 2 1 61 58 64 73 61 29 64 70 61 49 46 82 98 84 11 65 9 40 15 50 85 79 55 18 50 15 54 52 61 56 5 75 14 69 48 27 50 64 98 12 65 ]
[ 96 46 63 80 9 29 42 1 96 44 87 75 99 57 78 66 11 82 80 19 87 55 33 9 55 13 59 71 63 23 37 59 21 0 40 30 81 82 84 78 26 71 5 77 80 35 43 44 17 23 ]
[ 63 5 78 49 14 85 62 25 57 77 49 94 36 22 46 28 53 80 10 89 58 88 12 15 65 92 51 9 36 20 84 52 25 63 1 91 0 15 69 57 44 18 3 80 92 2 9 45 82 71 ]
[ 86 92 60 98 7 77 91 10 86 79 31 71 31 8 86 84 52 38 51 21 48 95 91 51 28 83 53 89 81 87 60 67 79 72 66 39 50 9 49 88 88 32 59 72 93 97 8 45 36 60 ]
[ 66 84 7 57 87 87 92 93 76 73 80 37 41 60 9 7 99 11 16 0 0 56 85 59 28 30 9 89 75 97 49 93 33 8 2 20 96 94 13 72 68 46 61 9 6 23 68 57 34 36 ]
[ 9 34 92 46 46 73 76 7 62 3 4 63 96 37 71 98 57 19 45 23 44 13 69 5 74 27 28 42 36 15 78 97 1 22 96 47 95 72 54 57 76 58 20 24 47 44 75 57 63 20 ]
[ 80 7 33 1 65 59 80 45 1 68 60 31 17 62 53 13 61 49 38 16 6 14 26 79 90 26 23 65 83 38 85 15 46 70 68 11 29 0 8 82 20 69 13 37 83 19 3 44 68 41 ]
[ 12 26 7 91 57 97 17 80 63 52 19 0 67 17 23 87 80 52 87 88 87 7 57 0 96 92 19 99 89 39 40 53 18 47 44 75 97 13 56 12 17 27 12 84 44 35 23 24 40 10 ]
[ 12 27 69 22 79 66 66 51 17 55 90 58 9 60 57 5 36 54 19 44 66 36 71 31 73 67 18 96 91 10 59 55 37 80 29 69 98 96 20 16 3 62 26 12 23 83 18 11 90 89 ]
[ 55 56 77 26 39 2 93 58 51 36 68 62 43 58 42 25 27 41 73 99 9 76 13 35 41 36 70 11 47 60 0 54 69 29 80 8 32 25 66 35 13 87 97 57 45 39 34 24 32 7 ]
[ 75 93 83 88 28 24 77 51 35 76 11 87 31 80 69 11 41 1 89 59 88 2 46 85 11 43 76 45 19 61 52 94 54 88 83 35 12 60 86 0 88 97 87 19 30 8 83 71 9 72 ]
[ 82 49 26 29 34 38 24 11 35 44 72 40 38 26 28 73 13 40 85 99 92 74 49 32 93 79 40 28 2 2 0 36 51 79 17 86 69 42 49 4 38 21 44 76 99 72 2 13 65 39 ]
[ 64 57 13 13 89 59 44 30 87 98 84 40 35 35 19 52 21 88 94 22 44 32 95 89 61 95 13 15 60 30 54 24 88 20 90 29 79 34 11 18 85 95 10 20 31 81 72 4 21 19 ]
[ 27 18 3 74 59 16 69 72 31 81 3 38 58 43 58 0 72 89 34 36 59 19 31 22 91 14 3 16 71 77 87 50 95 90 24 54 59 46 78 42 79 33 80 37 76 90 37 1 79 24 ]
[ 37 91 95 20 13 39 87 68 55 58 45 42 60 92 84 84 98 43 82 77 38 62 10 18 51 39 61 89 92 40 65 29 83 12 1 96 51 88 65 6 98 62 0 10 7 85 47 5 80 29 ]
[ 34 70 91 97 41 43 36 2 84 28 94 49 9 78 13 62 74 65 3 91 23 53 54 24 64 13 61 11 18 93 40 5 64 84 2 5 27 90 59 63 70 53 64 31 31 77 93 6 42 96 ]
[ 49 18 50 55 42 66 68 55 29 87 0 21 92 16 5 46 21 84 36 32 47 6 86 11 37 17 41 82 75 83 79 25 53 81 80 95 99 1 2 28 88 3 49 32 19 7 30 93 91 66 ]

Running merge sort algorithm: 
Timer (sort): 5ms real	10ms user	10ms sys
The output is sorted!
[ 13 16 40 40 29 14 5 16 40 25 15 55 28 9 31 52 33 8 3 97 93 73 40 15 0 18 69 22 89 9 13 2 26 53 95 7 20 0 23 12 25 90 67 6 51 99 58 36 59 14 ]
[ 67 41 52 91 20 3 83 74 63 74 22 3 86 3 6 19 16 66 49 53 94 9 1 86 28 30 4 0 94 9 1 13 50 6 4 22 9 87 48 25 14 22 28 0 25 34 19 94 0 20 ]
[ 42 11 83 15 43 56 34 31 10 65 20 88 78 44 2 28 81 22 31 1 42 2 9 37 24 36 53 72 11 0 16 5 12 52 20 7 8 7 38 70 24 58 59 54 54 61 34 35 35 66 ]
[ 63 53 35 55 25 0 31 32 63 11 1 47 9 83 23 12 15 5 6 0 91 55 93 11 8 82 81 51 40 98 62 3 4 49 10 29 49 41 13 12 52 66 11 13 2 35 25 69 40 32 ]
[ 84 54 23 33 20 76 5 38 20 94 7 25 94 34 17 42 62 25 14 11 1 5 5 32 90 13 31 47 7 6 49 44 12 24 29 32 1 34 22 21 29 29 99 75 15 16 17 77 93 83 ]
[ 7 7 0 71 12 10 95 82 42 26 68 5 3 17 67 14 37 2 83 5 18 53 20 19 53 1 5 85 89 10 45 96 18 45 19 82 56 14 16 50 93 84 7 48 1 26 15 38 29 50 ]
[ 92 26 35 6 20 6 16 16 23 22 94 38 85 37 45 14 9 39 16 16 2 47 60 35 21 23 53 95 3 54 1 47 32 36 53 4 95 70 20 18 44 66 56 29 4 2 96 13 93 12 ]
[ 33 68 7 6 10 83 7 1 42 16 29 0 90 72 13 25 5 75 19 80 66 23 29 39 21 9 11 83 15 23 27 48 92 35 7 54 70 14 55 13 30 36 65 72 8 78 49 65 6 20 ]
[ 28 80 64 46 50 18 87 8 42 13 41 10 17 65 47 3 70 41 0 19 14 32 44 94 36 0 28 60 53 22 82 33 2 99 31 4 17 18 12 60 32 5 22 49 71 69 4 93 11 4 ]
[ 58 98 15 20 30 26 9 6 9 32 90 34 36 25 9 3 20 29 63 25 4 29 34 41 5 25 74 54 60 22 55 70 21 70 43 3 49 52 9 58 36 51 44 24 28 53 28 0 82 91 ]
[ 67 24 18 5 25 42 13 97 5 8 32 6 44 52 23 68 96 82 51 87 15 1 0 44 69 14 12 13 96 17 45 63 94 15 20 19 57 33 17 14 94 1 21 38 5 96 58 2 30 9 ]
[ 25 29 9 53 14 51 17 49 8 50 47 56 86 13 44 20 36 32 25 32 22 69 49 47 15 65 6 31 12 36 23 37 17 32 90 83 36 7 33 44 10 32 0 48 45 96 21 82 28 46 ]
[ 28 60 46 27 29 10 22 42 9 13 38 33 77 51 39 98 77 8 50 28 30 74 10 49 18 2 24 3 77 69 59 5 29 5 84 11 68 59 53 29 24 44 62 1 47 1 51 24 62 1 ]
[ 4 76 3 59 40 15 7 34 55 53 0 58 12 47 58 16 96 96 3 26 74 7 17 21 35 66 68 59 1 3 66 58 31 70 17 23 37 24 58 44 29 10 2 42 57 60 10 53 57 14 ]
[ 43 92 97 10 7 40 4 13 38 26 68 41 96 17 28 35 74 7 13 50 1 84 9 29 2 3 31 6 8 16 85 51 8 82 13 67 22 18 80 13 44 1 54 92 18 83 27 45 42 40 ]
[ 42 53 20 25 2 68 11 13 24 16 84 25 48 41 98 2 21 79 39 92 48 13 26 39 27 34 49 56 10 10 80 52 15 0 77 18 21 40 31 97 9 15 74 57 56 25 12 29 4 51 ]
[ 64 27 66 43 88 39 11 5 50 41 4 21 65 7 37 16 9 1 24 80 12 20 29 83 2 49 4 35 14 58 1 31 37 19 74 77 10 37 82 12 30 86 33 95 46 22 64 7 24 88 ]
[ 26 65 75 69 15 12 4 45 40 12 8 2 18 40 61 58 41 16 20 19 80 18 42 8 45 70 74 52 24 86 72 51 3 47 72 71 12 28 16 4 40 76 6 58 16 19 16 10 35 89 ]
[ 32 23 47 20 54 96 24 87 38 51 38 35 48 5 7 53 22 39 17 30 1 9 30 37 1 98 34 60 44 48 30 29 72 29 49 26 77 73 14 16 77 4 3 25 9 63 30 83 2 48 ]
[ 56 41 26 49 24 79 74 72 26 22 2 30 90 18 15 0 13 59 49 12 7 3 61 7 32 8 30 49 57 19 51 65 12 77 15 36 56 41 60 35 63 15 65 6 33 32 6 98 92 7 ]

Timer (generate): 10ms real	10ms user	0ms sys
[ 51 18 55 83 58 27 94 47 45 71 12 94 98 92 63 74 58 34 51 50 6 6 86 91 33 65 23 61 66 19 50 69 37 5 52 47 85 98 94 82 22 7 76 20 51 39 94 9 26 97 ]
[ 11 84 3 98 27 88 15 51 49 33 70 99 2 7 57 6 54 42 57 0 24 79 59 52 99 10 91 46 19 69 43 31 54 47 81 81 87 48 32 37 81 2 88 35 61 97 41 67 39 50 ]
[ 68 15 29 27 67 29 38 11 75 9 80 70 92 34 17 25 68 57 73 0 46 6 55 34 41 68 84 35 36 23 85 56 91 67 35 58 96 73 69 23 35 2 93 27 36 63 53 56 72 78 ]
[ 57 18 85 64 4 78 32 88 13 20 12 51 76 55 18 12 13 66 37 35 41 24 89 86 52 77 1 57 34 73 35 91 91 72 55 48 51 39 36 16 60 0 19 36 55 89 0 21 7 38 ]
[ 8 48 14 97 87 66 74 88 75 8 14 63 51 57 35 58 5 86 98 42 55 58 94 74 94 50 64 47 71 23 37 79 72 51 28 11 70 2 51 45 11 65 8 14 75 96 73 80 34 71 ]
[ 74 89 29 69 16 75 71 32 22 94 55 11 25 79 63 53 90 33 55 42 78 18 59 39 85 34 35 58 67 69 29 41 11 10 62 27 37 85 11 12 79 66 23 4 46 86 9 88 71 17 ]
[ 30 50 35 42 41 20 76 76 30 95 97 11 89 8 21 51 87 11 89 98 23 68 17 46 25 15 85 34 3 56 51 86 58 39 28 99 11 56 27 42 52 77 53 41 37 27 44 25 38 33 ]
[ 75 13 54 92 11 79 59 96 65 63 5 69 1 15 8 29 67 71 37 46 65 89 23 71 30 61 98 75 38 88 60 65 1 14 10 12 93 69 61 11 84 66 80 85 33 40 14 0 11 52 ]
[ 47 77 93 22 48 76 35 98 51 73 86 63 39 87 78 1 51 23 70 12 34 55 30 66 40 16 6 7 16 18 11 15 47 4 38 95 80 25 93 83 99 31 47 90 18 77 91 21 52 13 ]
[ 34 87 68 16 5 61 32 12 68 1 30 31 16 77 35 6 24 68 32 69 3 83 0 2 25 18 79 68 91 32 81 77 71 2 94 76 63 78 40 83 31 70 14 48 99 1 6 75 21 90 ]
[ 44 25 25 44 27 2 14 59 70 6 43 4 83 66 58 29 42 21 8 83 56 39 5 22 39 57 75 98 32 97 40 77 74 18 73 1 20 88 12 43 94 7 47 29 73 5 59 68 78 19 ]
[ 3 86 10 60 8 2 17 83 52 2 80 44 31 54 62 4 8 35 44 72 78 38 80 77 20 5 34 31 73 12 2 76 50 12 37 58 66 6 93 70 8 74 15 91 80 29 96 40 64 40 ]
[ 65 42 31 97 19 3 2 53 34 76 17 36 4 67 0 93 77 19 0 71 89 60 97 4 52 29 34 0 70 98 92 87 93 75 84 64 78 86 70 64 14 87 52 19 7 53 12 84 72 64 ]
[ 7 61 25 4 18 29 34 4 81 56 54 73 95 99 1 79 64 31 17 34 96 84 73 48 3 32 53 67 69 25 84 76 39 61 33 9 90 19 65 71 27 19 96 22 19 97 53 35 81 70 ]
[ 69 77 54 94 77 9 27 31 29 48 56 13 24 47 74 9 8 16 28 73 39 55 93 87 77 64 37 30 99 18 53 20 95 7 14 72 69 93 55 98 41 64 63 18 11 37 27 20 5 56 ]
[ 45 44 11 90 31 41 54 68 23 5 86 76 77 33 36 92 58 5 37 13 55 31 77 18 49 41 7 76 13 12 84 58 8 48 49 39 89 55 60 12 61 98 41 38 32 77 82 42 34 72 ]
[ 55 89 3 33 59 4 26 66 32 39 30 17 97 38 17 98 29 6 54 41 70 67 40 11 5 24 40 40 66 74 12 21 15 67 6 74 71 32 92 3 23 22 72 73 12 89 71 94 47 25 ]
[ 35 70 92 27 81 50 51 74 90 17 48 54 91 64 21 49 90 92 82 83 47 57 57 20 30 22 9 2 16 9 79 3 79 72 31 12 74 34 86 64 52 35 70 95 51 91 44 41 35 78 ]
[ 24 82 36 34 54 66 56 16 20 24 25 0 79 4 24 10 16 98 97 3 14 49 90 84 44 41 27 40 34 62 19 11 96 55 45 51 73 53 67 94 77 92 46 56 96 70 19 64 68 16 ]
[ 19 34 17 9 18 13 2 45 53 89 59 72 0 55 79 45 6 53 98 73 99 27 17 45 83 65 67 54 30 87 70 1 21 87 11 39 52 65 36 6 54 95 30 6 50 10 51 9 15 1 ]

Running merge sort algorithm: 
Timer (sort): 2ms real	0ms user	0ms sys
The output is sorted!
[ 26 0 43 49 20 42 76 9 3 42 12 82 41 22 4 13 28 23 20 51 53 9 69 8 39 19 27 48 28 88 17 54 40 13 3 12 7 31 21 11 73 33 45 66 8 49 80 88 24 0 ]
[ 0 96 15 27 14 18 45 7 71 8 0 7 1 2 85 28 5 9 62 21 68 52 85 13 12 2 64 22 69 46 66 21 42 81 48 8 51 46 16 23 6 16 30 59 71 16 39 28 77 1 ]
[ 96 44 93 92 5 59 32 29 3 50 0 62 21 16 3 55 67 33 2 68 4 20 36 24 62 10 1 74 9 10 12 5 54 5 98 11 17 30 40 20 33 41 34 6 9 37 61 76 22 64 ]
[ 7 2 14 31 37 0 58 22 43 19 85 34 53 7 36 41 30 34 30 89 16 43 74 30 63 0 21 73 12 30 12 19 32 27 3 21 79 61 43 22 81 81 8 86 40 44 27 22 30 9 ]
[ 15 78 53 2 13 63 34 87 0 4 5 27 2 79 15 30 5 47 96 64 61 10 90 19 23 82 35 23 46 15 53 13 93 6 16 58 22 2 45 22 59 50 2 61 29 17 43 35 16 40 ]
[ 13 23 17 2 15 25 89 70 24 26 41 22 29 43 20 24 23 88 10 5 13 0 0 48 83 69 8 88 40 42 31 6 18 0 60 33 25 2 3 2 80 97 24 9 40 96 85 64 84 48 ]
[ 8 44 9 48 19 48 32 28 4 78 9 4 72 3 96 32 68 6 1 0 45 76 3 14 57 6 65 42 63 3 86 72 47 48 72 18 96 4 98 0 34 7 56 6 10 52 38 30 11 40 ]
[ 93 40 1 5 8 74 48 46 24 35 20 33 52 75 35 58 63 14 53 73 17 16 21 77 63 15 5 42 21 13 83 14 6 37 71 14 11 20 13 35 7 85 20 59 60 7 69 23 22 22 ]
[ 70 17 8 69 17 21 61 45 1 97 5 10 77 88 50 58 10 57 54 91 18 2 5 42 0 48 16 15 38 17 59 8 34 19 29 3 41 91 49 94 88 6 4 18 47 7 28 57 16 35 ]
[ 32 26 2 23 17 55 2 5 99 4 24 44 7 43 12 19 2 85 12 42 65 76 20 36 42 3 37 20 97 43 91 29 69 46 52 38 1 54 43 52 59 19 96 18 15 9 90 17 46 2 ]
[ 82 1 22 9 1 39 75 96 34 44 2 47 60 67 3 52 39 7 34 0 85 11 43 81 26 9 57 71 3 55 0 37 8 74 46 10 13 73 58 0 17 12 47 78 31 2 82 71 10 17 ]
[ 27 40 39 8 20 59 10 27 44 35 41 8 32 73 3 11 46 60 5 25 23 44 56 21 94 41 67 60 36 70 55 64 10 94 24 31 53 86 10 49 21 51 58 5 24 13 16 23 25 22 ]
[ 8 15 0 94 95 55 29 33 1 63 16 21 48 57 15 34 90 46 22 11 23 58 67 24 16 80 8 75 14 37 19 23 52 71 69 99 26 50 32 79 14 1 0 14 58 15 48 0 13 23 ]
[ 27 11 67 32 11 49 69 1 12 33 52 4 59 59 3 52 63 40 96 25 86 15 48 0 66 46 25 14 35 21 69 15 84 36 47 47 37 69 48 50 2 0 6 62 11 9 14 74 1 62 ]
[ 35 35 55 86 47 85 29 2 93 47 65 2 1 18 31 41 25 58 52 7 37 31 20 33 81 72 63 60 4 65 66 40 0 73 26 47 59 7 1 4 6 18 6 7 36 38 0 13 96 53 ]
[ 13 94 54 99 7 8 53 44 0 21 52 24 38 95 49 31 77 8 4 78 37 95 35 3 40 7 45 49 4 61 61 18 8 15 17 15 24 22 60 76 43 12 0 34 59 2 65 89 10 22 ]
[ 39 31 6 93 67 63 44 54 29 60 12 60 51 17 13 89 59 3 30 3 14 30 27 48 17 59 23 54 34 2 45 73 34 4 18 1 67 15 8 96 27 20 8 30 37 21 71 96 24 53 ]
[ 11 60 74 32 81 23 56 30 38 15 23 37 6 8 11 70 50 89 76 93 16 8 28 2 7 52 40 53 44 96 31 7 9 6 39 42 29 48 25 19 63 48 57 21 57 20 43 7 9 71 ]
[ 27 47 64 22 28 85 17 29 7 76 25 12 16 88 9 56 9 61 47 69 1 58 14 3 9 11 34 1 34 5 7 61 4 71 36 84 56 5 13 63 34 38 27 50 79 89 58 88 50 5 ]
[ 35 9 20 4 39 28 16 19 93 98 66 86 46 9 18 93 31 42 34 42 4 32 55 20 15 24 74 60 73 66 21 8 27 93 64 18 21 32 37 14 30 56 53 28 17 23 21 0 17 55 ]

Timer (generate): 12ms real	10ms user	0ms sys
[ 10 75 26 93 29 70 63 28 91 75 43 64 28 58 35 19 19 62 63 92 32 88 61 56 27 40 87 67 63 26 14 25 1 40 18 31 62 82 59 54 57 54 70 37 12 6 56 31 68 72 ]
[ 76 52 12 37 60 39 29 47 59 92 73 73 17 26 13 36 9 28 70 68 82 27 74 52 17 86 10 73 70 30 97 98 82 10 87 94 1 16 41 60 9 66 85 26 45 51 14 54 79 84 ]
[ 75 13 64 49 17 81 88 28 6 10 58 4 8 93 66 95 39 67 11 81 80 20 99 17 99 44 68 13 51 99 98 26 12 62 27 30 95 15 10 1 25 20 57 85 65 23 80 5 43 44 ]
[ 38 75 16 37 44 15 34 13 81 37 64 79 63 77 93 42 59 40 58 69 93 35 89 51 21 55 26 53 60 21 97 98 48 14 87 93 29 73 58 62 10 22 93 25 51 86 68 10 78 78 ]
[ 79 72 65 21 23 86 76 1 40 88 23 37 38 23 3 77 16 33 3 26 95 13 49 89 91 52 27 11 63 6 41 94 30 6 15 53 45 43 54 85 83 29 74 73 53 78 51 21 63 54 ]
[ 48 10 19 97 51 62 1 31 73 64 89 66 11 19 73 26 72 18 22 78 55 5 60 81 79 13 11 82 86 74 88 34 37 7 83 40 70 85 71 95 1 60 62 12 79 87 39 3 5 13 ]
[ 34 12 18 46 93 49 11 5 31 97 31 19 32 68 79 15 61 1 52 32 96 54 45 10 66 76 97 57 80 54 70 66 66 41 12 60 90 23 17 74 20 0 45 4 21 24 72 82 77 24 ]
[ 14 74 78 59 36 97 36 34 54 68 40 77 86 7 18 98 19 60 73 36 34 45 88 32 50 9 8 22 91 86 46 6 12 77 17 48 26 5 34 80 73 75 57 59 34 27 9 53 88 82 ]
[ 41 74 28 29 6 78 39 15 52 30 53 50 88 65 27 6 65 5 11 0 86 37 27 95 96 61 23 58 14 63 40 7 37 68 36 44 98 27 11 50 10 64 1 98 81 80 56 46 86 20 ]
[ 98 24 9 25 71 57 38 46 15 4 9 56 11 47 76 0 43 75 27 6 77 37 22 30 88 3 11 96 1 49 16 0 25 25 77 96 83 68 43 50 72 4 6 84 3 83 36 46 10 63 ]
[ 4 87 53 26 18 41 81 81 37 83 82 6 35 7 83 64 3 18 32 98 69 5 3 75 41 6 10 77 5 72 92 9 12 45 88 30 38 21 63 28 56 45 34 91 4 17 56 7 36 88 ]
[ 6 57 45 61 32 86 67 95 63 24 67 56 86 79 53 26 61 92 47 76 20 4 73 6 95 77 23 3 85 11 92 43 20 37 4 5 76 23 0 39 48 19 47 86 51 53 12 12 45 59 ]
[ 41 17 63 14 23 11 92 98 14 29 62 58 72 82 48 28 87 24 3 39 15 3 59 15 89 10 68 1 74 65 61 67 82 76 82 57 39 74 55 54 55 69 64 79 52 64 7 91 40 62 ]
[ 31 8 66 42 75 7 52 43 9 78 60 22 46 94 50 80 51 90 6 58 96 61 28 12 40 32 77 99 23 69 61 6 77 79 48 52 39 52 47 0 83 7 22 29 1 24 9 4 14 15 ]
[ 63 62 28 43 75 68 75 4 67 50 73 80 57 51 12 5 3 51 10 3 51 93 62 25 74 64 49 83 20 16 50 35 78 78 78 53 98 53 57 65 56 31 97 13 34 9 70 89 60 32 ]
[ 92 63 25 55 88 99 71 38 34 91 54 36 27 84 14 57 38 64 63 47 29 19 30 27 84 64 88 6 54 49 39 98 12 64 53 53 16 76 91 50 20 97 39 47 33 5 56 71 70 19 ]
[ 71 99 38 1 78 74 66 67 81 72 68 20 70 80 36 24 85 52 52 28 55 72 25 94 71 11 99 28 82 69 47 5 69 38 7 99 64 73 18 45 97 86 65 67 19 2 43 4 54 96 ]
[ 33 61 68 10 55 40 21 55 68 56 24 67 61 45 57 20 97 22 93 15 67 42 2 85 10 21 39 53 77 45 49 10 7 70 73 62 10 94 17 30 2 94 49 64 91 59 84 88 81 30 ]
[ 4 0 72 58 37 34 31 76 88 8 22 89 71 81 11 44 43 21 90 13 3 93 59 5 9 50 64 45 39 97 27 43 49 52 53 87 86 84 15 26 92 89 68 63 70 79 59 66 53 50 ]
[ 31 8 95 90 13 4 40 29 1 31 26 29 26 28 33 79 67 19 63 34 98 56 24 66 71 46 97 31 12 50 81 43 11 28 33 76 32 26 6 85 57 84 66 84 12 99 63 31 19 27 ]

Running merge sort algorithm: 
Timer (sort): 5ms real	10ms user	10ms sys
The output is sorted!
[ 9 6 47 0 29 65 57 14 45 34 34 5 37 58 18 62 98 44 1 32 51 69 2 70 20 75 43 75 97 13 53 6 19 52 58 0 17 15 14 62 1 1 20 39 11 38 1 10 35 55 ]
[ 72 86 23 30 10 90 0 44 16 9 26 9 0 1 4 27 20 24 5 45 65 83 27 22 21 15 2 15 84 65 61 56 4 36 86 14 27 39 10 95 0 89 5 0 42 61 27 14 37 84 ]
[ 43 14 28 3 26 19 37 42 58 0 35 19 4 78 9 53 81 17 62 62 9 61 38 7 13 6 68 83 14 15 43 57 29 71 60 8 42 50 50 1 2 38 20 58 16 81 11 49 50 25 ]
[ 20 37 10 15 68 75 87 55 68 18 56 22 10 34 51 59 10 82 4 10 14 63 15 32 32 80 0 23 60 3 32 33 40 42 48 9 18 87 16 38 5 24 12 15 10 63 27 21 45 83 ]
[ 16 18 97 0 36 14 20 9 46 48 50 64 15 51 67 10 3 16 59 62 14 51 8 59 51 82 55 57 43 93 39 12 11 36 12 99 2 84 8 48 32 10 13 0 13 32 62 17 48 22 ]
[ 32 12 40 14 51 61 58 41 44 2 19 38 6 39 16 27 86 78 53 85 35 9 61 43 81 11 25 0 8 10 21 40 22 13 7 25 75 17 66 71 19 38 9 78 77 78 5 15 8 58 ]
[ 52 85 24 10 56 15 13 19 85 19 85 59 23 24 32 10 34 20 10 20 16 4 0 63 13 38 87 9 74 50 63 27 87 39 37 43 54 51 14 92 70 0 3 46 24 35 8 10 7 70 ]
[ 45 88 88 7 44 68 95 19 68 49 23 35 15 65 36 3 58 0 25 36 24 87 66 78 8 6 41 15 5 29 0 2 17 41 9 13 9 56 32 30 57 8 65 24 73 54 28 32 54 5 ]
[ 5 7 45 6 16 26 65 79 94 11 50 46 43 7 4 16 71 30 70 49 65 90 25 42 53 26 60 71 71 1 3 77 60 48 35 28 74 0 7 20 11 9 67 6 16 23 22 39 5 45 ]
[ 5 11 72 40 30 67 9 16 25 30 65 0 11 62 96 26 53 9 23 10 87 6 44 24 72 85 20 64 24 27 94 29 38 18 21 69 85 30 37 63 13 2 15 24 65 11 51 18 20 26 ]
[ 29 89 80 70 10 53 77 4 5 59 26 20 2 34 8 2 23 22 13 91 48 80 71 5 98 59 38 32 23 12 21 4 2 53 26 12 6 4 16 63 15 94 83 17 29 43 71 4 17 85 ]
[ 1 56 13 10 23 34 14 99 78 13 47 62 58 18 50 83 59 15 70 20 10 24 56 13 17 25 2 64 22 50 12 23 6 26 85 30 60 0 29 91 13 77 53 23 47 55 7 6 22 77 ]
[ 43 50 39 73 22 44 63 15 85 24 0 12 17 35 62 9 2 7 64 63 6 12 43 41 49 17 43 0 48 77 66 91 27 5 17 1 2 32 17 39 56 69 51 26 56 13 87 58 21 51 ]
[ 59 62 9 30 8 4 41 5 26 48 4 60 5 48 59 99 18 80 89 49 6 20 30 31 64 0 17 11 33 52 9 93 14 18 23 74 74 16 79 0 17 35 12 22 35 72 73 53 4 62 ]
[ 38 96 66 8 47 17 19 25 5 50 22 51 13 44 50 29 6 60 26 32 42 19 70 17 13 13 10 84 93 17 54 31 65 20 40 65 38 11 90 43 13 12 46 26 8 96 7 66 8 34 ]
[ 26 39 22 32 78 29 48 23 0 31 3 50 35 49 31 31 46 70 45 77 26 15 36 46 74 40 83 58 0 55 22 26 47 44 10 25 25 10 1 77 41 56 79 77 5 62 8 4 33 6 ]
[ 25 33 18 28 0 11 1 34 16 9 87 10 22 38 8 17 14 55 16 40 89 34 83 77 7 25 13 52 98 68 99 23 1 69 3 53 32 4 87 49 65 26 11 39 65 19 56 79 26 24 ]
[ 41 74 28 17 75 97 96 59 7 35 64 28 50 3 13 30 48 0 17 17 28 67 19 96 53 32 50 75 10 46 24 3 20 4 21 47 1 69 59 8 5 23 89 7 78 2 89 26 2 7 ]
[ 41 22 35 46 85 33 39 34 86 3 69 7 54 5 24 86 18 19 43 12 44 18 86 53 50 74 22 17 4 13 42 46 35 30 44 73 63 35 7 2 39 29 9 45 34 86 31 4 5 74 ]
[ 6 70 88 15 88 95 98 5 52 17 19 57 41 27 9 90 57 38 88 8 2 6 26 39 41 15 5 27 76 37 28 35 7 16 2 95 11 0 0 15 69 19 24 10 99 34 53 56 24 41 ]

Timer (generate): 10ms real	0ms user	0ms sys
[ 11 34 61 35 30 47 9 66 79 84 77 51 10 87 19 53 69 5 7 95 70 9 75 44 88 86 2 20 60 89 73 72 23 87 59 54 86 68 72 66 52 1 17 62 89 88 67 58 93 74 ]
[ 5 15 35 32 12 24 18 14 96 31 55 22 3 79 9 62 85 95 82 9 13 35 11 30 49 0 70 17 10 16 43 67 31 31 99 43 7 70 10 3 1 65 25 56 96 86 18 33 34 0 ]
[ 43 47 87 54 78 37 54 0 6 16 16 1 83 0 32 34 43 91 4 5 95 57 23 72 13 19 11 83 53 45 84 96 92 23 2 22 60 8 23 18 24 91 20 7 91 4 41 87 96 98 ]
[ 44 43 7 67 67 21 87 78 56 92 75 92 40 20 16 42 42 28 50 17 99 26 61 71 33 52 75 26 91 23 24 36 18 32 3 86 5 42 16 13 86 44 6 26 64 74 20 58 2 22 ]
[ 76 1 48 89 72 33 93 0 60 85 23 36 73 94 68 76 80 25 71 48 39 57 92 97 36 8 71 8 67 73 83 95 27 83 84 51 17 77 51 29 14 27 65 87 21 86 16 53 11 87 ]
[ 53 2 96 98 99 84 6 70 45 25 96 80 72 75 63 56 26 32 86 30 61 52 57 79 40 30 65 8 35 28 47 88 83 95 86 82 32 45 5 77 70 53 57 43 28 72 51 6 5 89 ]
[ 36 18 42 45 49 34 75 14 94 10 95 41 51 78 36 89 12 68 34 69 97 57 74 6 52 2 79 55 61 36 97 97 6 39 43 56 25 70 22 19 33 69 12 84 99 48 73 12 69 60 ]
[ 33 66 69 8 73 21 62 4 28 23 92 25 21 50 16 16 6 93 38 81 64 71 50 76 7 50 77 33 14 46 93 47 64 14 7 89 87 70 93 15 93 37 41 66 88 57 34 46 51 73 ]
[ 27 15 96 30 44 4 32 21 37 98 67 82 97 31 96 5 73 83 75 66 50 20 56 91 39 44 1 73 90 4 46 70 71 43 52 15 99 84 36 36 34 55 70 31 39 18 88 12 53 15 ]
[ 30 3 36 86 95 27 30 48 0 73 52 99 95 23 42 47 91 41 83 27 29 17 83 99 0 22 17 89 34 70 56 64 25 44 3 72 71 85 20 72 58 24 71 5 0 65 52 91 58 87 ]
[ 70 87 56 5 38 57 27 7 98 13 29 54 30 54 51 85 27 22 70 99 46 81 24 17 86 76 34 91 67 92 78 37 31 35 95 69 44 74 28 42 88 9 48 70 64 51 55 43 74 77 ]
[ 42 20 58 18 90 97 94 24 88 61 69 66 51 0 53 46 22 97 20 50 91 60 60 92 82 76 43 89 19 69 67 13 42 77 32 32 74 78 8 62 92 77 81 43 78 34 41 0 84 13 ]
[ 2 27 26 14 71 8 90 67 50 61 36 17 27 78 46 59 62 21 89 71 83 81 48 16 76 26 51 17 78 87 83 81 66 9 47 38 69 38 5 19 51 93 88 78 24 87 89 86 8 79 ]
[ 9 43 60 58 60 37 36 63 6 15 50 41 48 68 2 47 6 72 37 63 43 89 9 84 19 33 71 9 71 31 40 81 74 52 91 34 41 27 97 0 94 99 41 94 20 44 42 78 68 79 ]
[ 42 11 20 3 47 40 36 70 1 59 1 93 40 76 45 83 62 87 11 12 39 57 63 80 52 83 76 46 62 44 77 56 8 98 59 55 38 47 26 91 6 79 84 99 7 29 82 70 68 45 ]
[ 34 7 55 97 40 7 33 16 5 47 61 82 3 21 80 14 76 70 61 54 13 19 86 97 70 93 79 5 15 99 50 49 59 5 99 99 64 84 67 21 31 80 4 86 1 36 52 78 59 65 ]
[ 84 72 84 70 70 7 16 49 12 31 48 14 33 7 72 84 58 36 68 26 10 51 6 14 89 8 2 41 38 61 6 74 34 42 97 56 49 13 57 13 96 57 28 29 65 0 13 75 88 33 ]
[ 53 98 36 60 64 25 20 19 18 10 80 76 36 66 71 33 22 20 46 31 86 43 89 14 24 6 66 90 81 6 75 35 57 12 47 21 89 19 92 60 81 25 36 17 91 7 51 66 80 49 ]
[ 97 66 44 38 32 69 44 50 59 26 56 86 13 13 98 60 87 40 31 79 0 12 4 36 29 48 96 32 14 76 82 63 94 78 2 26 47 46 76 58 24 84 45 37 98 95 49 85 35 80 ]
[ 16 35 44 73 24 74 21 20 58 87 48 92 2 42 71 4 20 70 3 48 81 79 32 78 69 30 73 18 67 61 51 36 48 95 9 72 21 30 44 80 69 92 72 71 34 43 76 6 14 31 ]

Running merge sort algorithm: 
Timer (sort): 3ms real	0ms user	0ms sys
The output is sorted!
[ 0 0 78 40 10 0 30 26 22 1 34 8 0 11 48 9 22 20 93 27 93 13 14 7 70 53 14 45 11 48 58 64 1 36 4 11 36 86 89 10 87 23 19 39 34 67 48 8 40 41 ]
[ 34 38 22 87 27 3 7 62 10 51 29 75 1 31 58 43 68 53 60 24 22 52 9 18 7 41 29 7 40 42 34 26 80 57 14 60 12 21 22 22 24 3 49 26 34 7 69 2 60 81 ]
[ 37 50 79 4 22 39 38 40 56 22 60 66 6 64 82 31 78 35 32 17 24 21 76 17 25 83 1 39 11 29 77 0 31 9 5 5 0 43 45 56 17 6 22 24 70 56 7 49 91 39 ]
[ 10 78 37 15 40 49 8 27 41 70 80 6 2 20 26 12 51 17 21 8 96 11 9 7 32 70 3 10 6 32 49 68 63 86 36 55 35 96 34 28 66 15 34 21 35 13 33 39 82 54 ]
[ 22 4 7 28 96 0 68 42 18 15 15 63 41 30 27 5 60 76 47 37 71 60 22 44 5 9 98 0 34 23 72 56 27 31 36 23 32 4 18 50 71 33 65 13 15 92 70 27 21 17 ]
[ 11 6 40 11 43 86 86 1 34 49 50 26 20 40 34 81 76 71 83 20 10 63 55 2 12 18 47 49 0 17 51 11 23 43 75 18 30 13 19 16 14 70 42 34 62 28 15 38 51 51 ]
[ 4 33 3 5 11 25 26 53 25 35 6 11 74 3 16 85 25 75 21 51 68 80 72 53 76 7 62 48 5 26 49 9 11 5 66 23 30 93 28 7 80 34 18 54 38 87 91 15 14 12 ]
[ 10 56 1 53 49 60 9 12 2 95 21 62 65 4 48 6 42 92 55 94 64 12 78 16 16 59 6 29 7 15 9 18 24 11 23 25 23 33 38 25 80 11 39 45 67 87 52 10 32 59 ]
[ 5 15 35 32 12 24 18 14 96 31 55 22 3 79 9 62 85 95 82 9 13 35 11 30 49 0 70 17 10 16 43 67 31 31 99 43 7 70 10 3 1 65 25 56 96 86 18 33 34 0 ]
[ 6 53 22 24 85 31 72 56 69 26 18 12 36 1 53 5 63 77 62 2 7 0 84 52 23 13 62 2 13 21 14 20 75 36 96 12 20 68 20 41 47 38 53 35 92 58 40 7 35 2 ]
[ 15 15 85 95 28 20 10 7 94 59 77 0 39 57 0 63 49 23 83 50 40 29 88 37 21 23 50 17 81 60 64 49 28 1 96 8 22 6 16 16 17 45 68 8 3 20 23 4 44 7 ]
[ 59 1 29 33 27 7 4 10 30 6 75 50 92 19 89 65 91 54 41 63 28 55 9 71 46 12 11 67 72 20 25 31 21 6 17 0 13 73 11 43 79 38 45 23 57 34 40 0 40 33 ]
[ 17 73 15 93 39 0 17 46 85 31 6 45 52 28 3 3 45 25 13 26 61 32 10 3 6 42 83 81 31 33 32 48 7 99 93 98 0 10 96 37 94 2 34 46 31 37 1 28 15 14 ]
[ 37 94 72 6 0 95 4 34 56 38 84 71 1 0 16 68 17 77 10 14 57 31 69 24 17 10 11 48 27 5 77 16 0 1 22 52 96 26 86 5 17 22 76 18 23 44 38 40 73 48 ]
[ 10 6 25 18 14 71 39 9 4 10 4 66 42 97 22 21 73 19 3 85 51 88 6 33 14 14 91 35 84 80 55 46 38 32 65 4 3 56 13 60 66 69 26 8 18 1 82 44 20 37 ]
[ 64 67 57 12 17 1 74 31 91 63 51 52 7 20 1 64 8 41 62 6 75 19 33 59 14 68 48 34 12 2 4 77 21 61 41 38 14 15 21 5 31 72 57 90 44 10 54 4 52 16 ]
[ 10 35 84 4 87 84 14 42 48 7 6 96 1 81 5 41 44 95 28 91 35 21 68 13 64 39 10 29 90 5 32 52 40 16 56 27 53 22 69 1 29 28 49 31 9 54 24 5 1 5 ]
[ 36 38 0 95 14 14 55 17 5 80 73 41 16 32 68 88 72 0 31 9 9 93 3 2 2 70 16 39 18 71 1 54 10 1 2 24 15 9 93 72 41 66 66 58 50 34 98 22 34 29 ]
[ 15 20 28 23 51 33 66 13 72 47 7 75 79 32 11 62 14 72 97 19 96 21 23 22 19 38 55 56 19 10 6 34 30 34 9 81 20 27 47 44 74 54 19 5 38 30 19 52 55 16 ]
[ 81 5 6 58 12 8 36 87 7 21 28 43 61 51 15 41 18 86 51 53 25 7 57 1 22 61 11 36 30 64 98 11 21 56 21 86 16 57 73 23 31 1 19 44 4 34 86 22 72 37 ]

