Timer (generate): 63ms real	50ms user	0ms sys
[ 35 51 36 90 84 0 57 77 7 14 78 17 31 52 52 96 34 59 40 23 35 59 37 7 22 88 75 3 38 85 59 25 36 95 67 72 47 77 49 6 91 27 24 74 80 76 71 66 87 63 ]
[ 89 22 22 26 81 44 67 8 99 57 93 59 35 81 6 54 54 6 31 3 12 22 31 36 97 63 64 20 29 51 83 70 25 6 48 6 2 67 15 2 25 8 61 12 90 19 66 44 25 98 ]
[ 99 90 72 30 26 21 45 43 93 74 46 29 96 72 35 45 30 37 64 45 91 41 6 4 53 48 24 72 44 1 22 43 91 94 26 70 68 71 13 61 98 11 42 94 83 77 91 14 67 8 ]
[ 11 10 49 69 15 3 17 39 27 61 92 49 57 84 95 83 6 63 54 71 77 4 82 19 51 66 49 42 32 68 50 95 78 52 65 93 55 82 84 82 96 29 83 53 13 78 36 71 42 42 ]
[ 42 71 47 24 90 98 90 91 92 74 59 95 70 90 47 35 83 54 69 20 88 65 49 71 70 14 49 6 85 43 1 27 66 0 3 57 98 46 0 42 20 60 89 90 50 36 77 85 42 47 ]
[ 57 30 64 6 53 35 72 55 93 57 98 94 36 65 94 40 74 44 86 74 39 58 86 28 1 88 65 78 74 7 77 31 90 42 90 43 77 14 98 70 24 49 17 60 66 63 52 92 8 90 ]
[ 66 47 1 5 27 2 93 44 32 19 4 10 3 94 4 93 89 33 7 40 55 31 89 24 44 7 88 48 99 96 39 17 95 40 22 74 94 68 19 26 87 23 88 90 17 44 35 6 77 43 ]
[ 46 85 26 87 9 22 94 97 71 45 45 62 63 92 54 37 67 48 5 86 26 45 9 67 35 78 11 71 36 41 66 35 26 44 22 35 67 69 85 90 66 30 4 29 75 58 19 42 58 76 ]
[ 80 36 21 89 3 9 19 67 80 55 8 98 42 86 42 17 73 61 38 58 3 4 41 7 86 16 17 5 10 27 33 90 16 55 31 71 64 50 38 96 57 98 94 0 84 88 69 10 2 7 ]
[ 68 5 11 61 65 97 77 34 54 87 14 88 77 30 95 60 1 11 10 40 7 20 90 53 72 27 93 41 37 95 48 5 53 59 67 70 9 96 4 63 36 18 3 13 48 98 74 2 9 36 ]
[ 94 68 8 84 21 80 11 15 21 48 62 69 6 15 81 25 37 90 73 42 53 9 12 9 75 61 7 1 63 69 89 57 37 98 93 11 78 57 78 0 57 92 21 15 60 2 40 97 44 66 ]
[ 39 50 75 52 59 2 65 18 3 80 87 93 89 77 91 34 40 21 91 18 73 49 10 95 64 22 49 57 20 94 23 11 44 50 15 55 53 80 73 8 12 61 53 53 90 96 88 30 18 79 ]
[ 0 91 28 62 38 93 85 88 2 5 34 25 16 30 27 32 85 32 64 10 93 29 71 46 82 13 43 70 43 13 2 43 4 30 6 95 75 43 83 77 48 69 54 16 99 34 0 36 66 65 ]
[ 46 59 46 70 58 28 83 1 51 79 66 53 22 70 35 80 65 63 23 0 92 23 21 99 40 72 33 40 8 51 57 7 63 55 29 21 84 12 74 87 43 40 40 18 62 75 98 80 90 74 ]
[ 32 83 97 54 82 89 26 15 82 87 66 91 94 29 47 23 2 31 87 76 18 31 16 10 49 79 37 99 59 28 73 91 11 23 97 45 64 24 12 46 63 78 38 9 60 37 32 14 20 71 ]
[ 91 90 54 59 0 55 38 89 55 49 17 80 93 80 55 90 25 20 66 37 18 29 68 56 38 80 45 22 94 65 46 37 55 0 97 55 8 87 45 63 89 14 95 34 47 51 76 72 23 43 ]
[ 62 41 24 82 50 15 14 95 89 60 61 87 98 68 40 47 24 48 86 21 63 75 87 58 9 34 61 86 59 84 81 73 78 57 55 28 72 69 75 14 81 36 1 79 5 41 78 81 89 65 ]
[ 54 4 40 93 63 2 28 76 40 39 13 21 12 91 78 67 71 3 88 46 69 69 35 70 1 40 64 79 73 5 44 79 10 37 72 73 39 52 1 79 91 14 52 3 5 30 22 76 85 62 ]
[ 75 54 32 10 77 85 2 41 64 75 46 61 6 56 98 30 81 37 83 83 16 26 49 20 30 7 50 4 35 88 67 10 94 51 20 71 36 22 64 52 49 63 65 7 71 63 38 53 52 73 ]
[ 88 20 99 37 40 81 44 43 38 80 31 5 42 77 8 63 1 96 37 65 48 87 80 14 94 52 29 84 5 82 57 45 2 9 34 43 90 31 86 28 11 69 85 53 46 93 68 47 89 6 ]

Running merge sort algorithm: 
Timer (sort): 27ms real	30ms user	0ms sys
The output is sorted!
[ 10 42 35 15 5 84 61 64 60 13 1 37 13 27 12 21 50 69 0 82 29 7 24 1 36 0 39 37 27 8 24 38 3 59 5 8 43 19 24 3 32 77 93 46 5 5 19 7 27 71 ]
[ 44 27 8 6 21 50 68 17 43 62 37 5 11 11 37 3 25 56 55 88 18 23 78 5 13 81 76 0 47 4 13 92 31 74 50 5 24 18 22 19 33 59 24 44 23 13 0 0 69 7 ]
[ 6 92 64 50 13 6 83 56 20 6 23 8 12 47 36 35 83 35 0 21 7 39 52 26 45 15 9 42 12 27 8 18 19 72 20 32 30 55 41 51 13 64 59 26 11 47 13 46 34 13 ]
[ 61 87 56 63 3 76 14 72 14 14 13 53 95 10 22 15 4 54 28 68 20 14 33 34 2 0 11 1 35 65 13 96 53 69 12 8 45 26 32 12 40 46 17 35 8 40 2 12 46 30 ]
[ 4 44 23 39 17 95 1 28 3 8 8 22 12 35 34 11 44 51 0 32 94 3 41 50 81 19 20 13 16 81 82 20 25 57 59 42 4 13 22 8 21 31 82 33 18 16 96 63 19 48 ]
[ 98 13 72 27 25 35 54 18 82 37 21 70 6 46 28 17 4 61 6 35 1 1 28 92 45 75 28 29 23 40 60 21 54 32 0 31 67 6 49 2 43 23 24 1 21 4 18 25 17 77 ]
[ 51 57 43 59 28 46 1 49 6 45 11 0 30 12 37 76 60 12 99 31 6 7 0 32 30 71 21 7 41 13 37 92 23 33 51 51 31 5 0 37 50 11 89 33 75 26 9 36 38 8 ]
[ 11 46 68 48 77 12 41 31 5 58 22 7 0 57 22 42 54 90 5 22 69 35 3 15 29 0 11 59 7 68 41 71 15 61 19 44 74 12 27 79 22 2 38 22 11 61 17 65 3 22 ]
[ 42 69 0 61 92 40 73 66 28 56 14 52 12 30 15 66 25 31 41 2 10 3 18 95 38 0 5 61 17 8 81 59 29 81 20 21 21 45 39 2 2 53 6 14 35 22 32 12 53 26 ]
[ 39 22 6 87 69 62 92 27 12 3 1 1 62 49 15 11 79 9 18 29 68 60 21 28 31 55 57 8 31 36 1 70 59 8 57 28 70 49 7 34 5 8 36 19 57 3 30 36 65 1 ]
[ 3 9 10 29 75 25 26 35 4 36 16 8 43 65 2 12 42 8 1 76 44 71 17 45 2 9 69 65 45 14 15 48 75 26 78 2 51 56 37 55 44 5 15 39 23 17 52 65 77 53 ]
[ 18 2 39 48 30 33 29 34 39 84 80 1 29 13 45 0 85 10 30 53 85 9 80 0 2 0 21 95 7 10 96 26 12 88 26 43 21 7 29 60 92 9 13 21 22 58 22 60 20 4 ]
[ 52 64 1 77 31 34 17 14 80 55 2 45 1 40 9 60 60 14 53 16 52 62 69 4 57 47 3 8 49 95 14 53 12 15 31 43 1 0 9 82 7 63 79 8 3 40 20 16 55 25 ]
[ 28 55 46 60 32 61 3 94 14 39 7 53 8 23 65 2 70 16 65 11 5 32 70 42 48 30 16 21 75 20 3 3 27 49 15 60 10 70 6 25 9 13 30 18 36 96 72 59 12 37 ]
[ 11 3 20 4 84 34 39 11 16 46 39 75 10 19 10 8 91 15 10 46 71 10 36 12 0 7 77 63 97 1 6 9 5 78 65 41 13 4 52 81 2 92 57 65 11 19 73 54 34 35 ]
[ 13 61 9 3 8 9 7 14 50 87 30 16 13 1 40 55 66 48 14 64 25 33 50 76 1 6 11 71 46 28 32 11 42 93 14 50 54 73 16 4 12 99 20 25 0 12 80 66 61 47 ]
[ 62 60 5 44 18 52 27 40 20 15 34 5 69 42 0 6 4 61 40 28 21 18 53 68 39 0 2 63 6 24 29 21 36 34 17 7 38 44 47 59 60 34 16 81 76 17 87 80 30 28 ]
[ 48 95 49 14 38 9 15 64 52 20 63 17 7 1 94 17 12 1 28 3 31 5 2 50 61 47 55 48 25 35 24 73 83 25 39 21 87 7 37 39 27 0 56 34 53 3 3 65 56 31 ]
[ 78 8 11 95 65 40 32 1 43 66 41 8 94 16 30 50 11 63 4 17 73 46 15 59 7 42 1 69 3 8 63 33 16 27 28 33 19 13 35 62 31 76 23 26 44 5 28 8 20 84 ]
[ 17 23 20 53 31 32 25 10 13 6 97 85 0 45 83 23 18 36 53 25 26 7 3 1 11 49 22 93 9 97 31 78 20 51 32 4 35 57 66 0 63 16 86 15 61 21 39 32 9 44 ]

Timer (generate): 63ms real	50ms user	0ms sys
[ 9 6 33 21 39 39 97 60 32 5 56 10 31 59 23 57 27 88 60 19 86 9 33 28 25 43 76 80 82 48 42 43 54 75 16 93 66 66 5 50 71 13 60 54 73 35 11 52 23 24 ]
[ 24 61 33 9 42 10 5 18 90 87 18 32 83 72 59 99 18 26 65 23 28 36 37 41 90 10 76 54 14 52 30 38 65 15 0 7 25 5 77 15 92 95 48 27 68 59 27 86 37 44 ]
[ 61 66 81 98 7 23 60 35 29 27 39 59 17 5 74 17 12 51 22 42 67 67 37 67 94 57 26 73 95 64 18 57 82 51 7 41 26 20 76 56 47 16 67 64 73 94 82 37 45 56 ]
[ 79 64 23 17 31 70 74 58 43 22 74 61 79 56 64 38 97 91 58 25 47 5 93 66 70 66 60 4 4 58 60 83 22 36 52 54 6 79 64 1 1 38 15 32 46 79 70 43 22 29 ]
[ 68 69 86 62 88 8 28 0 12 84 58 25 20 81 61 24 87 19 3 3 72 56 41 87 40 87 19 63 82 41 44 50 63 30 64 51 39 45 51 51 29 62 76 1 95 89 26 34 60 81 ]
[ 37 33 90 30 72 30 69 91 45 51 85 89 53 48 20 18 51 59 63 54 62 44 16 91 46 63 80 24 97 41 5 34 26 47 16 98 30 85 90 75 36 75 65 42 75 85 60 26 96 23 ]
[ 80 58 19 49 49 65 12 82 41 62 75 99 96 1 46 65 99 76 50 41 4 39 68 69 81 43 6 41 21 2 16 2 12 87 3 62 5 15 96 46 77 23 45 26 24 44 91 75 72 93 ]
[ 69 76 32 37 45 65 33 51 58 54 5 26 8 18 14 11 32 19 27 28 17 56 51 63 34 27 59 77 54 31 71 23 8 55 13 53 73 46 57 31 52 62 58 61 80 24 72 64 43 51 ]
[ 92 12 60 95 75 46 74 34 24 29 18 47 4 26 54 17 31 27 15 88 59 20 3 69 81 35 93 5 0 88 9 44 0 21 92 28 67 66 14 91 47 32 90 52 10 45 21 42 24 89 ]
[ 82 35 9 85 4 42 73 49 47 25 89 8 69 42 29 13 70 97 80 36 40 79 21 83 31 31 28 5 73 4 94 56 40 55 93 96 97 18 46 96 43 87 5 13 29 86 26 51 83 58 ]
[ 88 76 38 9 59 21 40 39 78 66 43 24 74 83 79 19 32 28 38 78 25 81 17 82 46 47 68 25 98 52 83 38 80 73 99 91 47 40 30 25 58 25 2 32 61 33 51 93 62 41 ]
[ 23 39 23 40 21 69 87 89 46 38 93 30 28 73 55 28 64 54 20 46 32 78 24 34 62 85 67 65 78 81 7 1 20 30 41 41 51 81 83 98 71 76 80 99 2 87 27 18 42 47 ]
[ 65 74 77 89 60 39 26 79 5 4 61 12 57 33 94 50 75 45 83 10 95 54 86 27 6 88 15 33 7 57 33 24 83 10 65 95 2 43 74 7 47 35 71 56 69 17 6 96 62 90 ]
[ 6 10 96 44 37 2 33 4 88 92 61 21 68 96 83 85 91 37 28 66 96 27 53 67 83 74 84 41 70 99 31 28 61 80 73 98 82 58 3 22 2 16 43 22 65 79 7 8 16 87 ]
[ 74 65 14 80 32 49 54 69 90 77 20 74 57 81 54 30 31 88 40 86 11 42 55 6 64 20 85 23 28 54 10 55 19 76 87 3 25 93 24 16 70 96 42 80 77 96 62 61 36 3 ]
[ 47 47 97 2 54 14 74 91 37 3 97 0 10 68 76 97 24 2 90 48 70 13 45 12 93 74 60 7 35 96 10 35 96 8 89 50 74 64 93 11 19 91 11 29 11 40 78 35 94 68 ]
[ 84 16 33 81 80 78 7 40 86 95 88 96 30 84 56 71 86 30 35 80 94 54 23 57 35 34 97 13 70 91 34 6 7 67 87 87 46 46 79 84 41 68 80 23 4 89 95 91 71 82 ]
[ 23 65 37 46 75 24 80 72 90 2 16 24 8 75 43 47 63 41 94 94 25 87 14 58 11 19 99 58 62 70 40 85 88 29 83 63 54 63 87 44 66 3 20 26 79 63 74 94 57 20 ]
[ 88 82 7 3 92 70 74 91 28 88 14 69 25 2 98 8 17 52 23 4 48 41 8 20 68 39 84 94 33 93 14 73 27 73 28 20 44 54 63 72 42 77 41 67 31 40 75 0 44 99 ]
[ 5 45 92 65 65 60 56 1 6 89 94 20 14 74 94 43 94 90 97 9 62 40 39 56 59 22 96 35 23 92 86 80 89 30 97 55 91 53 8 97 94 55 70 8 29 16 3 75 6 1 ]

Running merge sort algorithm: 
Timer (sort): 24ms real	20ms user	0ms sys
The output is sorted!
[ 3 30 14 4 47 32 21 64 37 21 14 13 59 72 7 50 3 58 13 22 86 51 55 72 5 72 65 4 49 1 4 5 31 18 9 30 2 30 94 39 3 8 52 15 32 11 65 35 69 31 ]
[ 14 28 58 16 10 80 73 32 41 5 24 64 11 14 81 9 4 60 12 11 10 48 85 10 18 26 50 54 39 14 23 5 94 33 73 5 13 47 37 6 4 13 70 15 28 3 24 84 15 36 ]
[ 47 34 89 6 84 29 8 18 8 51 41 47 7 44 42 18 5 2 5 32 38 73 57 17 1 1 93 15 35 31 40 83 18 81 41 2 10 2 72 19 5 13 18 12 9 60 31 14 62 88 ]
[ 60 95 7 45 59 41 7 71 4 43 5 25 5 38 79 17 17 35 26 40 38 7 31 42 60 15 53 44 4 24 25 16 19 32 13 30 25 20 1 29 15 59 6 20 97 85 37 14 72 15 ]
[ 68 25 42 18 9 16 4 28 18 63 53 8 27 40 67 44 58 34 22 13 19 4 1 29 54 1 4 47 50 44 12 19 70 54 37 31 71 93 59 89 8 13 49 35 5 68 31 15 2 6 ]
[ 34 10 93 47 6 32 18 5 46 1 14 43 31 27 84 1 21 22 52 14 31 58 95 8 17 79 2 6 15 17 52 2 28 45 49 34 29 67 91 75 20 6 18 3 33 54 56 6 77 9 ]
[ 15 31 56 10 10 20 99 27 28 41 17 53 6 59 83 41 33 14 9 38 9 25 49 45 11 23 14 29 36 13 88 51 44 45 14 6 17 65 33 45 6 3 98 12 62 34 6 47 48 15 ]
[ 7 28 20 93 52 16 23 62 11 91 70 4 3 1 2 49 22 23 13 21 75 28 41 88 50 33 2 68 52 12 3 11 41 23 4 45 91 27 59 3 18 29 7 21 83 61 22 5 36 35 ]
[ 33 93 2 48 24 25 7 0 23 37 25 20 40 32 63 80 10 39 44 2 16 33 26 55 28 73 26 14 19 25 30 4 18 84 52 42 9 12 95 84 49 20 5 41 52 68 21 14 8 17 ]
[ 9 2 33 48 38 38 36 48 6 39 8 19 1 0 74 30 27 4 2 90 16 38 51 84 18 79 14 83 10 3 99 71 6 32 20 96 22 8 44 81 48 5 0 1 5 27 31 33 31 85 ]
[ 0 66 64 4 25 53 3 71 14 55 46 55 32 1 17 5 49 76 70 23 2 36 89 10 22 15 71 20 52 91 37 52 10 1 9 35 54 64 6 20 20 5 75 4 6 44 9 56 21 31 ]
[ 31 43 1 45 21 86 23 38 3 2 22 0 18 5 97 14 7 2 42 54 4 30 64 79 54 14 15 95 45 15 62 29 58 16 74 31 2 97 21 5 51 43 58 21 1 7 35 8 61 77 ]
[ 4 14 92 74 15 31 23 36 20 79 0 39 22 7 71 20 18 53 9 0 30 10 97 30 14 29 14 79 36 80 22 41 46 14 67 13 45 43 50 18 22 2 9 44 9 80 17 79 34 26 ]
[ 85 52 66 41 10 6 61 78 88 43 14 38 14 15 9 43 28 11 6 0 63 8 81 8 47 44 7 91 26 4 12 63 8 30 5 70 37 18 49 77 13 15 15 27 31 76 22 11 39 28 ]
[ 58 22 27 10 25 43 12 39 6 25 25 1 36 12 7 5 56 61 21 6 49 14 34 18 55 78 50 80 34 16 10 44 90 90 54 16 33 66 7 40 43 84 41 31 96 0 36 5 14 9 ]
[ 25 76 60 22 53 44 11 14 35 2 63 68 33 67 52 31 89 6 27 53 14 78 30 44 19 34 18 13 46 27 14 23 56 74 45 9 18 8 23 5 10 38 25 43 5 29 74 46 35 2 ]
[ 49 63 88 67 18 11 94 22 60 19 11 24 20 37 18 9 9 47 22 3 43 23 42 59 5 69 34 5 15 38 6 16 53 46 35 23 10 29 46 70 48 9 94 20 47 13 82 8 60 4 ]
[ 50 32 7 17 6 84 56 8 44 65 92 53 6 1 6 8 36 66 47 1 16 17 63 68 25 17 56 88 50 8 1 0 40 8 18 98 44 26 59 40 43 51 94 1 4 0 9 40 66 8 ]
[ 24 32 70 30 87 15 18 9 34 67 20 28 16 39 4 89 55 22 52 14 20 4 82 22 23 88 88 26 16 38 32 40 22 2 71 9 17 89 18 3 8 39 32 76 30 36 18 38 10 22 ]
[ 9 25 39 21 82 8 74 35 2 19 56 5 27 11 49 63 22 65 25 76 75 58 27 28 17 42 8 8 23 35 9 84 12 0 5 94 8 31 29 63 3 37 68 30 0 69 94 22 34 19 ]

Timer (generate): 71ms real	70ms user	0ms sys
[ 59 9 33 18 43 89 65 55 77 73 74 86 50 35 58 47 1 61 49 69 21 41 82 97 6 19 72 92 5 4 71 16 13 4 34 9 45 51 64 22 76 39 8 27 74 18 74 75 79 76 ]
[ 96 52 69 30 49 75 2 74 19 7 78 90 23 43 46 9 52 91 13 69 65 89 8 25 68 34 43 95 62 22 71 10 74 40 41 76 67 95 2 86 2 80 29 77 75 27 86 28 71 51 ]
[ 49 36 41 9 62 9 43 57 56 57 80 27 68 6 19 61 34 38 56 36 25 58 68 6 87 44 33 25 24 4 77 73 93 18 82 7 79 77 64 36 35 96 15 55 55 35 16 89 73 72 ]
[ 78 50 82 98 8 69 42 42 94 66 98 71 91 43 41 25 50 21 3 15 9 90 11 24 97 66 11 13 8 85 37 38 87 19 36 96 40 79 90 86 97 40 10 41 84 51 66 86 24 21 ]
[ 1 85 11 65 62 8 83 73 73 43 10 10 81 98 81 18 46 73 49 88 60 98 80 70 39 16 73 6 3 50 27 56 87 91 21 49 51 57 23 77 0 33 87 82 83 21 0 81 94 1 ]
[ 69 54 99 50 76 39 66 2 97 21 52 24 78 91 67 51 41 71 8 64 48 9 49 87 91 33 8 43 14 3 44 36 57 43 38 86 34 4 88 31 78 92 8 56 83 75 7 24 98 16 ]
[ 40 46 77 90 34 68 75 94 63 89 97 7 77 7 2 15 93 89 72 81 20 50 25 28 6 8 56 65 85 54 81 25 53 10 67 39 78 42 33 93 84 31 52 61 38 55 77 31 44 49 ]
[ 64 16 99 89 45 57 49 1 22 86 7 56 64 60 66 83 99 97 26 33 90 10 16 43 71 54 50 0 37 46 1 1 62 52 42 59 61 43 60 84 82 68 92 98 80 10 81 80 7 7 ]
[ 65 50 69 81 45 93 35 95 93 24 93 47 77 55 99 19 15 61 14 27 97 48 47 41 46 28 51 28 60 11 87 25 61 57 6 6 50 93 53 95 69 46 42 46 53 94 65 68 7 31 ]
[ 48 4 80 95 45 78 75 48 6 35 59 94 60 20 3 18 78 53 63 31 0 32 29 95 78 83 89 95 3 96 79 51 52 59 99 49 37 74 97 96 10 57 42 22 29 45 93 60 50 8 ]
[ 43 50 41 73 45 71 8 86 67 11 34 46 15 38 57 66 87 46 40 37 42 2 46 84 77 27 81 22 87 31 30 31 82 23 56 79 95 64 66 14 27 0 12 94 39 21 60 78 67 53 ]
[ 15 62 7 13 98 84 41 80 6 28 11 37 11 93 60 67 25 7 31 91 21 59 91 85 53 82 6 66 61 74 19 28 88 26 42 86 63 35 66 21 15 78 10 27 23 23 94 48 30 78 ]
[ 39 4 89 83 89 94 17 48 60 78 22 31 59 10 10 53 96 25 88 63 46 3 93 57 30 16 32 77 65 62 55 56 18 96 39 60 90 57 8 51 87 82 34 98 44 44 51 40 69 39 ]
[ 55 68 43 0 25 25 17 9 2 34 71 9 90 42 5 82 2 96 91 10 99 30 44 33 29 88 30 80 28 51 72 36 19 15 88 96 92 5 5 95 91 29 56 34 71 62 68 25 10 11 ]
[ 87 9 41 31 94 22 19 76 55 99 28 27 35 47 94 76 96 86 81 1 81 25 30 38 59 53 52 79 78 62 90 65 71 83 96 17 6 15 94 61 15 22 40 2 21 34 78 17 20 12 ]
[ 71 54 89 1 44 0 7 96 79 85 58 69 3 81 4 99 98 10 67 44 23 34 66 63 36 40 97 67 57 70 31 80 24 20 34 20 20 41 16 99 78 26 20 81 7 24 33 57 87 52 ]
[ 2 10 86 20 26 74 12 23 93 70 45 24 2 21 44 36 41 64 77 57 15 8 35 87 89 94 12 74 52 99 26 6 61 64 78 87 91 91 63 84 13 8 9 15 30 5 52 71 22 81 ]
[ 81 37 89 16 25 31 11 89 57 15 40 84 73 1 0 3 89 91 94 4 28 59 12 37 75 94 94 79 66 16 12 99 6 54 67 83 85 78 72 42 45 12 78 18 65 31 22 6 74 68 ]
[ 10 2 28 75 91 55 69 86 86 87 2 98 86 8 52 54 91 89 84 15 32 30 79 62 0 97 93 74 3 68 43 14 70 23 41 14 78 10 0 16 98 54 66 84 15 19 90 58 60 75 ]
[ 74 44 5 5 7 57 2 52 32 6 20 27 72 43 50 13 9 80 23 9 96 73 63 62 58 30 33 48 89 94 75 63 90 32 68 97 90 71 2 74 29 74 1 1 17 51 66 26 83 41 ]

Running merge sort algorithm: 
Timer (sort): 27ms real	30ms user	0ms sys
The output is sorted!
[ 16 1 81 63 16 6 47 34 88 33 12 46 3 48 43 52 1 45 91 27 38 1 0 82 64 22 4 15 95 5 79 12 6 12 27 22 19 26 8 7 12 20 5 15 20 1 67 22 46 58 ]
[ 9 45 46 33 90 96 11 83 0 50 14 27 8 10 61 56 36 7 6 32 20 1 57 28 27 14 37 7 68 22 20 30 19 66 15 9 14 27 45 66 29 59 46 37 69 7 46 5 15 4 ]
[ 12 24 4 17 44 91 18 5 26 79 16 26 50 29 13 73 5 81 4 36 97 2 57 9 34 15 14 58 68 36 6 32 12 63 1 8 54 20 13 80 51 30 6 1 11 71 27 68 4 31 ]
[ 43 38 13 23 8 8 38 0 91 79 13 46 13 17 56 5 86 18 6 33 1 7 29 61 1 1 51 13 49 34 90 92 25 56 15 33 16 6 33 8 37 99 6 51 68 15 56 6 33 14 ]
[ 10 12 31 54 30 97 60 0 39 31 17 13 67 40 14 27 60 19 12 67 31 21 92 8 25 57 3 72 97 15 21 59 28 4 66 58 1 26 10 41 9 28 6 76 20 20 4 32 39 16 ]
[ 21 67 31 4 43 25 7 46 66 45 5 18 85 0 60 43 40 7 5 6 68 65 24 12 72 22 38 26 2 40 2 75 59 33 31 54 59 39 0 77 36 57 48 22 10 8 17 50 15 22 ]
[ 23 36 50 0 17 66 34 68 63 8 45 4 1 1 48 11 12 79 38 8 7 18 51 41 16 6 67 29 46 21 14 21 57 16 22 26 83 8 94 98 16 39 54 69 40 55 32 5 34 22 ]
[ 12 54 14 45 17 86 61 22 35 1 35 39 58 32 70 72 41 45 22 58 69 67 4 55 66 6 23 2 98 30 17 11 37 31 8 6 18 21 28 5 22 15 44 33 48 15 5 41 12 79 ]
[ 88 77 26 15 70 5 8 55 82 24 3 5 0 77 14 43 23 6 4 44 31 19 40 8 0 8 53 1 22 27 58 10 5 36 25 27 41 86 83 76 10 86 81 62 15 47 5 38 6 61 ]
[ 74 3 34 12 55 36 0 98 68 96 9 36 2 22 70 17 26 4 19 31 47 11 66 47 0 71 43 25 26 13 45 0 16 32 64 24 68 64 22 36 61 31 25 15 6 47 84 32 3 3 ]
[ 10 15 35 35 46 56 32 33 26 4 32 16 28 90 76 41 43 14 57 26 29 10 73 2 0 55 59 33 26 0 65 89 15 0 24 13 9 8 46 35 64 30 4 92 20 32 86 16 47 43 ]
[ 1 41 5 38 3 19 8 8 24 54 74 84 55 71 5 15 17 13 0 12 85 13 51 2 55 92 4 18 21 61 65 74 2 71 13 57 42 21 65 66 27 39 2 82 11 7 49 28 21 50 ]
[ 38 33 26 35 90 6 9 20 10 10 4 46 92 20 3 20 39 24 11 36 90 15 50 25 41 33 9 50 30 18 27 68 3 5 55 45 12 17 65 74 27 22 21 19 94 76 91 33 53 3 ]
[ 11 83 16 97 1 33 30 97 1 6 13 26 4 46 24 86 14 15 10 19 31 15 1 21 15 29 17 70 54 17 92 17 52 60 14 53 94 44 2 47 2 67 25 59 14 50 45 80 17 7 ]
[ 13 16 3 35 22 94 0 8 14 26 84 23 83 6 49 43 20 10 23 73 13 73 30 31 85 23 51 8 46 42 11 59 10 66 47 32 12 47 41 78 25 77 1 8 35 50 51 7 13 27 ]
[ 34 22 13 87 37 29 4 18 13 26 28 12 9 76 35 93 41 35 5 19 58 60 32 0 7 35 81 7 34 1 0 21 24 65 60 13 47 16 83 60 42 11 24 3 39 59 48 80 46 54 ]
[ 45 69 96 39 25 16 19 39 46 24 42 0 91 21 29 32 37 49 59 34 76 1 24 38 25 17 11 17 98 21 40 43 42 36 35 67 4 6 58 50 30 0 2 73 22 32 5 11 33 17 ]
[ 48 39 9 2 31 20 9 39 45 6 56 60 81 34 10 80 70 7 13 14 31 70 28 67 46 71 78 15 6 0 51 55 40 12 9 23 32 18 14 29 24 22 42 57 56 52 38 26 11 51 ]
[ 53 19 51 2 63 48 18 6 26 86 5 14 30 46 48 74 21 6 11 31 42 37 11 29 38 2 10 11 59 2 16 12 73 68 14 36 68 85 42 47 71 99 13 1 45 61 27 18 19 38 ]
[ 27 65 5 3 61 29 53 54 27 8 37 0 39 5 8 31 54 51 44 61 28 35 12 42 79 55 64 40 80 0 35 7 17 41 63 78 22 16 33 50 24 22 2 16 28 10 99 34 14 44 ]

Timer (generate): 86ms real	80ms user	0ms sys
[ 26 47 28 97 40 1 9 2 86 10 16 44 96 19 76 99 96 18 10 24 9 6 1 17 40 85 1 28 81 81 64 59 80 44 56 20 46 65 22 32 27 39 29 23 10 5 74 58 23 84 ]
[ 82 32 42 35 1 83 20 2 11 53 83 27 12 63 72 68 36 18 85 10 50 12 1 31 35 63 36 9 22 11 45 56 43 88 44 44 23 64 98 86 70 33 14 34 49 86 55 85 4 40 ]
[ 47 6 5 49 38 92 12 26 54 86 38 99 43 33 39 87 30 62 3 28 1 25 62 15 60 11 53 67 48 9 7 47 67 64 96 57 57 61 84 11 47 22 62 90 7 2 29 37 16 33 ]
[ 66 69 58 80 36 70 43 89 37 43 50 97 90 18 61 87 75 70 48 11 81 47 33 96 38 41 50 67 30 18 52 96 88 11 28 24 81 71 66 71 66 16 68 57 86 81 96 14 52 96 ]
[ 25 85 43 11 81 33 52 83 1 34 2 53 83 90 16 11 66 50 35 32 21 1 1 41 58 39 22 54 53 74 2 79 12 46 90 45 79 94 29 32 28 31 38 11 73 54 23 91 56 10 ]
[ 76 29 11 77 70 22 16 45 28 22 71 31 1 83 29 91 29 8 37 58 93 65 41 31 29 14 37 4 57 46 14 33 75 25 10 46 99 79 91 28 1 14 11 54 98 40 45 27 48 34 ]
[ 37 93 99 30 24 80 96 14 84 53 60 50 87 35 28 97 33 27 28 76 55 81 91 66 35 89 6 32 68 7 66 57 52 18 87 77 98 83 91 35 36 3 85 75 38 13 25 24 41 53 ]
[ 0 48 35 43 67 22 32 25 55 52 32 21 61 85 39 48 14 90 83 57 25 72 60 10 47 50 24 72 74 17 78 27 65 65 70 32 87 55 58 94 59 42 16 21 79 7 21 45 49 57 ]
[ 2 74 29 14 37 28 17 13 53 43 30 83 70 95 48 93 80 87 0 38 82 59 32 50 32 12 57 6 57 7 63 12 33 44 78 70 72 47 83 77 91 65 60 13 61 8 58 93 48 58 ]
[ 31 30 70 15 80 2 79 89 8 89 96 23 1 82 67 31 52 92 79 88 69 22 53 30 35 66 90 94 59 38 4 42 68 74 10 0 77 89 90 37 78 38 61 31 20 28 63 25 20 94 ]
[ 65 42 16 70 72 3 89 14 97 0 53 54 95 73 28 5 26 57 94 16 95 25 6 8 56 79 88 19 4 61 65 21 3 81 91 27 85 32 41 34 33 46 88 28 72 17 33 98 26 79 ]
[ 66 73 4 72 81 61 51 22 32 7 83 98 28 86 31 72 65 68 4 6 3 37 5 43 17 77 12 50 75 39 82 41 12 86 65 46 99 17 68 84 24 3 82 5 41 65 29 6 34 33 ]
[ 64 89 23 69 32 40 98 45 43 25 36 25 66 48 63 32 46 15 1 66 99 77 69 33 82 62 98 11 68 32 97 85 73 20 6 6 12 5 51 7 30 87 32 49 87 48 33 86 15 34 ]
[ 4 14 11 74 47 46 36 97 57 57 82 6 42 55 78 48 61 91 5 64 98 36 3 83 85 43 83 18 29 98 4 33 12 15 59 11 61 48 8 71 57 90 29 51 46 8 51 59 99 57 ]
[ 24 49 93 79 32 30 22 15 48 3 65 4 89 77 19 0 88 33 0 49 56 57 91 85 8 37 45 60 49 44 17 25 46 62 4 78 92 79 46 92 82 11 96 23 41 67 24 81 52 76 ]
[ 30 60 34 22 98 94 11 43 6 60 88 75 85 34 37 42 64 81 21 62 25 55 74 73 79 67 93 55 48 45 31 31 6 17 5 4 64 16 99 70 29 39 46 66 25 35 8 90 69 81 ]
[ 52 46 37 78 72 68 97 65 23 46 62 6 29 20 76 34 76 40 2 76 62 31 15 60 50 41 48 10 83 69 92 87 15 81 66 87 49 15 4 24 13 67 82 42 87 10 76 64 50 31 ]
[ 92 65 14 7 25 64 48 25 27 31 94 19 19 10 52 37 49 1 52 54 77 18 21 59 60 60 70 89 76 72 20 68 89 34 76 67 51 76 92 78 60 87 49 31 49 53 20 98 54 24 ]
[ 4 83 42 77 42 3 90 64 44 66 89 64 87 78 50 15 45 53 91 90 83 3 77 32 86 78 85 6 28 91 31 33 26 73 62 69 28 52 85 72 19 74 88 6 5 39 73 2 44 16 ]
[ 92 28 20 21 12 6 99 50 13 80 93 96 13 20 21 75 89 2 28 26 74 99 53 15 57 58 6 30 12 50 46 5 78 18 78 91 25 78 93 90 58 86 38 23 6 11 50 47 13 30 ]

Running merge sort algorithm: 
Timer (sort): 29ms real	30ms user	0ms sys
The output is sorted!
[ 28 39 69 49 5 48 13 1 1 23 44 24 93 18 91 46 27 4 7 6 26 26 17 53 46 7 51 30 51 13 82 79 53 3 81 10 3 46 63 5 22 7 29 15 26 72 14 5 76 21 ]
[ 17 49 1 8 78 6 5 10 15 29 18 22 93 41 16 52 23 36 32 64 50 7 80 37 85 60 4 25 49 76 24 18 77 26 27 7 32 32 17 47 13 36 21 7 29 37 11 4 73 43 ]
[ 30 32 17 12 3 18 1 12 64 37 60 27 10 31 19 74 0 51 32 26 52 10 5 58 11 11 13 49 39 64 9 21 96 26 34 51 44 87 15 60 24 75 40 35 7 59 9 59 11 41 ]
[ 50 20 0 92 23 48 55 44 28 2 20 6 2 67 15 42 4 33 21 60 54 0 4 13 67 5 53 33 1 11 18 51 31 18 96 6 18 51 51 46 54 23 4 56 90 19 51 46 5 72 ]
[ 2 15 75 24 44 79 75 5 29 72 99 36 90 2 14 46 23 28 27 18 40 5 63 11 47 0 15 15 46 46 31 0 61 6 24 5 38 51 62 19 24 13 8 66 15 22 12 91 3 39 ]
[ 4 15 3 59 0 49 84 37 18 1 49 25 76 69 74 6 8 1 12 69 45 4 19 6 84 7 52 79 5 68 27 9 36 31 20 36 32 4 74 50 6 75 27 34 44 1 92 5 54 4 ]
[ 30 4 42 44 29 8 74 57 1 55 85 35 24 32 86 17 21 80 4 69 20 2 81 30 80 11 11 19 14 14 9 44 19 3 40 0 11 15 57 12 22 43 48 46 27 86 15 48 66 20 ]
[ 22 24 10 54 85 51 84 7 37 98 18 3 18 8 50 30 49 57 20 56 13 17 40 13 38 32 0 28 26 25 57 0 1 19 6 86 22 42 45 11 40 64 14 10 24 16 40 73 74 61 ]
[ 9 52 16 47 58 19 6 24 27 69 70 45 21 22 99 48 38 36 1 5 0 48 19 26 12 82 81 22 43 20 26 4 24 43 51 83 14 57 59 41 79 29 38 0 3 37 0 42 25 1 ]
[ 33 53 1 2 3 11 35 40 96 99 16 50 6 18 97 84 23 18 77 13 0 27 50 35 19 69 12 22 34 29 39 20 34 92 22 37 3 9 30 51 8 46 53 67 16 2 3 39 20 80 ]
[ 17 38 6 0 11 11 25 2 33 92 6 2 5 39 98 13 70 11 18 29 0 26 39 4 24 31 66 80 2 14 43 72 5 1 72 68 64 49 70 49 41 28 4 47 68 54 12 90 66 30 ]
[ 19 8 26 41 34 6 80 93 36 71 34 35 3 17 16 15 10 34 34 42 64 5 5 14 42 74 10 7 8 49 8 79 10 34 21 44 92 53 37 28 24 23 15 80 92 31 95 2 18 30 ]
[ 6 19 5 17 54 20 91 40 35 52 28 17 70 2 54 18 10 81 13 21 30 80 59 20 50 74 13 35 54 53 2 12 24 8 30 31 80 21 23 16 25 51 33 48 5 39 66 15 20 80 ]
[ 7 7 35 20 61 32 82 33 8 93 9 47 49 79 18 10 64 32 37 27 75 15 10 2 64 65 42 85 23 22 24 82 30 11 2 43 43 37 28 3 30 37 50 31 17 20 41 33 5 30 ]
[ 6 12 25 19 13 80 68 24 8 2 94 32 83 49 1 81 35 34 30 36 12 11 86 31 15 7 19 70 31 19 1 89 31 78 8 44 58 77 20 19 31 14 3 14 64 4 47 51 38 30 ]
[ 3 83 74 5 5 8 21 4 2 44 3 27 19 37 71 47 35 18 56 53 39 18 0 33 11 9 49 53 18 63 97 73 46 71 30 4 79 51 8 34 47 63 61 19 0 84 18 36 2 27 ]
[ 27 69 91 44 32 44 39 79 15 4 56 66 10 79 26 62 24 45 76 12 36 12 44 27 11 0 21 53 32 29 70 11 50 13 56 34 9 47 65 24 3 22 42 13 1 68 28 25 14 4 ]
[ 0 24 79 17 2 25 91 3 0 25 11 34 28 9 49 96 22 23 1 73 98 7 89 20 22 34 39 3 91 37 27 91 13 6 60 16 31 4 19 31 29 82 17 57 43 66 6 66 41 7 ]
[ 41 41 37 8 37 2 57 62 6 72 76 72 34 8 7 53 47 11 14 22 89 5 43 60 32 20 40 30 37 21 65 31 14 2 39 3 5 48 65 63 72 93 35 6 2 42 12 1 5 78 ]
[ 82 22 49 36 13 1 12 41 1 2 4 48 49 39 48 76 90 29 45 15 69 35 11 21 44 52 27 18 32 10 3 15 32 53 3 97 6 15 38 7 69 42 56 70 33 56 46 24 37 43 ]

Timer (generate): 76ms real	70ms user	0ms sys
[ 6 89 83 12 73 61 44 74 55 30 94 67 48 52 21 50 30 82 45 51 10 95 26 6 72 22 63 6 88 91 61 46 80 44 58 5 5 54 32 60 84 26 79 84 30 52 35 60 34 80 ]
[ 64 97 27 90 3 0 65 18 58 5 10 19 52 42 63 62 48 68 69 32 81 53 58 12 90 41 65 25 53 99 57 17 96 85 60 52 85 77 70 95 82 32 15 86 75 78 1 75 99 70 ]
[ 7 80 23 17 92 65 10 9 90 64 9 0 33 57 37 93 61 74 22 84 69 57 16 84 43 43 15 44 70 14 66 29 46 42 47 38 7 9 48 50 73 9 50 59 18 87 52 32 13 27 ]
[ 16 82 84 84 19 27 28 34 24 50 0 90 80 46 32 79 84 40 88 84 90 62 45 92 73 16 31 77 48 44 4 16 78 88 0 97 16 80 83 92 31 83 82 11 29 67 90 66 59 78 ]
[ 2 1 92 48 93 65 16 24 43 64 20 99 80 98 88 32 48 56 13 31 48 96 15 82 7 96 1 49 62 60 79 65 61 24 65 54 41 81 30 84 97 2 36 77 53 24 61 1 80 74 ]
[ 84 28 70 51 62 29 48 64 78 62 24 10 79 38 34 44 92 75 77 75 12 74 77 48 3 82 72 65 83 52 39 20 32 62 23 46 91 23 10 22 86 87 32 65 25 66 62 69 41 39 ]
[ 44 5 14 74 53 17 56 25 82 92 29 74 64 13 36 87 60 79 11 70 1 97 57 85 14 34 3 76 4 97 68 48 2 34 74 56 51 31 33 86 75 63 12 39 28 48 26 88 79 89 ]
[ 11 33 86 20 18 53 55 74 81 59 71 49 59 73 83 34 81 87 17 15 25 44 30 37 83 58 37 61 47 16 51 10 1 89 30 72 42 37 46 76 96 17 77 8 42 61 42 24 0 11 ]
[ 91 77 55 21 14 90 79 3 51 78 71 54 40 73 44 71 45 38 8 91 66 57 60 44 65 2 57 59 78 57 22 69 86 77 90 0 19 22 55 22 52 26 77 93 99 73 16 44 63 24 ]
[ 87 30 33 47 74 98 2 83 9 80 92 31 50 78 8 92 30 79 14 85 2 19 11 79 12 11 4 28 7 67 4 95 49 38 94 75 88 96 58 98 77 50 29 79 28 90 71 58 69 38 ]
[ 43 71 57 7 2 69 18 6 49 25 26 53 72 27 43 67 3 32 15 61 82 44 64 63 23 92 53 47 3 75 85 98 98 42 5 53 63 23 11 12 1 37 17 73 17 61 92 20 45 8 ]
[ 81 79 52 45 42 28 90 48 75 93 75 60 43 73 54 49 78 17 24 90 29 25 79 98 51 96 11 95 16 56 55 50 35 8 47 30 36 37 78 63 82 53 23 26 78 77 27 57 46 51 ]
[ 47 27 77 78 25 80 75 37 75 43 45 31 93 33 91 41 63 79 30 93 42 65 46 17 43 76 46 70 33 92 21 32 71 50 11 96 30 86 85 58 29 31 41 75 16 84 68 79 15 98 ]
[ 72 57 15 70 26 58 46 24 28 80 68 2 64 39 52 75 35 35 61 21 45 43 4 38 70 20 22 38 51 37 88 75 46 4 45 24 62 43 48 43 75 16 45 40 55 49 15 42 84 29 ]
[ 15 81 24 19 19 94 91 93 32 42 30 20 17 28 76 14 52 91 58 0 34 33 68 31 25 75 32 41 18 69 70 33 50 46 5 70 40 96 15 24 91 46 44 60 74 73 27 79 64 85 ]
[ 31 50 70 0 33 96 27 65 89 45 34 11 79 85 57 36 7 49 32 22 73 75 20 69 36 47 42 63 26 58 0 9 8 22 61 41 70 89 59 59 34 93 22 65 30 79 1 37 28 86 ]
[ 12 53 61 84 23 49 31 65 12 9 76 64 19 84 87 80 78 57 21 37 69 56 82 91 73 13 71 75 2 51 61 14 5 74 99 80 24 82 97 88 92 73 53 63 58 40 95 88 49 17 ]
[ 77 18 25 59 10 98 72 33 25 27 36 38 41 93 13 92 73 89 75 71 77 19 44 30 82 54 22 29 42 72 46 71 90 23 31 0 22 55 85 99 82 22 38 76 15 3 20 89 44 47 ]
[ 12 21 18 56 4 52 63 26 82 5 50 80 29 41 4 60 93 78 67 79 77 2 53 67 30 68 22 2 9 66 50 21 40 20 30 96 73 93 22 55 50 73 35 31 66 91 43 59 69 11 ]
[ 90 99 65 43 18 47 64 93 49 73 11 51 47 3 72 29 99 45 74 22 52 76 47 39 8 65 31 51 24 52 62 67 3 79 10 74 26 26 67 76 0 30 79 99 34 51 80 33 48 54 ]

Running merge sort algorithm: 
Timer (sort): 24ms real	30ms user	0ms sys
The output is sorted!
[ 2 76 53 47 87 11 32 62 16 2 17 1 42 35 56 4 9 25 19 14 19 10 83 81 0 10 16 4 14 38 46 69 14 51 16 2 62 0 16 31 2 85 32 44 21 88 1 82 13 20 ]
[ 1 15 30 37 42 31 27 16 24 50 9 31 19 31 40 29 14 42 19 60 8 74 21 15 10 55 7 90 13 43 23 14 58 53 4 0 36 83 68 60 33 78 44 5 9 36 34 75 30 5 ]
[ 64 33 55 32 6 30 11 6 2 42 49 53 64 71 49 11 36 0 69 58 68 6 34 65 51 51 64 83 53 23 13 17 8 20 2 15 2 65 21 4 7 22 9 23 45 10 34 34 10 55 ]
[ 34 55 58 25 70 16 20 75 41 29 22 61 17 2 18 45 27 71 44 14 25 74 5 46 15 16 1 1 29 79 94 15 34 4 41 57 21 13 32 14 43 6 27 60 60 46 6 40 17 2 ]
[ 7 10 44 27 37 21 19 10 26 11 75 97 27 79 3 50 22 94 26 93 18 55 6 12 11 55 87 7 6 38 7 13 48 3 41 38 24 12 0 51 24 27 48 51 6 3 53 29 50 79 ]
[ 6 36 64 51 82 5 25 3 3 2 87 78 47 10 31 7 22 21 35 8 68 35 83 67 73 7 14 1 15 10 7 73 46 71 24 80 28 1 83 32 4 23 10 3 33 41 10 7 14 97 ]
[ 47 93 53 10 6 24 46 5 0 41 16 36 48 4 13 38 62 0 14 97 8 19 19 80 46 45 36 45 12 13 49 11 58 2 22 17 27 20 22 79 61 90 15 10 47 80 0 9 80 15 ]
[ 30 46 41 21 41 14 13 4 33 20 17 6 70 23 47 58 3 29 81 59 49 31 64 3 44 38 0 22 12 28 46 42 26 40 16 19 6 29 24 39 1 41 97 24 16 44 82 71 74 15 ]
[ 40 20 62 31 77 7 16 30 25 4 42 20 66 54 13 44 9 80 97 10 29 17 35 25 32 19 14 0 9 82 28 1 54 42 33 83 49 1 66 27 5 8 47 23 14 12 67 23 44 64 ]
[ 8 3 29 88 98 74 68 45 14 26 31 33 6 64 0 50 1 14 37 19 42 3 73 5 8 28 22 22 12 10 5 72 13 34 60 64 61 80 61 75 6 92 60 12 9 12 15 10 26 4 ]
[ 0 15 17 23 2 0 20 26 27 51 52 16 7 45 20 30 21 8 38 71 68 43 44 89 50 17 52 18 85 58 79 37 25 48 13 28 48 33 6 27 37 59 44 44 4 16 26 78 24 17 ]
[ 88 31 20 6 13 6 0 16 85 5 52 4 47 67 46 3 12 31 74 52 69 85 44 7 96 32 7 49 20 21 37 8 52 9 15 17 15 67 34 0 24 38 5 71 57 3 26 69 34 52 ]
[ 4 41 2 52 2 31 67 20 58 34 28 4 36 14 45 4 32 11 32 9 75 60 83 87 7 93 99 92 24 2 16 29 96 18 33 50 1 0 22 59 34 2 63 23 17 9 27 49 20 11 ]
[ 57 24 68 63 81 3 67 21 45 62 35 28 2 48 31 66 16 33 5 7 39 45 21 35 23 72 0 48 1 86 89 58 11 9 21 92 12 40 13 9 3 0 90 5 1 21 23 17 6 80 ]
[ 14 5 15 52 63 16 39 9 98 27 48 30 32 64 21 21 30 7 53 20 24 31 0 8 20 60 14 55 39 26 40 5 83 55 9 46 72 49 8 70 28 56 52 12 73 26 33 3 33 39 ]
[ 9 17 23 24 68 73 15 45 64 31 26 15 69 6 28 76 47 10 16 24 77 28 29 2 62 81 2 82 56 22 7 17 40 31 41 8 4 9 5 20 40 31 36 61 89 16 37 36 26 53 ]
[ 17 1 55 60 18 38 10 6 38 56 12 10 70 80 12 6 12 57 40 29 62 57 32 25 26 81 28 10 36 72 7 6 74 15 66 44 5 28 3 44 37 15 54 7 95 18 66 60 28 6 ]
[ 25 14 26 51 31 64 57 7 43 82 50 18 25 33 40 14 23 93 92 46 29 5 83 40 33 83 14 12 4 44 24 29 10 50 33 42 14 90 1 9 24 3 27 49 36 20 63 12 13 8 ]
[ 1 79 11 22 42 43 5 16 42 30 6 48 42 85 17 51 9 27 90 57 25 42 3 51 50 29 6 36 41 70 3 42 1 15 16 44 10 73 12 4 4 18 52 46 3 22 98 64 49 88 ]
[ 48 17 45 12 21 10 7 18 40 50 34 9 92 38 52 32 16 19 86 35 40 59 12 70 13 2 77 53 7 37 16 7 6 61 19 28 23 26 98 64 77 32 25 21 23 29 5 39 48 43 ]

Timer (generate): 68ms real	60ms user	0ms sys
[ 56 25 53 53 17 29 73 25 73 21 6 18 69 43 33 12 20 4 3 80 65 33 72 52 43 98 65 3 47 8 31 3 85 36 56 3 65 82 80 91 55 38 9 24 81 94 89 53 50 92 ]
[ 34 16 77 6 68 73 4 33 76 52 41 59 7 79 96 16 34 61 50 14 4 5 52 65 81 33 60 70 39 10 15 73 26 92 31 94 17 88 80 94 92 73 53 51 52 49 67 86 63 69 ]
[ 0 67 74 4 33 8 90 45 78 29 55 45 54 82 90 85 28 7 25 8 1 17 82 7 69 86 56 88 73 71 58 25 91 84 82 24 92 72 21 23 1 76 68 55 10 10 92 39 18 18 ]
[ 99 71 87 33 78 56 72 87 97 97 58 55 22 49 91 4 25 84 28 46 59 29 75 79 36 85 90 81 76 8 51 28 79 38 13 58 47 85 45 44 82 55 51 57 5 42 13 82 26 42 ]
[ 81 37 71 56 17 60 41 7 93 70 67 44 98 98 82 11 56 81 49 53 25 31 61 76 88 18 19 2 0 97 44 81 35 67 89 52 79 83 11 72 53 30 16 51 28 51 14 37 32 63 ]
[ 42 10 95 3 86 35 21 57 89 74 55 33 7 42 53 97 46 32 80 9 57 33 39 73 36 67 76 2 4 61 66 47 71 13 2 9 0 24 67 90 98 74 75 57 16 28 54 14 13 34 ]
[ 23 70 19 62 95 55 81 24 58 86 85 76 85 56 89 87 17 41 63 84 31 13 58 7 71 26 87 25 40 52 12 15 74 31 77 70 39 11 46 97 97 31 25 34 39 66 73 56 7 37 ]
[ 93 39 2 3 98 73 30 85 51 22 90 63 90 64 46 19 34 85 30 32 34 79 63 59 13 54 25 87 11 33 76 56 72 78 59 22 4 41 59 55 16 49 18 6 14 64 25 0 2 8 ]
[ 33 36 87 48 96 1 3 21 40 66 6 68 22 30 46 81 52 50 23 12 57 91 61 27 97 27 92 74 80 46 82 13 82 70 61 78 23 16 52 15 82 58 83 4 89 81 38 93 84 13 ]
[ 5 41 4 19 69 1 98 13 27 78 59 62 43 93 84 57 24 7 73 76 74 8 86 57 12 27 90 2 21 74 15 78 68 19 97 37 72 96 2 52 26 13 14 70 6 98 27 30 57 52 ]
[ 58 31 60 97 40 25 24 30 27 45 57 43 76 25 62 73 14 87 21 68 39 48 81 53 70 39 51 97 22 8 49 80 91 62 77 31 87 54 61 14 51 18 57 27 95 72 53 9 11 74 ]
[ 29 50 74 10 55 44 2 58 93 24 66 95 4 57 57 34 40 44 40 1 58 91 72 68 71 19 92 24 81 3 98 10 5 25 73 60 69 75 18 63 99 36 10 55 45 67 41 85 63 81 ]
[ 38 21 25 10 41 96 82 85 20 63 88 70 73 93 95 46 53 17 21 23 32 20 59 42 28 4 9 69 89 72 3 28 45 28 90 39 76 72 24 48 35 13 18 61 58 66 7 64 83 81 ]
[ 87 67 53 47 9 81 51 70 3 93 94 6 73 91 86 63 30 62 88 55 10 75 20 80 36 30 46 44 94 81 77 82 48 30 81 9 12 84 79 15 77 73 73 50 65 59 66 47 21 54 ]
[ 54 31 29 26 63 66 57 10 62 3 43 39 37 92 69 18 1 33 3 33 0 32 58 73 83 23 32 49 71 5 55 77 88 84 4 52 2 61 14 64 16 57 55 54 49 25 72 3 10 27 ]
[ 88 11 60 46 36 43 70 21 44 93 26 99 70 67 83 26 19 38 39 33 2 56 42 58 10 92 35 82 47 97 10 35 8 22 81 97 65 3 18 61 48 96 60 71 63 95 97 34 33 37 ]
[ 19 88 93 62 98 3 6 33 37 53 30 99 40 91 21 73 40 38 77 58 99 77 6 11 48 70 59 98 56 92 87 76 32 32 90 30 87 96 15 24 1 98 76 41 89 49 14 29 88 43 ]
[ 39 39 73 45 3 73 67 62 71 24 6 10 52 91 42 42 21 29 38 37 6 39 35 82 32 76 83 98 57 23 94 48 15 67 93 18 40 13 32 64 37 90 74 89 81 17 83 3 98 73 ]
[ 92 4 64 27 38 96 55 22 46 64 45 40 12 60 7 57 30 0 70 62 64 59 5 90 0 86 59 83 89 58 56 33 14 20 12 53 68 67 27 15 83 24 7 95 37 67 53 19 67 75 ]
[ 82 83 35 87 73 35 25 33 19 67 43 27 0 57 0 13 62 68 32 41 35 16 66 95 63 55 62 16 74 29 92 8 64 79 47 89 14 73 22 85 40 17 65 92 27 65 57 89 85 42 ]

Running merge sort algorithm: 
Timer (sort): 26ms real	20ms user	0ms sys
The output is sorted!
[ 35 14 56 2 42 60 59 99 58 52 54 3 32 80 19 1 9 20 4 41 89 25 28 59 10 51 56 12 13 45 50 48 11 6 2 54 18 13 5 28 17 11 32 2 43 3 3 52 24 59 ]
[ 48 7 9 5 20 88 20 3 81 8 2 68 2 53 70 54 7 50 1 98 37 17 41 7 25 79 49 53 14 72 82 14 31 43 20 3 32 92 7 65 1 61 33 3 14 4 9 21 6 11 ]
[ 7 16 24 58 41 20 16 11 40 74 29 44 46 51 5 68 33 2 86 68 30 65 10 56 10 28 26 3 0 33 16 8 49 40 18 42 12 34 5 5 61 87 49 7 38 6 75 23 8 61 ]
[ 57 8 3 8 37 13 46 4 8 50 0 42 10 78 4 12 68 53 92 13 36 19 46 2 49 45 11 18 42 20 13 0 28 16 8 17 29 6 21 89 8 74 83 18 52 87 82 21 92 26 ]
[ 86 16 43 19 1 17 89 9 82 56 0 19 12 31 24 43 31 41 34 15 29 3 4 27 9 52 43 60 13 17 30 52 85 25 23 38 95 12 48 77 20 0 48 32 31 24 28 15 66 14 ]
[ 33 92 6 21 2 15 27 62 59 57 26 28 5 40 5 51 6 31 5 75 42 67 54 13 18 15 30 3 2 47 41 87 39 0 8 93 15 36 7 26 45 34 54 50 26 12 53 32 43 58 ]
[ 17 0 13 79 41 11 50 8 5 33 37 31 30 12 21 28 1 12 16 3 70 13 29 89 54 18 71 83 14 9 74 83 61 88 62 2 51 12 10 8 97 0 39 79 12 12 7 65 25 23 ]
[ 58 39 32 51 91 10 14 51 13 3 48 41 47 33 22 18 39 8 2 43 54 16 66 52 20 11 8 20 21 43 22 32 34 6 83 26 17 49 29 82 52 77 23 51 10 45 21 1 54 23 ]
[ 12 55 62 85 44 96 68 99 38 41 63 48 7 24 4 30 1 15 2 27 9 13 13 49 5 44 32 34 7 55 8 20 10 22 57 54 18 25 53 8 18 16 9 26 93 13 8 94 80 11 ]
[ 40 8 12 25 20 33 24 70 54 45 81 8 22 56 9 46 62 31 15 45 23 22 22 48 67 74 19 37 11 49 95 51 9 8 28 30 41 4 52 47 49 33 8 24 41 69 22 3 0 37 ]
[ 62 70 67 15 64 13 14 88 23 26 42 43 18 24 33 56 4 1 42 36 15 68 4 29 10 4 40 76 17 79 21 80 1 40 47 17 53 61 6 76 39 0 19 57 24 53 14 28 6 8 ]
[ 2 7 14 50 49 49 66 56 13 60 44 10 37 0 7 39 15 0 2 15 65 17 50 96 80 72 18 76 68 1 2 22 61 16 72 10 66 91 19 31 3 15 42 40 16 1 31 31 53 34 ]
[ 69 21 34 12 25 10 66 50 77 37 98 14 69 35 9 44 6 64 35 20 71 49 65 55 28 2 89 11 17 13 19 38 87 5 2 12 15 68 14 44 5 13 10 27 0 19 23 6 83 58 ]
[ 86 61 7 36 8 1 52 8 26 20 42 23 45 68 85 70 14 62 1 67 84 9 71 5 76 20 67 12 26 19 6 13 33 13 1 41 15 53 1 41 25 96 16 22 16 1 92 30 15 45 ]
[ 0 73 0 25 20 7 66 36 21 6 91 97 11 23 62 85 76 41 5 26 38 22 18 6 33 11 85 22 20 76 14 21 1 66 46 21 74 64 9 95 23 0 45 34 76 7 19 4 1 25 ]
[ 4 28 3 24 12 33 38 88 28 43 63 35 15 79 32 28 58 5 38 11 30 52 49 50 16 92 23 80 15 30 16 19 10 71 43 22 4 82 62 32 77 25 20 44 4 4 25 14 9 63 ]
[ 30 26 12 16 39 48 8 67 55 6 52 54 18 83 31 13 33 40 41 62 42 0 84 76 11 8 89 1 21 95 3 4 74 67 20 13 15 28 32 22 86 36 76 4 20 8 69 5 0 10 ]
[ 43 9 14 9 14 17 53 9 96 63 2 44 0 38 23 4 81 79 5 0 44 94 77 87 7 42 27 69 81 38 27 25 47 41 86 13 11 91 23 7 7 25 3 7 15 27 63 48 6 20 ]
[ 23 56 34 98 34 52 19 47 49 94 34 52 61 35 14 24 41 66 88 46 0 23 14 21 13 24 48 5 28 0 18 51 8 53 1 95 57 20 42 6 14 29 11 28 16 25 4 10 43 92 ]
[ 49 12 8 42 21 43 12 49 20 12 27 57 31 81 14 47 2 6 59 33 0 62 45 13 26 73 40 9 71 11 98 21 75 7 15 96 2 27 46 22 39 25 80 23 6 46 22 8 52 82 ]

Timer (generate): 72ms real	60ms user	10ms sys
[ 15 81 80 80 55 65 20 54 98 42 38 1 74 88 56 50 20 49 57 2 27 59 95 79 6 70 61 39 22 51 67 38 32 0 18 39 17 38 93 16 32 31 17 59 72 74 9 92 75 19 ]
[ 47 2 30 94 33 88 64 94 79 38 45 47 76 77 99 95 16 16 85 61 84 70 92 2 29 64 28 38 9 55 9 8 57 40 2 90 80 18 36 60 56 33 59 33 10 58 80 78 26 17 ]
[ 91 11 87 83 65 16 0 45 7 61 0 16 69 9 8 23 99 89 41 35 49 97 68 8 82 30 18 14 60 44 32 51 7 71 86 24 88 38 69 95 51 69 63 72 78 72 95 29 61 36 ]
[ 16 62 86 36 70 68 18 88 83 30 84 67 81 92 38 20 16 78 10 38 25 62 59 89 34 90 13 30 19 26 18 36 88 4 24 10 25 43 50 60 73 34 27 7 78 17 79 47 96 89 ]
[ 85 21 3 44 62 38 34 27 20 6 53 90 94 93 95 18 55 72 61 5 32 87 92 11 94 70 28 25 17 76 14 54 50 70 99 12 60 33 92 80 39 45 22 33 91 17 4 46 41 17 ]
[ 52 73 4 44 84 50 66 65 75 36 41 42 90 43 12 41 56 72 75 0 4 66 45 26 52 36 96 8 35 37 25 87 11 30 83 47 32 1 64 8 37 6 50 80 49 62 21 57 86 48 ]
[ 57 90 67 55 16 71 43 64 79 78 2 4 17 65 86 52 64 19 54 29 79 43 87 29 23 88 43 45 46 29 93 55 71 60 62 39 31 58 4 62 36 58 67 6 23 5 58 39 76 12 ]
[ 68 55 56 55 84 79 44 79 24 42 60 70 49 31 82 12 71 14 70 27 76 58 85 95 64 60 53 23 99 29 87 68 85 43 75 21 75 19 1 51 13 61 21 63 45 56 27 68 70 49 ]
[ 95 98 7 32 46 24 92 99 99 43 80 86 63 17 82 39 39 57 10 92 60 24 5 34 39 2 90 66 70 12 15 65 10 74 97 8 98 41 59 49 37 40 36 0 9 18 91 48 27 54 ]
[ 92 39 78 50 73 69 52 63 35 23 75 2 40 38 28 90 98 79 31 58 28 20 50 16 21 59 34 64 60 13 18 4 53 48 54 26 17 7 42 4 30 69 58 70 59 87 12 58 18 44 ]
[ 16 46 16 18 63 37 77 49 54 89 15 72 94 68 21 48 46 90 7 40 47 37 10 5 60 69 44 24 27 14 68 95 61 85 13 76 74 43 77 28 84 92 53 78 12 26 79 59 16 86 ]
[ 99 15 76 61 21 88 31 17 12 10 32 33 58 45 70 23 73 96 66 50 25 51 95 30 81 7 56 60 18 24 47 70 40 75 31 13 63 14 30 75 77 14 8 35 59 30 58 84 27 77 ]
[ 35 4 80 82 34 61 89 42 74 60 66 73 30 58 48 13 71 11 28 54 38 57 20 99 92 80 29 2 64 56 79 51 60 11 33 46 25 75 88 99 35 7 72 17 65 20 30 89 83 10 ]
[ 43 21 67 63 72 11 95 2 14 12 10 45 15 23 57 49 69 82 76 10 33 63 17 57 80 82 29 62 71 12 25 66 85 44 82 58 56 29 12 22 41 74 19 57 97 28 58 67 62 86 ]
[ 77 95 49 46 52 29 28 81 43 52 45 68 18 83 13 52 93 21 82 5 95 23 79 14 32 29 43 42 48 5 28 77 53 77 23 57 58 51 39 54 55 36 22 26 19 87 78 12 8 60 ]
[ 69 3 84 1 70 68 30 13 11 78 70 91 7 23 21 30 81 31 33 72 85 89 8 8 15 28 47 93 92 56 54 62 11 90 15 81 10 45 94 21 75 17 65 82 40 86 64 73 17 97 ]
[ 45 3 86 6 63 53 86 10 99 78 18 53 92 30 95 7 63 5 4 58 79 31 27 96 65 67 82 29 93 51 79 38 54 17 96 69 71 82 80 70 13 98 75 5 80 22 65 44 79 21 ]
[ 54 58 5 81 54 22 0 88 4 93 40 83 84 46 0 32 16 23 15 48 45 28 98 72 85 79 94 2 75 74 24 29 84 81 62 91 3 14 31 59 60 71 42 96 70 95 28 38 70 43 ]
[ 86 16 23 84 40 9 15 35 11 42 61 87 23 45 20 85 88 24 52 20 35 12 91 30 8 13 25 36 51 47 32 37 15 55 74 56 16 41 91 28 36 52 67 59 49 88 97 38 64 49 ]
[ 58 99 61 1 29 21 15 6 9 66 6 41 56 21 97 82 77 65 75 20 45 11 72 13 23 74 53 20 12 69 69 22 20 82 23 50 55 38 8 64 57 14 6 65 88 55 99 65 20 74 ]

Running merge sort algorithm: 
Timer (sort): 19ms real	20ms user	0ms sys
The output is sorted!
[ 0 24 13 10 6 6 14 12 49 69 18 22 8 55 24 21 34 9 99 4 6 38 41 30 64 10 15 50 91 24 12 43 48 77 5 6 84 19 18 33 41 36 7 49 44 31 22 30 92 22 ]
[ 60 1 12 30 61 15 69 25 7 27 9 89 44 14 21 73 65 7 2 11 6 45 65 48 4 19 4 7 20 15 41 80 69 5 10 30 21 32 7 80 11 17 21 7 31 42 80 96 1 34 ]
[ 23 53 76 8 42 9 44 20 99 9 27 58 8 10 96 82 17 50 59 50 77 66 42 21 62 16 6 4 24 2 0 47 7 29 7 2 38 3 22 89 12 1 48 21 12 44 3 29 47 14 ]
[ 20 2 81 61 14 14 38 38 25 63 11 95 14 60 35 33 30 42 1 13 39 38 7 3 60 48 3 40 16 55 52 89 9 33 50 23 99 40 13 24 3 77 19 18 37 7 3 68 1 5 ]
[ 69 5 28 8 36 63 8 4 18 38 64 16 0 57 72 42 84 97 22 38 59 1 38 49 5 22 9 21 79 16 8 1 21 36 61 10 51 69 14 21 60 30 37 12 39 62 7 23 11 29 ]
[ 14 15 54 2 6 62 0 44 27 68 46 4 10 45 35 3 12 6 23 19 71 88 41 1 34 84 30 74 43 44 11 57 11 18 11 70 32 63 14 11 32 13 15 94 10 3 97 22 61 21 ]
[ 51 2 18 36 30 62 26 36 30 17 2 86 19 75 12 83 3 13 87 12 8 73 72 59 0 12 7 14 13 6 31 16 9 50 4 39 64 31 27 46 48 29 32 19 5 97 2 60 10 90 ]
[ 93 12 44 38 58 39 88 86 22 16 28 27 22 14 23 10 10 41 13 11 84 14 18 40 98 12 47 38 85 59 74 30 23 18 20 33 9 9 20 32 25 0 11 0 14 34 10 76 27 23 ]
[ 16 30 39 44 32 5 27 70 3 1 43 49 3 55 5 19 11 10 31 44 22 37 52 24 59 28 37 90 9 43 50 25 25 89 21 9 46 48 79 49 1 23 51 5 78 56 24 41 18 7 ]
[ 8 10 37 8 12 44 40 86 55 83 47 59 41 90 38 42 4 49 99 1 23 10 4 18 26 6 30 11 50 46 78 10 8 15 19 21 11 11 7 19 46 6 78 39 97 68 34 1 17 33 ]
[ 19 86 51 10 0 39 12 0 3 60 80 11 12 11 23 30 64 5 30 96 48 28 3 26 9 85 49 22 54 36 15 25 22 67 36 23 6 0 75 61 61 7 25 73 18 48 55 34 5 37 ]
[ 2 83 43 32 84 2 2 39 61 38 49 80 39 24 19 4 35 42 3 14 91 31 67 25 80 63 96 4 77 29 14 32 64 10 16 48 12 18 39 26 8 89 6 0 13 26 4 0 20 7 ]
[ 22 1 76 21 19 24 10 29 84 12 30 31 10 73 76 14 2 6 10 9 39 9 11 81 10 68 34 47 7 98 39 29 99 68 51 19 44 61 0 28 25 30 11 35 4 87 2 58 46 12 ]
[ 8 51 50 16 8 17 10 8 14 33 5 7 84 5 37 16 7 17 92 19 48 64 35 43 96 54 23 80 42 57 11 3 8 13 19 16 30 29 76 44 14 82 4 51 39 93 67 46 10 11 ]
[ 14 33 58 98 13 29 20 59 90 14 38 45 83 7 23 69 70 2 63 37 25 3 43 63 35 29 66 40 6 17 1 72 2 11 22 15 40 42 26 30 8 17 27 43 24 2 13 46 56 28 ]
[ 44 4 21 44 47 10 24 8 78 33 40 56 17 16 66 8 25 35 6 80 10 35 68 65 75 74 45 49 55 47 35 0 3 8 44 50 18 20 10 49 5 2 5 22 70 23 30 48 59 37 ]
[ 47 64 5 98 1 1 61 46 26 8 84 31 28 8 72 18 3 3 12 11 42 5 1 16 65 56 12 29 1 40 15 49 4 20 99 57 74 60 3 0 68 39 83 48 0 55 67 3 10 79 ]
[ 83 56 85 78 31 67 16 49 11 20 83 24 18 24 44 17 62 44 27 51 15 49 12 21 26 40 17 23 87 2 20 23 58 6 1 41 25 17 90 36 37 25 61 7 1 5 25 63 1 4 ]
[ 15 12 99 57 34 84 0 34 58 52 23 2 65 32 88 5 13 62 24 50 28 5 8 70 38 8 69 3 26 15 22 93 27 21 50 14 5 2 48 15 7 23 17 24 55 57 81 69 19 5 ]
[ 35 36 3 26 31 80 25 9 22 32 42 58 8 40 5 2 97 34 29 87 24 56 1 55 8 12 38 69 37 36 10 24 24 65 2 56 45 27 17 19 11 11 77 72 51 34 26 1 69 55 ]

Timer (generate): 71ms real	60ms user	10ms sys
[ 31 50 27 88 30 47 22 8 74 69 23 5 48 63 62 72 18 62 58 3 91 54 32 6 57 12 74 47 48 54 94 31 4 21 19 87 20 93 47 95 62 70 52 63 86 14 87 56 76 45 ]
[ 60 68 52 92 26 9 56 1 8 4 55 55 35 12 76 6 99 49 51 98 44 14 20 96 29 6 10 16 15 86 14 27 6 66 71 85 27 27 86 35 32 93 42 67 57 71 26 56 20 77 ]
[ 6 64 43 27 12 72 33 22 41 0 60 55 27 19 21 98 56 48 26 94 35 10 87 78 29 97 49 55 5 69 33 12 85 28 39 97 1 24 71 94 25 83 49 52 54 22 3 10 22 81 ]
[ 4 57 43 44 87 72 41 36 80 46 57 13 58 42 41 97 91 94 22 62 88 99 98 89 3 52 63 6 63 85 39 67 43 82 11 30 55 4 19 35 51 76 0 9 71 93 59 14 88 81 ]
[ 29 28 80 27 70 35 79 33 42 94 19 81 14 14 16 25 44 71 82 15 58 33 44 10 42 67 3 53 81 43 34 10 24 66 37 94 2 69 27 96 63 98 29 77 12 45 55 9 68 37 ]
[ 76 78 70 20 88 64 87 44 18 21 87 4 31 11 23 21 57 77 90 37 25 53 35 6 83 0 4 38 9 72 27 85 3 49 58 43 65 45 87 83 18 27 40 50 90 15 71 48 44 13 ]
[ 85 69 18 72 75 1 72 79 91 33 4 70 71 59 19 29 2 85 26 42 20 45 69 12 47 11 27 70 59 23 83 96 92 53 21 20 7 45 51 50 79 55 21 2 14 40 31 69 77 9 ]
[ 11 98 6 32 62 53 43 90 75 55 65 10 51 58 64 24 30 71 70 81 21 49 37 94 3 3 35 34 72 64 95 35 62 2 67 77 7 63 67 83 18 84 45 21 42 9 46 72 32 68 ]
[ 54 6 69 43 52 72 98 87 58 23 4 53 58 18 7 78 95 15 93 14 50 11 99 47 84 41 9 82 66 41 50 72 99 19 67 52 91 65 91 49 88 95 55 99 14 62 77 9 29 70 ]
[ 24 31 33 23 79 69 16 88 52 34 81 54 6 33 74 25 85 17 91 28 19 79 24 74 30 90 36 59 51 18 29 27 49 14 2 80 84 71 20 88 5 2 42 64 35 68 89 72 86 80 ]
[ 0 5 12 76 31 94 66 67 54 70 37 35 97 39 50 0 19 86 71 40 26 28 94 68 92 29 37 34 53 75 14 53 32 78 82 63 73 0 82 27 70 20 62 68 59 64 20 30 2 43 ]
[ 70 28 71 64 97 16 45 86 50 50 13 16 4 45 47 38 60 20 38 42 99 9 14 13 29 25 30 1 56 32 44 26 13 67 43 62 83 40 0 33 91 13 2 47 10 49 85 70 21 23 ]
[ 64 20 84 31 85 13 56 67 14 12 0 10 39 65 78 34 27 13 26 27 99 17 40 1 16 2 50 1 24 71 77 88 43 13 71 28 79 28 48 45 40 48 56 31 13 86 17 92 99 44 ]
[ 19 98 61 59 99 78 13 1 31 37 72 60 77 15 74 49 96 53 77 44 98 17 44 6 1 9 92 18 1 44 62 20 42 76 31 94 6 44 95 37 81 20 50 10 35 76 59 83 29 36 ]
[ 27 79 6 71 38 59 32 82 77 33 26 92 5 21 68 36 67 74 32 14 63 65 34 13 76 22 89 35 5 70 24 33 2 82 56 92 41 89 74 70 74 53 62 80 74 30 68 93 56 53 ]
[ 7 20 18 42 85 46 64 27 34 21 49 10 54 51 92 63 43 85 52 70 55 78 23 18 10 97 0 79 42 57 84 49 29 2 43 14 1 59 93 35 81 43 45 87 94 89 50 90 74 54 ]
[ 60 29 33 83 99 95 32 0 26 26 57 10 75 38 65 71 52 66 82 46 53 15 89 50 3 35 39 5 77 65 60 37 46 45 72 46 40 56 46 19 82 55 29 58 93 46 81 97 64 15 ]
[ 95 17 31 84 19 34 72 58 39 49 75 51 39 22 48 11 68 41 68 66 60 50 73 41 60 18 88 93 15 52 9 11 22 92 47 41 26 71 52 17 73 27 21 12 1 69 75 21 10 95 ]
[ 87 22 46 12 64 58 30 52 4 98 56 65 61 78 57 8 72 35 32 24 52 5 3 25 17 5 47 92 26 57 40 66 32 86 78 96 96 61 48 52 59 56 17 20 35 74 80 7 9 12 ]
[ 83 14 17 86 39 86 91 86 31 70 96 71 36 28 9 66 76 57 27 76 10 38 32 27 58 67 2 39 26 63 3 9 77 21 48 69 59 91 7 90 61 55 61 49 35 22 68 11 80 95 ]

Running merge sort algorithm: 
Timer (sort): 27ms real	20ms user	0ms sys
The output is sorted!
[ 32 39 25 83 16 1 63 54 64 4 32 32 1 85 9 9 44 20 31 21 79 17 95 12 37 7 58 95 32 27 28 17 66 5 0 34 6 15 89 23 19 21 7 21 6 16 82 2 37 13 ]
[ 41 8 4 6 99 79 45 13 67 8 79 38 38 77 9 0 99 40 60 12 38 11 7 31 39 6 28 35 61 60 23 2 20 28 60 19 59 6 32 26 14 11 16 4 40 77 4 39 18 16 ]
[ 22 59 71 17 75 6 28 59 21 75 26 4 68 34 30 24 53 0 44 6 92 72 15 1 2 14 5 46 36 29 77 10 41 0 80 16 6 60 28 27 35 6 31 3 40 14 79 45 14 23 ]
[ 52 40 35 80 43 52 8 28 18 35 54 72 1 25 2 12 13 33 4 80 6 26 66 85 39 39 25 31 12 0 20 17 40 7 97 35 11 57 15 30 45 70 2 46 47 4 10 61 37 15 ]
[ 19 12 19 35 38 64 13 32 40 15 68 67 82 3 0 10 0 9 39 1 26 1 7 3 10 28 49 32 76 7 44 95 20 64 30 10 80 95 43 20 11 63 39 45 19 40 55 19 1 94 ]
[ 18 10 37 37 36 9 71 35 31 30 9 30 20 19 88 7 69 94 40 17 20 18 2 30 28 22 46 27 9 13 13 80 23 2 17 11 63 40 46 94 23 8 24 43 27 13 50 96 59 42 ]
[ 57 28 52 2 7 67 29 87 11 1 67 27 8 76 57 3 2 45 41 0 46 36 54 43 29 52 82 30 7 31 34 16 11 86 71 19 5 0 6 68 53 25 47 13 1 4 17 56 50 58 ]
[ 86 26 34 9 13 92 45 2 14 8 1 11 41 5 83 5 57 6 66 47 17 20 28 42 2 18 29 23 68 71 33 54 49 19 15 14 12 60 17 26 21 18 37 14 75 20 19 84 79 85 ]
[ 62 11 9 28 15 22 18 88 25 26 40 47 32 0 19 68 6 50 46 9 78 32 84 69 41 34 30 98 62 14 45 25 26 6 5 41 28 75 29 5 2 21 4 86 22 76 7 28 26 5 ]
[ 59 15 38 42 8 31 5 26 54 5 79 10 45 76 10 2 67 65 17 26 38 16 7 12 1 67 23 23 0 55 21 59 22 60 2 31 91 7 9 97 64 88 7 9 64 69 11 31 34 29 ]
[ 11 51 90 34 5 33 5 13 4 3 19 82 80 3 8 34 39 42 74 20 64 24 83 25 46 50 11 61 0 25 37 11 28 27 97 33 61 2 47 17 58 18 0 38 21 60 24 61 2 50 ]
[ 10 1 9 98 53 17 34 39 21 0 32 40 51 21 80 18 75 1 48 63 8 75 7 52 28 26 69 56 1 11 14 64 12 23 14 18 93 0 9 14 0 41 55 3 15 87 73 42 88 22 ]
[ 39 65 29 53 63 14 22 67 68 65 36 66 1 90 38 0 41 51 68 3 92 20 12 19 40 5 32 78 10 34 28 1 0 9 7 15 75 81 34 44 98 70 10 0 12 0 0 5 4 20 ]
[ 13 26 63 7 77 7 23 11 77 44 36 45 72 0 24 39 24 36 37 17 80 38 43 21 6 91 72 92 14 14 9 27 40 24 34 17 31 57 80 8 2 16 53 26 17 30 17 93 18 6 ]
[ 44 87 8 96 58 21 10 43 97 16 17 6 26 37 49 34 16 6 16 26 65 36 40 67 38 2 42 39 74 61 28 70 0 36 19 10 10 29 5 7 45 23 13 23 12 15 58 29 73 74 ]
[ 35 2 72 60 68 46 2 74 11 41 63 33 8 15 17 22 2 0 67 63 15 3 27 1 94 64 54 25 10 0 34 97 2 58 9 22 4 11 97 16 4 60 1 13 76 18 87 30 70 54 ]
[ 21 95 11 29 63 29 25 41 46 20 28 45 14 71 9 52 82 61 20 53 0 16 23 1 12 14 6 25 33 28 28 7 23 92 36 86 21 62 27 20 82 7 17 48 79 26 0 13 39 72 ]
[ 5 6 1 92 7 14 40 23 19 37 31 0 4 7 74 1 63 64 69 25 13 15 11 35 10 76 80 53 13 87 37 71 45 90 15 52 4 55 27 24 44 11 24 48 18 50 49 33 15 71 ]
[ 70 51 54 21 32 86 6 48 7 26 12 55 73 7 72 27 44 57 4 31 8 29 75 55 19 19 30 77 35 61 14 6 13 20 27 97 7 85 45 66 11 10 21 36 17 45 16 13 3 20 ]
[ 6 62 20 27 40 36 8 27 33 59 52 27 21 65 2 4 73 81 75 44 79 45 83 42 1 69 5 44 75 27 40 33 89 12 12 29 0 73 8 34 32 12 13 5 29 15 9 2 49 36 ]

Timer (generate): 75ms real	70ms user	0ms sys
[ 33 40 69 0 0 24 50 34 95 27 94 10 43 66 53 48 19 21 35 44 84 61 61 59 30 82 47 56 13 6 17 98 46 38 50 98 14 0 32 10 80 78 72 23 44 25 23 16 99 58 ]
[ 60 83 19 74 42 50 8 90 58 22 48 75 72 46 13 23 45 28 75 29 90 55 8 14 78 4 39 1 20 90 11 81 74 31 7 68 33 15 10 91 89 58 66 62 5 31 85 2 11 60 ]
[ 83 1 68 43 15 46 48 7 0 68 97 63 1 23 94 8 92 79 76 2 70 65 13 88 27 18 72 64 72 83 77 7 37 45 51 4 43 99 63 95 19 61 59 21 84 5 81 28 85 57 ]
[ 31 7 75 44 48 54 14 20 19 38 3 48 45 92 45 96 97 88 95 12 36 67 73 95 40 10 52 21 38 37 31 21 97 6 17 45 12 31 65 83 69 20 31 67 13 28 63 62 69 11 ]
[ 74 5 78 0 52 18 62 4 91 0 94 22 74 91 80 91 36 93 75 1 28 44 73 60 11 38 88 27 0 9 38 27 14 16 27 66 34 89 71 77 41 65 0 67 8 32 59 44 77 34 ]
[ 97 6 30 70 18 94 9 58 21 61 68 59 88 82 27 67 1 13 8 24 90 2 41 42 69 49 75 28 93 4 14 42 10 45 64 28 91 25 87 12 87 55 23 27 89 50 47 42 15 7 ]
[ 66 5 9 7 48 31 56 75 11 1 79 26 95 90 23 60 70 14 85 57 26 24 64 1 52 6 51 51 48 66 58 15 23 20 74 71 51 83 46 62 84 26 40 32 68 63 92 38 29 29 ]
[ 48 7 54 64 8 58 70 11 9 71 29 19 86 53 39 12 76 42 95 23 57 32 1 97 64 21 13 56 59 42 37 7 50 91 72 10 1 94 22 62 65 51 82 3 56 73 16 33 68 63 ]
[ 8 25 95 9 74 11 30 87 19 41 82 57 1 84 48 25 94 2 19 68 64 37 20 98 40 76 72 8 61 92 24 69 17 19 30 91 31 60 31 50 54 13 59 55 97 60 80 43 62 99 ]
[ 12 26 88 32 25 81 60 49 89 22 41 13 43 10 85 74 1 68 34 32 70 40 97 30 95 94 90 75 38 4 27 50 30 67 34 7 48 46 56 90 20 49 55 64 59 40 38 61 60 24 ]
[ 45 83 65 43 65 60 89 7 88 27 11 67 29 41 86 63 1 35 62 57 25 82 7 80 46 18 73 84 31 85 9 77 68 74 72 85 86 61 92 26 41 3 45 70 97 32 86 98 67 48 ]
[ 7 44 82 66 76 29 85 49 13 16 35 74 45 55 0 17 41 39 31 85 65 72 41 63 94 38 47 32 88 66 32 47 10 15 14 86 44 51 88 9 67 75 84 65 30 84 82 23 23 13 ]
[ 9 41 37 50 4 84 40 51 16 80 17 49 27 79 64 41 65 60 92 53 69 12 80 5 77 11 90 11 86 65 25 47 6 14 49 62 98 89 65 15 69 82 16 97 13 32 90 79 92 83 ]
[ 84 13 95 65 19 24 28 61 35 14 26 12 14 85 27 63 47 77 53 13 44 74 47 60 71 61 92 14 92 36 97 76 50 44 93 21 68 73 82 3 40 8 16 54 93 95 17 93 72 22 ]
[ 6 17 97 5 29 20 66 22 34 58 10 83 87 12 27 32 33 47 6 67 51 46 76 19 52 21 14 69 66 86 44 72 55 41 78 85 13 96 59 48 55 69 31 94 34 11 26 67 58 84 ]
[ 35 61 82 63 80 34 36 94 56 3 33 0 27 40 41 57 77 6 6 36 54 13 58 38 7 92 1 85 11 59 70 98 21 52 13 53 87 2 0 43 57 85 43 36 25 36 94 3 42 0 ]
[ 91 49 13 49 39 72 93 40 57 57 51 79 7 24 32 73 78 71 75 78 66 32 63 61 68 40 49 14 43 43 66 87 92 31 88 83 3 34 23 13 91 27 92 50 51 76 23 81 47 50 ]
[ 59 65 34 74 78 3 15 27 69 10 71 88 49 15 19 38 99 75 72 74 88 15 1 80 65 5 57 41 86 56 91 46 74 26 72 52 81 39 32 2 2 3 90 51 70 10 89 69 85 13 ]
[ 96 25 28 97 5 46 2 14 39 41 23 30 39 49 8 11 1 41 3 85 44 5 88 34 56 59 96 98 80 33 11 76 58 92 26 16 38 80 82 29 21 57 11 60 6 20 24 60 61 27 ]
[ 45 57 32 86 44 88 97 40 38 77 26 50 6 36 42 32 52 32 64 87 61 86 44 72 98 51 44 22 11 58 1 8 15 33 94 11 74 91 4 12 21 30 14 27 66 56 11 71 40 27 ]

Running merge sort algorithm: 
Timer (sort): 21ms real	20ms user	0ms sys
The output is sorted!
[ 11 63 13 64 11 77 50 8 22 5 50 24 0 48 51 20 7 83 20 59 35 36 56 34 37 20 18 0 44 18 40 55 33 5 19 96 82 22 56 56 27 7 32 28 7 35 0 14 18 21 ]
[ 12 24 72 96 4 70 43 5 0 33 2 9 89 30 98 16 36 64 44 39 29 5 9 15 25 4 65 30 14 21 30 26 45 2 22 49 25 18 6 25 51 8 87 40 38 37 56 26 2 53 ]
[ 20 98 0 13 2 32 81 23 99 37 78 42 99 54 23 6 8 17 10 79 5 8 16 80 13 8 36 34 34 41 31 6 39 31 19 41 16 52 17 15 41 47 9 41 1 33 47 10 2 57 ]
[ 72 65 6 16 50 52 14 90 12 18 33 15 2 19 36 8 50 81 16 79 36 10 69 1 9 11 11 47 23 90 16 47 7 22 15 57 26 30 0 38 48 33 6 3 4 42 11 55 75 79 ]
[ 3 46 31 89 6 5 95 11 7 47 80 8 43 31 44 8 87 99 50 80 8 54 45 66 7 4 21 1 32 14 4 36 12 35 25 70 40 20 33 0 68 13 8 11 44 4 71 32 3 21 ]
[ 33 12 12 14 69 98 7 43 38 24 32 58 24 43 17 9 34 1 19 2 35 11 0 27 83 30 83 17 26 18 1 59 82 13 25 3 12 32 46 2 9 30 12 33 26 81 94 60 82 65 ]
[ 11 4 10 44 45 47 33 17 58 34 19 48 44 95 14 77 17 9 56 29 74 89 16 7 0 22 14 37 92 2 67 3 58 77 0 3 24 33 72 35 19 44 35 16 39 2 93 8 11 2 ]
[ 33 2 59 9 9 32 99 79 16 34 52 76 14 4 35 25 34 14 17 67 39 20 20 57 65 62 32 78 18 2 16 3 5 27 12 14 11 11 93 27 45 98 56 11 2 43 37 89 9 6 ]
[ 12 34 0 5 97 22 43 0 71 50 16 71 16 30 7 31 12 0 52 52 21 97 12 70 71 89 59 77 42 22 31 6 56 32 11 5 6 6 6 77 56 22 0 24 4 8 55 17 60 59 ]
[ 45 39 6 53 5 14 8 52 13 28 21 47 68 43 60 10 69 13 0 32 34 11 72 22 29 8 11 26 6 61 25 52 1 32 5 58 46 13 10 59 41 83 59 9 27 19 72 48 85 72 ]
[ 54 65 51 1 15 69 64 29 21 4 6 74 20 15 8 4 23 29 83 52 98 35 58 1 32 1 11 33 22 17 51 28 35 2 82 50 24 46 31 45 2 89 19 22 4 27 79 28 8 62 ]
[ 26 58 71 73 96 18 0 42 6 46 0 11 91 17 3 17 13 35 68 36 46 26 18 3 47 78 85 75 16 17 9 42 27 32 15 23 2 67 17 9 14 18 20 5 87 75 23 52 11 43 ]
[ 1 29 55 3 16 53 47 26 7 82 30 87 59 98 4 60 9 2 9 21 77 70 56 16 28 38 22 41 14 32 48 15 13 4 18 29 57 18 8 64 52 38 4 12 36 8 24 97 62 33 ]
[ 54 22 61 38 84 50 64 24 2 12 12 22 1 37 51 16 82 28 71 12 40 6 54 2 69 26 42 36 9 5 1 15 79 14 6 64 17 70 40 19 82 52 41 36 42 45 4 24 25 27 ]
[ 95 4 24 79 1 7 57 48 29 17 4 46 4 38 33 62 16 54 79 11 69 42 39 13 22 5 50 24 94 1 96 42 5 20 73 7 28 83 7 9 0 64 56 4 2 41 18 18 48 50 ]
[ 66 49 13 6 31 61 70 8 79 41 24 42 16 13 35 3 7 3 27 1 16 1 65 80 19 92 22 14 34 38 57 0 39 22 7 70 83 29 30 15 70 7 9 86 20 45 41 27 48 69 ]
[ 74 52 36 29 40 0 6 92 98 1 50 21 23 2 19 11 7 31 27 7 57 9 46 89 22 36 54 10 70 64 42 44 16 30 26 8 30 32 52 29 85 3 2 9 57 21 20 64 4 99 ]
[ 80 58 87 92 48 8 21 1 10 23 5 25 30 7 51 19 45 42 3 8 13 54 52 5 13 36 69 32 61 2 52 41 12 39 86 60 0 7 13 10 30 18 87 12 78 38 32 23 32 87 ]
[ 43 6 6 10 10 9 96 3 47 57 38 17 43 28 30 6 48 7 26 89 73 21 60 24 8 77 0 24 59 43 99 54 49 6 16 11 67 65 14 14 22 53 32 17 33 14 75 33 21 54 ]
[ 5 51 49 48 64 9 78 11 5 71 41 3 48 20 22 48 99 38 17 30 16 20 24 69 4 4 62 3 5 33 50 11 36 51 59 0 60 89 12 17 13 5 72 13 25 47 61 76 37 30 ]

Timer (generate): 61ms real	60ms user	0ms sys
[ 92 26 48 29 27 49 4 72 55 50 88 40 22 41 58 47 36 5 25 31 92 47 58 65 73 42 28 38 99 32 15 44 58 15 73 38 16 30 10 71 80 99 11 54 92 21 1 29 26 26 ]
[ 12 18 25 70 36 99 12 64 37 12 97 4 56 7 19 81 45 87 11 8 59 43 7 22 97 99 44 50 80 22 77 92 41 54 63 77 53 75 93 42 39 42 98 47 2 69 81 99 57 44 ]
[ 7 16 40 66 38 89 66 82 40 46 57 69 91 98 23 54 27 77 81 72 19 73 67 70 20 21 39 53 20 96 98 80 12 38 46 3 79 64 37 19 63 94 88 54 44 64 8 71 41 41 ]
[ 96 12 14 63 34 35 84 74 40 56 70 38 36 35 28 35 38 8 99 75 79 14 22 20 68 66 84 28 38 77 70 86 41 84 49 76 71 85 2 12 93 72 2 30 59 83 17 97 43 16 ]
[ 25 74 31 99 94 51 65 30 80 55 59 50 41 1 86 42 29 10 79 31 74 73 55 76 3 15 11 20 64 6 88 41 81 71 40 75 23 6 58 55 13 17 57 55 70 43 97 51 5 77 ]
[ 82 79 50 38 8 5 5 71 77 21 78 17 63 59 89 55 86 64 13 44 19 27 14 28 82 84 23 31 36 29 60 70 60 62 60 68 67 65 40 96 87 18 14 2 29 55 9 15 19 23 ]
[ 12 90 50 26 18 84 10 41 15 98 22 28 69 83 90 29 3 10 47 43 6 86 13 72 40 42 79 49 10 50 72 22 40 74 48 10 58 10 4 26 9 78 54 30 61 44 11 65 6 58 ]
[ 60 13 44 74 37 84 68 17 86 30 67 58 52 60 85 52 22 43 63 26 21 24 5 75 54 18 72 65 83 30 76 96 43 72 22 33 9 42 50 95 73 69 5 25 29 90 78 52 86 93 ]
[ 30 7 17 87 35 23 6 59 40 41 89 16 37 85 89 59 18 98 54 20 93 27 41 98 52 23 41 82 75 27 27 57 34 44 45 21 19 3 80 60 44 70 76 34 7 65 45 77 15 99 ]
[ 97 8 26 38 59 31 61 0 65 88 27 93 98 13 89 95 35 9 98 67 69 94 89 97 28 96 15 26 73 30 25 22 91 4 13 50 87 26 2 52 67 29 45 65 42 35 60 29 96 58 ]
[ 97 65 52 86 14 33 35 29 59 8 12 36 31 3 40 44 5 27 22 7 32 89 36 77 54 30 64 66 12 60 24 9 77 29 47 44 14 82 25 73 43 37 61 74 40 2 70 45 81 92 ]
[ 4 65 34 92 95 88 23 11 55 87 24 31 48 1 12 95 97 26 30 23 99 73 60 61 99 53 15 69 50 48 13 55 66 47 47 61 88 22 72 95 9 96 78 57 50 91 5 47 17 35 ]
[ 22 69 8 83 82 7 88 49 28 38 97 93 45 63 41 93 76 81 15 49 28 77 97 6 86 47 97 91 47 67 78 69 36 86 52 18 45 40 67 25 31 16 19 76 32 12 69 8 93 37 ]
[ 9 21 66 7 79 52 54 77 96 1 44 74 71 80 13 75 50 58 68 17 36 99 85 55 75 17 67 97 26 12 86 35 85 4 42 64 56 49 93 4 50 37 79 73 69 92 49 71 2 17 ]
[ 40 38 16 26 93 43 43 12 92 21 24 78 57 9 34 51 26 91 52 19 47 3 57 26 28 78 70 77 50 25 46 90 63 14 16 9 58 12 73 50 33 98 81 42 59 15 46 85 58 98 ]
[ 5 6 53 14 84 82 44 55 59 46 32 6 37 95 20 5 56 30 69 30 33 3 80 66 97 91 33 43 29 44 42 86 2 95 0 86 77 96 93 89 43 25 47 32 73 19 37 81 50 7 ]
[ 63 35 62 95 1 59 87 34 3 68 78 97 54 80 44 6 19 74 2 64 63 45 90 62 77 15 81 67 96 83 26 12 18 88 7 19 99 94 6 54 14 36 3 68 69 48 74 40 22 77 ]
[ 4 37 74 46 51 4 61 32 23 10 68 49 22 86 89 29 58 88 76 16 95 90 4 98 59 73 46 85 13 20 14 70 9 89 16 60 45 78 45 68 40 13 17 62 51 58 43 9 46 19 ]
[ 77 41 62 82 92 73 7 38 58 73 11 73 43 72 14 59 85 11 89 30 79 81 95 48 43 46 6 87 8 4 58 85 46 72 19 90 45 27 80 56 0 91 81 43 16 47 54 1 58 96 ]
[ 83 37 77 78 37 73 76 43 12 36 47 70 22 45 95 93 35 92 20 16 48 20 59 81 15 75 28 70 76 86 18 59 75 95 89 64 68 66 7 80 2 7 3 76 52 98 70 40 42 42 ]

Running merge sort algorithm: 
Timer (sort): 24ms real	20ms user	0ms sys
The output is sorted!
[ 8 11 1 6 8 67 18 3 57 90 18 48 20 12 95 16 38 74 0 23 5 19 76 88 23 5 21 64 42 10 77 2 74 31 61 34 50 79 37 7 22 8 8 42 20 3 10 58 29 10 ]
[ 1 57 4 39 18 13 23 42 86 22 75 27 36 29 71 42 28 17 13 49 56 78 3 5 1 4 17 7 51 3 92 4 60 49 43 31 14 18 73 0 40 0 79 76 29 3 18 9 20 83 ]
[ 18 0 21 6 29 29 13 14 34 49 75 11 51 14 32 88 24 71 12 83 20 47 83 3 44 23 40 9 36 38 18 6 38 39 12 68 20 26 34 6 27 10 18 79 76 50 67 0 21 31 ]
[ 5 20 10 2 83 21 37 8 29 24 92 96 47 38 67 58 64 7 38 55 24 39 38 3 21 49 87 4 45 7 16 2 28 26 5 11 99 42 20 28 18 12 24 65 2 44 24 19 51 14 ]
[ 68 7 9 10 27 43 23 9 16 84 35 4 11 69 2 36 47 9 29 22 49 8 48 69 12 90 46 1 10 21 43 78 29 53 40 8 48 64 17 64 0 53 20 12 74 22 0 21 32 81 ]
[ 6 49 26 65 56 50 55 10 15 25 58 19 3 28 74 38 7 77 18 5 11 1 21 23 5 8 20 15 97 68 92 3 17 19 21 25 21 28 35 88 53 94 8 8 22 34 47 29 63 17 ]
[ 11 6 13 27 5 3 8 65 8 74 40 76 59 13 9 24 18 37 71 6 10 19 7 0 50 71 18 48 28 23 7 39 29 72 19 86 28 79 51 36 54 43 12 13 56 73 89 26 11 12 ]
[ 28 72 16 13 78 83 43 8 12 16 66 4 22 21 3 45 12 91 60 39 28 40 1 23 8 0 15 20 15 12 50 95 84 66 9 14 2 52 23 14 20 41 19 42 62 22 87 26 14 47 ]
[ 19 20 47 85 2 3 16 1 7 30 5 18 48 54 97 1 18 19 87 7 6 5 58 72 22 17 32 81 30 67 22 2 87 21 39 41 24 55 43 83 37 0 1 37 6 50 39 76 21 26 ]
[ 1 5 1 81 9 18 33 16 29 2 26 95 93 11 47 29 17 93 19 20 15 98 13 34 41 34 14 31 92 42 64 93 0 17 26 9 35 60 77 16 14 3 11 7 66 58 36 35 3 7 ]
[ 51 24 92 1 14 9 85 72 34 1 8 2 12 56 76 40 9 9 15 98 90 4 15 13 8 37 54 94 10 24 59 62 1 3 15 15 12 52 39 99 53 48 1 17 56 29 9 17 39 25 ]
[ 10 30 11 9 41 22 61 35 37 0 8 52 2 96 97 28 0 7 46 42 86 96 31 94 70 5 4 11 35 2 90 45 32 53 6 25 27 68 60 17 20 21 21 75 17 18 3 18 25 1 ]
[ 25 14 87 51 35 5 18 7 30 20 75 39 19 10 17 3 47 4 37 92 10 21 5 43 85 26 9 54 12 95 34 38 9 21 41 96 78 59 4 9 31 79 0 50 42 17 6 41 21 43 ]
[ 58 27 35 46 67 2 26 31 55 24 29 3 91 5 9 3 37 21 46 4 81 33 78 33 42 17 3 12 95 45 15 5 72 2 4 92 4 30 75 59 6 4 15 98 9 24 1 47 97 0 ]
[ 21 21 5 11 35 49 16 15 51 17 25 99 6 5 20 5 8 32 61 2 22 45 98 7 50 4 37 97 24 45 58 98 66 15 9 1 17 26 68 68 43 45 19 2 50 39 59 11 71 21 ]
[ 10 51 27 8 1 2 54 30 28 18 13 36 35 40 35 37 46 15 80 36 68 68 0 13 68 35 19 24 58 18 44 21 70 71 29 23 25 83 5 54 1 70 42 37 10 29 26 8 96 6 ]
[ 8 32 77 34 73 89 35 28 26 34 85 44 13 19 12 37 34 12 3 51 18 38 81 39 48 4 16 8 32 2 6 93 35 35 27 60 24 14 40 51 0 78 47 13 97 11 3 31 23 6 ]
[ 24 56 4 26 33 25 14 76 21 24 27 56 11 52 89 91 67 94 14 18 23 20 6 63 71 6 1 29 6 1 21 31 9 25 9 94 3 23 71 24 47 98 32 10 2 73 1 22 67 16 ]
[ 9 15 28 44 96 93 90 57 40 14 25 28 82 17 6 16 92 29 36 30 23 2 14 84 2 4 7 84 61 53 19 23 20 0 67 17 93 9 26 34 23 4 14 5 21 20 74 65 2 10 ]
[ 66 13 9 27 89 40 11 61 72 5 19 21 43 49 33 59 20 32 23 54 29 99 4 13 93 1 6 22 58 67 26 25 32 88 4 21 28 16 34 0 73 54 73 16 3 6 28 23 39 3 ]

