Timer (generate): 152ms real	150ms user	0ms sys
[ 65 67 74 66 8 58 40 97 19 92 34 85 55 22 87 70 70 41 86 13 57 95 21 87 29 16 91 1 9 86 39 26 53 13 92 62 72 84 11 43 76 45 29 83 68 68 53 90 62 92 ]
[ 4 19 87 77 58 68 45 50 69 54 36 9 33 42 74 77 4 98 62 67 42 90 12 23 74 32 91 79 23 53 71 79 24 11 8 83 79 53 85 1 60 73 10 93 15 36 70 71 87 84 ]
[ 38 29 27 51 52 53 35 43 32 10 49 56 89 73 67 97 8 98 3 93 99 63 67 61 56 82 50 78 54 37 15 92 18 42 95 70 95 83 65 79 93 66 87 35 40 6 84 0 5 87 ]
[ 94 56 50 13 70 58 47 20 89 53 9 4 46 27 46 93 97 41 76 14 72 22 81 60 57 73 66 41 73 71 29 19 80 31 32 50 90 80 22 79 33 31 83 31 58 81 77 7 74 5 ]
[ 73 46 27 54 6 84 79 73 26 53 96 7 24 28 38 57 30 80 89 52 11 74 35 46 58 93 27 35 52 53 40 26 0 20 32 6 4 12 31 82 17 80 89 41 60 80 50 91 12 39 ]
[ 43 24 14 79 22 24 24 50 59 29 3 51 7 55 71 39 14 28 3 97 62 20 29 4 62 90 84 12 81 96 4 76 72 70 7 95 94 84 97 5 13 52 56 20 60 80 11 74 60 15 ]
[ 71 22 35 1 26 49 91 62 14 24 11 18 0 83 88 8 30 34 92 79 39 57 32 47 29 92 79 40 18 39 55 89 14 43 42 92 92 85 55 6 9 18 76 62 1 64 22 84 50 66 ]
[ 63 89 23 47 37 4 91 68 44 9 60 0 51 74 95 93 18 87 31 25 46 92 43 22 54 97 39 28 81 89 46 44 31 21 44 20 25 35 88 70 45 0 22 96 74 17 41 45 56 72 ]
[ 70 54 65 14 29 71 11 20 0 92 61 46 88 92 68 32 64 45 20 53 15 65 53 37 13 80 6 54 25 15 27 47 69 92 61 98 63 72 18 15 16 32 14 57 24 34 41 89 79 61 ]
[ 94 95 26 99 84 39 31 43 94 8 58 73 56 79 65 17 78 80 42 48 96 10 80 62 67 57 96 9 98 75 70 92 22 49 43 7 88 75 50 34 83 60 7 39 39 72 9 69 5 3 ]
[ 18 53 13 50 15 81 59 11 42 57 38 12 1 61 61 45 68 2 20 70 36 55 30 96 47 21 20 8 91 25 11 61 78 76 63 45 57 23 8 51 80 47 16 34 8 29 79 28 31 51 ]
[ 98 20 6 80 16 5 53 36 13 44 62 24 5 92 1 69 90 10 44 98 14 76 45 30 10 5 59 89 33 43 40 83 63 99 15 31 4 69 67 18 13 81 94 71 26 47 92 16 10 36 ]
[ 66 24 12 12 54 75 69 65 64 55 8 57 38 23 8 6 54 64 75 22 34 40 55 29 63 81 28 55 49 38 43 16 62 56 80 68 31 49 34 47 56 94 56 95 18 64 53 72 29 28 ]
[ 46 63 20 54 44 84 87 73 91 37 11 35 5 26 91 85 94 74 86 80 73 43 75 30 90 45 46 43 69 75 23 68 91 95 22 87 31 9 60 23 98 24 58 3 50 1 40 96 27 79 ]
[ 29 0 74 56 82 64 53 29 59 22 56 34 90 99 29 64 87 61 74 47 84 72 23 94 28 25 95 68 74 22 47 3 74 21 11 57 37 64 38 96 86 46 30 29 46 12 93 33 73 19 ]
[ 32 9 92 56 3 20 81 50 40 7 24 88 10 98 61 21 7 99 37 97 95 24 44 78 5 42 90 98 75 15 18 59 24 62 67 79 82 1 29 74 8 53 62 19 3 24 92 63 75 30 ]
[ 60 22 6 56 0 11 98 42 61 25 9 79 85 33 41 4 64 75 5 93 50 14 98 64 85 2 40 29 17 15 11 77 38 17 86 90 80 84 85 42 62 94 21 47 80 15 51 44 42 9 ]
[ 38 92 23 88 9 60 90 49 89 7 17 1 37 55 18 23 97 99 59 82 93 21 77 14 20 57 81 24 1 24 33 91 68 8 80 29 68 70 79 57 30 48 58 19 3 29 42 0 80 53 ]
[ 35 73 75 12 39 47 69 21 71 22 97 56 14 17 64 94 47 32 16 78 42 98 26 52 17 29 81 59 81 13 13 68 86 40 80 26 87 49 99 11 24 48 67 38 65 84 32 12 68 0 ]
[ 90 10 99 16 63 16 97 96 28 31 10 93 99 48 33 80 26 72 81 25 35 5 73 3 95 91 39 27 3 7 80 94 70 79 62 85 95 60 81 75 43 43 68 42 92 53 74 18 78 56 ]

Running merge sort algorithm: 
Timer (sort): 55ms real	30ms user	10ms sys
The output is sorted!
[ 81 3 37 46 9 14 48 45 0 21 40 47 81 97 96 7 1 22 18 52 1 23 58 4 14 33 20 18 21 46 59 2 49 49 1 10 15 1 7 15 23 0 62 56 49 10 63 3 32 82 ]
[ 30 16 68 3 15 29 0 34 3 40 82 4 27 23 14 24 1 76 2 4 2 47 5 58 22 48 62 54 73 30 4 3 99 72 58 66 53 10 1 56 51 35 13 30 59 27 7 12 55 9 ]
[ 40 4 64 27 59 39 36 29 42 11 0 53 41 32 46 49 31 85 38 61 25 24 12 25 18 42 37 36 15 57 63 7 13 80 34 25 19 22 54 13 33 7 18 26 39 17 28 23 2 18 ]
[ 5 14 32 28 3 28 37 85 44 20 0 78 69 9 1 14 5 9 99 41 34 16 37 3 10 45 23 21 75 6 6 32 72 39 61 27 19 50 13 15 22 13 93 44 22 46 10 79 56 9 ]
[ 30 26 19 15 2 93 44 40 84 14 41 5 9 62 57 28 9 32 12 35 28 27 16 98 29 15 96 98 3 52 8 33 30 80 0 32 25 44 24 10 10 18 15 19 32 24 0 41 56 12 ]
[ 5 17 87 58 32 14 26 55 62 13 4 21 14 61 94 90 28 55 11 73 7 22 41 34 32 10 11 68 18 3 12 23 72 0 34 5 14 12 60 28 25 16 2 39 77 96 29 5 3 41 ]
[ 38 4 59 16 67 41 35 71 7 95 55 30 2 9 15 3 37 65 12 27 23 22 47 49 26 36 63 66 10 14 7 49 18 18 17 86 11 52 9 19 47 17 49 1 78 16 5 15 33 69 ]
[ 97 32 28 48 55 0 61 30 32 27 56 1 29 14 10 21 16 17 55 44 16 19 38 16 19 42 31 50 40 18 25 38 2 54 38 9 6 0 39 38 79 48 39 8 62 2 29 31 71 84 ]
[ 80 22 31 56 85 31 1 81 70 0 50 33 44 52 18 6 9 98 1 6 6 40 41 44 16 1 31 56 19 61 35 0 36 18 56 21 1 9 55 72 9 5 5 6 10 76 12 19 74 65 ]
[ 46 9 49 74 89 3 44 51 64 10 52 72 11 67 42 23 46 16 50 67 99 0 18 26 5 76 31 50 32 3 18 31 12 20 5 53 23 1 5 39 12 9 11 75 29 5 51 27 22 1 ]
[ 3 25 21 89 27 24 43 8 74 15 2 91 82 39 12 7 39 46 35 53 78 67 32 36 22 14 21 2 12 4 38 16 29 11 57 8 36 0 16 62 15 71 6 97 10 18 56 1 65 43 ]
[ 5 72 61 12 15 50 14 93 4 72 44 47 16 59 44 29 48 24 1 67 59 10 19 59 9 47 97 21 1 31 61 7 56 23 71 23 25 37 16 29 9 61 28 25 20 25 6 20 1 7 ]
[ 53 73 35 98 17 59 37 14 3 0 29 32 18 2 52 83 15 36 19 4 72 4 39 83 39 9 64 54 11 6 31 16 32 19 14 1 30 4 16 33 4 97 18 23 0 22 58 67 59 77 ]
[ 32 3 67 79 52 16 96 41 16 62 70 26 7 33 30 9 11 13 39 61 99 35 46 11 30 45 14 84 43 10 28 27 13 47 6 17 15 2 58 32 65 28 10 24 14 40 33 25 6 24 ]
[ 71 22 45 41 61 58 2 38 9 82 48 29 61 51 32 33 82 16 18 33 66 18 35 48 51 30 25 84 55 31 11 26 5 8 19 18 18 22 56 28 4 4 57 18 7 42 3 42 10 21 ]
[ 66 35 21 69 51 61 16 57 25 47 88 2 7 19 47 32 3 10 39 65 18 55 29 59 47 6 20 75 1 7 43 67 43 64 36 46 25 5 3 3 4 43 5 11 15 52 43 18 14 82 ]
[ 7 64 68 12 21 18 45 97 12 24 44 24 37 8 22 2 60 4 94 37 30 54 93 35 83 62 37 66 32 15 11 92 32 31 4 53 49 1 2 13 25 47 37 15 7 11 17 20 15 11 ]
[ 12 16 9 18 25 42 49 86 28 7 16 19 52 46 3 59 58 15 6 6 42 49 14 82 11 50 90 26 65 53 46 30 21 7 48 47 1 97 33 81 4 50 0 9 48 3 20 6 71 27 ]
[ 62 4 52 14 39 9 69 51 11 54 5 0 20 14 92 63 68 84 28 21 61 5 9 45 37 55 16 56 23 4 57 38 9 62 4 0 71 73 3 35 28 8 35 0 22 27 63 42 12 43 ]
[ 55 15 19 67 30 6 4 32 56 58 48 85 0 36 34 54 27 12 30 11 54 28 56 53 3 56 5 37 9 4 0 16 19 20 35 49 78 91 33 34 49 34 71 2 70 6 8 49 18 38 ]

Timer (generate): 180ms real	170ms user	0ms sys
[ 59 70 50 44 8 59 4 78 82 38 72 21 44 67 97 74 82 99 37 57 22 41 6 11 39 68 51 78 8 13 71 67 83 21 63 92 32 67 22 14 57 95 35 53 62 84 28 45 35 17 ]
[ 54 9 10 13 20 1 81 23 79 41 36 2 60 72 75 24 16 7 43 38 21 53 33 8 6 96 44 34 93 31 3 99 40 13 64 12 14 45 36 46 38 24 48 99 96 76 23 64 83 18 ]
[ 3 57 71 36 65 78 84 62 64 29 93 20 81 34 33 45 98 0 43 34 46 81 11 46 80 59 22 55 24 58 74 27 67 45 15 32 75 52 46 92 33 40 12 14 26 45 12 24 45 55 ]
[ 11 43 88 22 42 69 81 16 76 57 26 50 36 93 48 4 78 23 56 24 15 89 64 27 56 90 25 68 67 22 75 78 18 63 0 60 84 33 76 61 43 55 11 79 48 59 35 26 35 91 ]
[ 51 50 33 67 30 41 10 55 9 77 29 36 55 47 99 7 7 84 92 36 45 35 91 8 67 39 20 2 18 55 46 69 57 31 88 87 72 98 94 33 27 24 69 34 71 20 41 31 4 86 ]
[ 67 1 73 58 62 40 49 82 95 67 89 93 88 98 76 77 86 48 27 32 33 7 56 54 41 80 26 83 11 83 21 30 84 94 40 98 87 89 32 82 9 21 27 97 20 3 26 58 3 6 ]
[ 90 88 13 99 42 54 31 68 89 42 51 10 24 88 5 64 86 92 53 71 26 62 92 53 12 64 56 90 74 11 96 17 99 9 16 41 16 99 61 5 93 65 68 17 5 25 81 91 17 34 ]
[ 62 95 49 7 0 13 23 8 55 98 19 52 15 18 13 83 11 81 82 24 87 75 89 7 92 94 32 25 38 1 59 52 96 60 59 96 25 35 4 81 33 75 85 48 93 98 31 4 80 65 ]
[ 28 19 40 70 26 84 64 10 9 54 11 20 7 59 33 18 7 10 53 63 91 86 38 28 86 31 27 69 87 59 34 67 30 26 89 8 62 54 18 71 60 81 44 67 40 29 86 47 39 91 ]
[ 10 83 78 0 11 16 31 90 86 70 49 20 89 31 99 79 39 61 85 9 85 45 42 81 13 82 10 51 81 49 94 43 84 72 43 96 41 26 86 27 48 88 99 38 19 98 69 11 12 54 ]
[ 72 97 51 15 78 64 49 40 67 31 41 62 26 26 86 70 22 79 48 60 6 97 48 58 87 20 8 56 83 20 62 7 69 13 22 99 30 72 39 97 55 81 11 33 59 50 55 81 29 4 ]
[ 41 88 53 42 46 40 14 6 96 97 79 58 4 48 23 79 0 53 3 91 51 10 24 14 43 83 64 99 16 46 3 10 34 56 52 32 48 18 38 96 15 17 6 71 18 29 50 70 83 53 ]
[ 61 86 63 86 0 7 21 17 58 38 15 61 48 49 69 52 33 17 70 23 13 37 93 19 8 63 0 11 33 83 64 94 69 80 32 70 39 54 39 97 44 54 10 44 55 31 48 88 48 70 ]
[ 63 13 7 56 84 67 19 36 78 52 20 95 99 89 75 31 11 66 37 50 63 81 4 25 25 11 56 73 51 56 43 15 21 2 23 57 70 43 93 0 47 13 95 98 55 22 30 66 88 19 ]
[ 17 3 1 73 80 78 85 88 4 36 44 47 3 17 2 27 74 24 22 20 24 69 85 72 20 40 94 50 7 35 21 76 90 22 1 23 53 38 11 57 27 56 56 30 25 58 57 0 82 31 ]
[ 72 59 53 57 31 73 98 77 75 57 64 96 33 7 19 86 30 72 25 41 81 52 49 37 82 75 96 92 27 30 23 99 41 76 56 72 1 6 2 76 63 18 73 48 25 44 35 55 68 60 ]
[ 49 49 12 98 86 46 73 34 90 52 17 66 51 58 94 60 83 96 18 85 72 82 55 97 30 81 41 17 36 9 77 37 10 41 36 97 40 61 31 30 14 48 48 17 59 43 29 42 39 48 ]
[ 79 63 30 34 61 12 15 54 30 4 16 59 41 26 53 77 23 93 91 7 23 5 7 72 74 66 67 4 8 58 52 87 21 34 22 34 98 89 89 80 93 57 92 35 83 45 64 59 38 55 ]
[ 66 13 12 25 37 39 92 4 43 52 62 47 40 36 33 14 70 83 3 11 64 49 20 8 36 4 53 52 63 91 60 81 4 72 58 94 11 50 98 6 55 13 5 47 49 38 61 71 22 16 ]
[ 35 38 17 7 46 53 11 99 6 26 42 66 59 98 90 18 92 54 20 43 12 75 8 18 74 9 8 35 32 30 4 67 20 21 75 18 27 38 69 85 17 11 3 76 10 45 46 54 99 19 ]

Running merge sort algorithm: 
Timer (sort): 63ms real	60ms user	0ms sys
The output is sorted!
[ 62 13 34 16 39 27 33 20 16 12 1 4 16 20 17 74 10 57 5 22 51 24 73 4 40 47 47 86 13 9 3 27 22 89 43 13 16 29 33 33 41 87 37 9 7 7 83 18 16 41 ]
[ 46 23 28 12 23 9 2 48 14 4 26 63 89 4 25 13 34 10 77 14 5 78 33 54 7 61 20 33 54 1 12 52 76 41 17 0 2 19 48 69 75 26 32 64 31 9 29 17 20 6 ]
[ 69 17 30 10 44 22 61 23 6 77 15 33 9 62 56 5 41 77 25 4 14 0 8 25 67 0 87 28 14 2 57 35 19 39 45 15 13 7 91 19 36 6 53 45 20 9 3 62 38 28 ]
[ 17 20 6 64 2 5 42 7 21 55 9 33 3 35 30 13 56 68 82 35 84 1 16 84 26 17 64 29 17 76 49 34 49 7 50 51 64 45 10 86 0 19 19 55 6 1 21 14 22 3 ]
[ 42 0 38 18 93 21 34 50 97 3 21 44 44 23 10 5 14 18 59 24 75 74 54 19 21 96 39 30 8 8 43 3 8 81 21 1 2 7 52 51 10 25 47 54 1 58 11 15 28 23 ]
[ 6 89 33 8 41 40 25 15 5 46 28 4 45 21 48 55 23 29 33 29 88 93 34 33 0 5 81 26 33 26 77 40 15 11 0 8 3 26 23 9 72 3 13 69 25 13 77 48 43 10 ]
[ 81 31 82 62 22 8 35 61 57 76 28 13 22 5 4 36 24 2 88 47 30 10 6 23 2 9 29 58 2 19 86 35 2 21 50 76 29 37 38 38 13 18 3 88 23 7 24 0 10 64 ]
[ 69 17 0 35 4 71 28 4 17 12 85 58 34 0 7 5 73 25 38 37 2 21 26 21 14 24 94 1 3 32 28 72 1 80 60 5 52 40 61 21 52 47 31 38 47 39 43 21 16 33 ]
[ 83 8 54 15 30 12 47 25 37 16 37 3 46 37 38 28 11 58 32 32 76 58 53 56 14 17 23 48 18 15 52 2 23 6 69 5 18 68 30 7 85 20 11 31 9 1 11 20 60 96 ]
[ 30 4 80 24 60 25 28 24 24 54 2 7 15 49 44 19 4 25 0 58 49 7 23 32 8 23 22 64 27 10 36 9 15 16 85 27 94 65 4 18 19 6 78 87 55 22 6 11 99 59 ]
[ 28 75 61 7 84 18 20 25 28 27 69 2 16 61 60 0 4 22 7 30 92 28 27 54 13 35 0 35 72 55 44 0 30 5 7 66 23 27 43 51 7 13 5 23 26 65 23 31 39 82 ]
[ 35 7 39 71 23 3 3 24 9 85 27 48 16 11 64 21 97 39 0 31 37 7 21 9 57 6 4 20 42 19 27 29 27 66 0 2 21 3 26 83 40 5 83 56 68 47 29 65 87 29 ]
[ 36 42 2 86 9 34 25 57 57 4 48 15 2 74 18 31 14 0 94 7 5 5 24 10 42 26 5 72 16 21 26 52 63 28 38 24 14 16 33 71 72 34 38 74 8 57 5 74 9 51 ]
[ 32 41 2 10 0 44 90 65 65 3 74 42 54 50 11 13 32 34 0 50 1 60 12 68 3 47 59 23 16 27 8 1 20 10 11 20 7 53 38 24 57 12 66 11 14 78 76 46 64 28 ]
[ 6 6 45 80 44 7 11 40 72 45 10 18 2 27 16 11 28 29 34 85 19 45 49 80 65 10 11 44 7 99 21 65 5 18 45 2 26 8 42 98 53 4 16 8 32 84 19 12 65 5 ]
[ 41 22 29 16 16 11 52 38 22 64 20 3 63 32 6 93 18 13 64 33 55 2 9 9 41 14 2 1 87 76 28 28 98 9 96 66 21 48 4 43 13 25 99 28 9 5 21 27 18 38 ]
[ 4 42 6 91 56 77 67 6 73 48 37 34 4 9 52 44 46 85 40 4 31 54 13 54 42 8 16 63 46 11 15 2 6 21 93 62 51 12 21 24 12 58 11 16 20 15 12 18 0 52 ]
[ 48 10 22 38 37 12 30 63 27 5 7 12 8 2 37 9 98 70 41 8 2 66 53 24 53 47 48 42 26 89 41 75 99 16 13 88 28 43 3 7 0 11 71 8 65 9 18 15 31 11 ]
[ 43 30 24 5 39 59 1 82 80 40 23 81 12 15 23 69 12 1 47 61 84 25 3 2 14 34 32 52 31 2 78 75 85 2 32 24 14 33 58 46 26 34 28 38 1 3 7 66 4 7 ]
[ 39 5 31 31 41 20 90 9 2 0 4 19 40 37 64 41 66 13 65 18 23 28 57 24 5 23 48 52 40 56 23 79 62 55 62 3 27 4 64 29 4 20 0 45 57 16 38 24 81 3 ]

Timer (generate): 163ms real	140ms user	20ms sys
[ 41 51 91 10 75 78 41 66 82 72 95 66 89 56 56 89 18 67 81 63 34 14 6 88 24 69 90 19 59 94 77 1 46 68 11 21 46 4 88 80 28 35 98 17 44 7 59 14 74 40 ]
[ 77 8 55 36 96 79 57 38 50 16 85 27 69 31 48 32 4 46 37 44 27 65 80 25 35 76 32 94 90 59 34 19 19 89 55 68 20 12 58 71 81 43 50 50 74 98 83 31 45 20 ]
[ 75 24 37 7 1 72 83 86 66 25 45 1 45 16 42 0 84 15 13 43 86 94 86 88 96 13 87 31 96 32 51 71 8 41 31 9 13 66 95 32 92 92 33 37 9 27 89 93 42 54 ]
[ 88 80 0 27 69 97 40 56 28 36 40 32 59 0 73 42 9 38 9 5 70 53 49 55 42 58 35 83 4 77 38 92 10 38 19 79 87 11 87 68 99 79 52 11 79 77 53 40 15 14 ]
[ 97 38 19 47 93 61 5 28 45 9 58 35 54 68 25 73 99 13 37 38 81 36 69 85 99 0 62 53 40 77 19 38 15 39 85 61 52 42 89 49 52 99 36 6 19 62 31 70 27 20 ]
[ 8 8 9 29 93 8 29 7 13 22 84 85 60 52 76 97 13 80 39 2 30 43 54 18 1 73 80 85 44 7 5 4 67 14 34 12 75 15 19 88 37 56 25 49 8 1 46 21 82 38 ]
[ 75 64 81 29 82 35 3 15 20 99 22 77 55 42 92 89 6 19 57 26 59 94 34 85 96 42 86 42 63 68 80 90 32 14 20 67 49 75 82 21 26 56 98 81 98 42 23 57 61 80 ]
[ 35 21 26 69 58 22 11 44 17 26 13 97 68 97 63 88 16 64 15 98 85 41 55 84 75 5 78 98 62 40 78 97 13 56 18 71 79 81 67 96 59 32 45 28 30 61 68 46 25 84 ]
[ 97 11 77 4 47 52 9 25 50 24 17 80 73 82 37 92 5 68 25 73 64 85 5 61 13 87 22 81 86 48 65 83 11 95 87 10 47 48 87 50 24 5 30 98 39 19 42 45 87 67 ]
[ 70 3 52 75 65 65 63 87 99 49 87 16 84 50 11 23 60 59 71 48 61 96 5 91 46 44 11 88 41 98 7 11 2 12 87 19 77 2 58 28 3 98 45 39 48 56 62 9 67 33 ]
[ 57 28 81 62 20 79 58 83 19 0 33 27 11 87 39 50 6 68 4 17 97 7 15 42 98 63 50 60 72 18 46 81 46 79 43 18 59 2 53 78 54 87 5 17 74 96 68 33 17 24 ]
[ 50 14 84 65 8 82 28 58 43 53 76 89 34 75 20 30 45 79 32 99 58 38 38 15 55 64 64 75 97 81 0 99 95 36 64 3 18 45 13 13 98 42 54 84 69 75 14 14 54 98 ]
[ 65 12 36 3 80 44 20 44 19 69 25 71 69 72 7 85 27 78 82 40 91 32 82 46 17 51 21 31 18 75 30 83 40 18 39 20 62 59 16 34 80 41 57 49 13 17 87 40 47 69 ]
[ 32 38 2 67 84 71 18 57 54 88 85 36 72 25 55 63 97 69 74 65 55 54 6 65 4 71 82 91 63 29 12 95 19 66 14 56 37 33 13 92 21 50 28 45 27 35 8 24 57 82 ]
[ 89 12 37 47 77 93 70 11 36 85 92 0 33 64 67 47 20 56 32 85 0 6 36 81 51 63 16 12 40 73 46 81 38 35 81 67 80 3 79 16 89 23 17 22 87 36 69 59 92 2 ]
[ 97 45 8 85 26 11 48 42 23 40 68 22 74 6 57 55 25 38 10 56 6 99 80 75 21 19 11 43 31 56 45 28 1 5 65 27 16 13 21 92 6 41 66 32 99 23 39 25 13 49 ]
[ 81 72 49 13 47 70 85 11 13 68 19 10 48 20 15 13 99 84 78 72 28 84 14 94 16 65 69 7 90 35 57 24 7 6 89 54 28 74 17 94 42 36 4 42 8 72 55 7 8 34 ]
[ 32 36 70 46 82 39 11 51 46 54 86 3 78 45 61 19 0 90 94 69 36 88 6 92 31 14 64 38 74 24 72 6 12 43 4 94 82 67 46 28 21 84 84 51 30 45 71 82 87 17 ]
[ 3 23 57 9 16 40 76 32 79 50 57 51 8 69 94 12 16 28 31 14 9 53 98 93 56 80 38 79 14 78 96 18 1 54 79 69 94 55 2 73 57 11 77 65 32 23 29 48 52 61 ]
[ 62 61 66 13 54 22 45 44 2 60 22 50 78 76 56 9 45 3 65 99 28 74 10 5 40 43 29 21 91 81 82 54 94 0 19 0 23 64 96 77 24 19 79 54 47 36 64 44 39 81 ]

Running merge sort algorithm: 
Timer (sort): 63ms real	60ms user	0ms sys
The output is sorted!
[ 16 80 11 13 4 20 20 80 7 27 70 13 38 22 0 17 14 66 52 20 28 25 15 12 15 37 12 63 11 90 52 27 22 64 40 26 84 13 58 43 40 80 9 31 3 9 0 69 27 52 ]
[ 23 67 8 20 36 32 19 32 85 64 53 15 56 0 2 0 29 9 20 10 78 77 3 0 41 68 16 55 71 68 12 46 35 20 18 23 5 38 56 42 2 61 9 10 61 12 11 43 73 31 ]
[ 11 43 17 78 85 21 92 11 15 49 73 0 21 0 19 61 16 8 46 21 81 1 20 30 69 18 62 22 0 26 9 11 22 26 41 7 47 33 18 63 35 44 15 8 44 35 21 13 95 67 ]
[ 47 94 12 30 19 20 32 38 11 38 14 45 72 46 19 60 35 40 1 82 22 37 16 2 6 8 46 4 54 13 4 1 7 16 83 27 89 15 17 0 53 31 45 77 78 16 37 13 9 91 ]
[ 97 82 1 35 43 42 13 6 26 37 64 4 32 36 11 15 21 53 50 38 70 59 80 63 21 11 0 75 26 17 12 23 51 13 11 94 8 24 52 34 13 16 90 46 4 1 13 25 6 15 ]
[ 80 0 45 45 93 86 12 8 33 1 31 41 42 3 7 82 29 0 79 78 15 16 37 76 67 40 7 2 37 6 43 17 6 40 15 51 26 27 11 11 28 42 5 22 98 12 4 27 64 36 ]
[ 3 20 33 23 17 37 89 27 22 29 36 0 9 7 4 8 9 89 46 50 17 30 8 55 7 65 10 11 3 71 18 59 91 52 34 9 41 23 88 16 4 25 68 13 84 72 73 45 14 19 ]
[ 33 52 98 18 2 1 73 97 4 30 45 47 22 0 10 59 48 80 41 17 63 8 28 7 45 66 45 10 17 1 46 50 54 45 20 8 46 93 5 2 76 2 1 50 2 11 9 3 92 2 ]
[ 6 37 35 11 60 91 19 64 19 4 9 15 93 13 41 77 29 26 83 10 10 41 44 1 11 48 7 30 26 64 4 32 53 39 95 14 30 14 30 1 71 39 16 16 5 10 93 34 36 29 ]
[ 14 56 20 34 62 59 97 48 25 55 15 30 8 36 7 32 40 43 29 22 78 21 42 45 21 28 12 23 8 37 20 22 46 40 9 8 0 58 8 77 13 24 7 74 12 66 6 53 9 87 ]
[ 6 69 8 10 16 14 18 38 46 7 98 63 47 20 51 23 71 95 14 75 46 40 35 57 3 35 22 35 33 79 18 39 0 26 1 17 40 20 55 39 79 5 2 26 25 5 2 49 0 68 ]
[ 1 87 53 27 40 45 55 33 74 8 9 30 25 5 35 16 43 5 4 90 34 10 14 32 71 18 67 6 70 81 55 23 20 60 2 61 57 9 46 84 17 8 14 42 13 2 11 57 7 15 ]
[ 6 15 1 30 70 65 0 49 10 62 10 16 53 34 4 47 52 42 81 47 4 26 28 15 62 9 2 24 16 40 53 22 7 7 5 77 24 5 79 34 67 89 2 72 76 6 19 28 48 53 ]
[ 88 11 38 1 43 44 16 36 47 5 15 5 58 55 56 82 9 34 60 48 9 20 1 79 54 55 15 90 0 64 17 41 75 7 42 19 3 10 7 2 15 23 8 25 78 16 59 88 2 19 ]
[ 79 3 55 58 31 19 2 74 22 98 60 70 92 46 54 18 29 23 18 14 75 9 11 11 14 22 6 58 57 15 30 36 18 37 46 1 8 1 76 31 51 36 1 44 35 7 14 16 30 33 ]
[ 9 26 20 94 18 70 52 1 57 11 42 90 63 68 6 14 16 25 25 31 9 43 68 17 99 6 4 15 29 59 8 38 37 28 32 7 51 36 9 60 48 3 3 11 23 9 78 40 34 55 ]
[ 28 35 10 64 14 49 50 6 7 3 3 37 20 10 68 45 10 1 23 15 28 23 17 60 44 81 8 19 56 37 58 84 24 68 0 38 17 3 45 76 6 48 13 78 10 81 24 72 35 47 ]
[ 24 32 68 51 42 1 38 6 3 6 14 13 65 44 23 12 62 25 2 6 92 79 5 8 78 28 1 14 30 74 34 6 58 54 57 0 56 47 59 11 5 25 24 70 21 0 34 83 25 88 ]
[ 50 30 90 89 19 3 56 26 32 65 10 76 79 26 50 19 36 5 19 1 36 87 13 4 22 65 42 9 7 36 10 9 67 0 98 38 3 7 16 87 24 26 15 4 5 66 23 41 23 42 ]
[ 7 25 2 45 33 3 60 55 13 1 11 0 14 31 2 9 22 7 83 41 7 63 32 14 97 53 84 0 17 82 91 77 7 46 74 93 49 34 48 14 35 12 14 49 43 16 10 17 23 45 ]

Timer (generate): 164ms real	140ms user	10ms sys
[ 12 16 75 8 91 37 69 50 89 7 48 14 18 25 71 89 56 17 55 50 9 86 91 52 21 24 38 32 14 11 60 26 27 87 34 70 24 56 72 65 63 20 31 33 97 55 74 53 72 81 ]
[ 55 33 20 47 85 41 23 23 73 38 86 85 64 65 72 51 36 48 7 60 13 22 81 97 7 78 52 81 84 76 14 91 10 34 38 95 76 62 71 1 52 57 87 16 23 11 19 11 60 26 ]
[ 71 25 0 4 22 7 35 26 40 71 3 7 62 65 41 1 60 69 15 83 23 67 41 10 35 16 73 55 79 33 33 50 59 86 55 33 45 42 12 86 13 15 45 75 32 86 28 92 8 95 ]
[ 76 31 14 69 93 50 37 66 57 16 0 42 18 11 28 25 96 74 67 8 12 80 75 57 56 7 95 36 52 55 32 80 86 46 1 79 48 90 98 5 6 50 0 76 13 28 2 9 2 69 ]
[ 70 66 2 97 23 10 57 71 46 61 26 78 41 13 25 94 44 73 84 94 31 90 44 31 66 57 11 20 19 66 90 89 32 44 38 8 54 95 79 0 56 57 79 49 70 56 43 67 81 27 ]
[ 61 64 69 58 95 88 15 59 8 34 25 50 75 57 94 14 17 48 61 48 1 70 6 32 71 28 88 15 95 21 42 9 86 64 67 33 52 34 92 60 21 69 11 96 79 57 62 96 6 76 ]
[ 45 59 98 51 91 69 79 31 84 27 4 79 88 90 43 7 76 47 41 20 7 62 90 70 11 69 28 25 17 86 1 14 45 51 65 88 21 97 19 57 76 23 88 64 66 83 71 42 30 64 ]
[ 62 38 79 4 60 90 25 88 15 43 74 69 57 71 72 75 59 93 24 30 51 0 6 39 16 72 23 87 66 5 3 80 43 82 85 56 72 10 44 40 5 71 61 63 94 33 90 54 79 14 ]
[ 36 82 66 42 21 82 66 96 21 84 2 24 65 97 7 2 5 31 64 50 23 70 73 36 33 67 22 75 73 1 89 10 83 55 4 56 89 71 5 10 7 59 34 72 8 93 26 14 77 91 ]
[ 64 0 61 89 89 46 56 11 21 30 12 62 40 95 69 44 3 58 67 8 68 27 67 54 51 76 0 78 90 77 69 6 29 82 95 18 80 51 29 1 33 93 15 25 40 84 22 44 94 89 ]
[ 52 62 68 72 68 20 0 20 98 90 49 19 48 79 53 43 49 33 46 31 34 80 24 49 5 65 85 79 61 79 21 13 93 89 37 13 9 37 34 7 79 83 78 27 14 31 70 16 64 69 ]
[ 99 50 1 23 51 58 40 36 38 1 67 59 67 60 48 4 26 10 94 12 69 73 47 48 1 14 31 23 30 96 92 29 46 45 4 50 4 97 86 94 50 6 53 69 18 53 74 44 63 20 ]
[ 56 33 93 4 33 94 18 64 18 0 12 62 81 11 60 37 61 64 86 99 10 37 5 15 6 76 68 32 20 84 52 29 69 46 85 54 92 55 70 62 55 83 77 88 94 37 25 7 53 12 ]
[ 6 63 1 64 78 59 40 98 44 12 34 96 41 55 94 26 9 39 33 80 1 88 63 78 76 9 15 54 16 68 18 74 83 19 38 61 78 30 12 74 43 46 23 84 2 17 63 11 8 48 ]
[ 43 10 37 58 40 65 67 8 19 35 76 37 10 60 8 0 73 39 31 85 13 74 32 36 10 86 6 25 49 14 74 93 76 63 51 17 28 71 25 0 6 53 89 68 65 98 69 91 37 0 ]
[ 76 2 74 60 91 36 98 97 62 48 63 36 93 40 99 96 9 79 67 86 79 26 91 69 94 9 19 15 0 8 15 28 10 41 41 1 30 39 50 92 39 14 80 32 6 31 29 15 10 48 ]
[ 1 42 74 44 11 21 53 82 88 5 90 56 34 0 97 27 54 27 66 4 71 58 70 3 90 76 34 71 91 97 20 44 39 46 41 2 67 94 84 8 0 74 64 86 26 13 13 32 93 31 ]
[ 89 64 89 59 68 32 36 54 55 79 51 75 76 90 74 17 44 41 63 80 1 15 54 65 1 33 79 66 65 72 50 54 88 91 66 56 75 2 63 31 33 14 6 9 57 80 78 1 74 42 ]
[ 82 27 57 88 93 11 73 72 77 91 96 79 97 84 71 63 93 46 17 56 77 51 70 36 12 27 68 91 81 94 85 15 22 42 55 15 5 29 39 35 20 35 14 17 19 85 33 12 84 50 ]
[ 68 13 53 91 49 66 70 70 9 51 64 94 18 38 88 74 53 46 3 44 81 75 79 95 44 51 33 77 15 69 28 84 82 33 27 32 51 97 54 60 49 18 6 67 57 47 93 62 93 96 ]

Running merge sort algorithm: 
Timer (sort): 63ms real	60ms user	0ms sys
The output is sorted!
[ 4 7 0 46 35 10 26 55 41 13 6 10 47 36 31 0 20 38 52 7 76 67 9 39 36 38 21 78 59 2 65 16 61 17 14 49 28 92 56 21 6 14 32 5 50 63 5 23 54 10 ]
[ 20 53 65 44 80 38 2 45 20 0 78 7 83 33 46 26 55 38 1 40 19 36 9 4 4 13 0 19 33 79 0 53 32 18 49 13 56 3 10 28 4 40 35 39 73 34 65 28 24 19 ]
[ 37 37 12 30 30 32 3 3 42 25 65 22 15 74 62 60 36 95 18 99 26 55 20 27 18 65 29 25 17 0 9 6 37 21 37 68 5 40 23 48 17 40 22 32 14 36 44 2 31 14 ]
[ 55 14 51 0 25 38 66 12 3 18 42 28 12 14 12 3 87 42 55 34 38 14 55 26 63 43 70 30 47 3 45 3 17 48 3 42 38 22 54 41 92 48 22 4 15 34 59 2 29 15 ]
[ 24 0 8 3 32 22 30 59 38 14 10 23 36 61 8 45 10 29 25 11 24 49 51 0 33 67 82 52 39 32 54 64 33 14 19 17 36 49 76 26 15 86 1 3 0 10 49 10 91 74 ]
[ 78 76 12 48 65 28 5 0 11 24 50 15 21 58 25 26 5 46 31 15 12 7 10 94 66 33 56 28 40 24 13 70 0 25 18 66 54 24 18 17 0 20 33 21 30 10 47 88 56 31 ]
[ 63 18 20 30 36 91 15 26 43 21 4 94 30 0 49 38 24 8 40 27 2 62 59 29 40 68 41 32 71 15 13 87 34 33 17 22 24 33 0 19 6 5 14 36 5 63 26 81 24 18 ]
[ 12 46 69 2 14 0 75 14 2 63 8 46 86 30 46 0 46 71 94 35 32 16 28 20 32 83 26 7 17 39 33 81 37 3 35 3 3 10 18 57 74 78 4 12 60 2 12 6 74 7 ]
[ 18 24 3 41 9 1 57 53 23 15 26 35 27 55 88 13 8 67 93 38 91 14 39 59 52 32 11 27 43 67 6 14 43 10 7 5 63 16 58 39 31 84 26 11 40 14 24 0 33 18 ]
[ 34 6 43 13 64 30 15 30 11 27 65 54 44 82 45 97 31 67 41 19 45 62 46 30 5 32 1 48 22 8 25 8 14 20 21 79 50 37 9 62 16 27 16 12 9 14 9 92 33 2 ]
[ 4 18 83 46 32 1 37 11 15 6 37 20 53 73 49 31 12 33 21 3 56 19 87 3 0 39 56 67 63 6 7 67 76 42 13 8 43 50 72 11 9 9 31 14 82 32 46 46 18 19 ]
[ 21 29 29 24 36 14 3 44 68 6 71 98 33 61 19 18 7 24 78 69 18 8 11 20 35 49 22 3 14 82 76 35 11 57 11 47 72 14 43 40 20 14 38 54 28 10 24 35 34 3 ]
[ 15 56 20 43 32 3 6 2 92 11 98 49 62 33 13 12 11 39 23 99 79 10 18 63 60 21 6 7 32 23 48 47 31 20 43 63 23 1 17 15 64 15 16 26 0 29 39 63 69 14 ]
[ 23 22 13 66 1 10 46 4 58 55 3 38 75 28 0 28 19 29 41 35 79 19 37 86 21 75 57 45 11 34 27 35 56 93 53 9 3 99 13 13 6 16 4 34 45 4 62 16 33 3 ]
[ 12 28 34 47 33 64 5 38 1 22 97 88 21 82 56 18 15 92 67 53 98 4 1 19 9 79 97 82 38 2 15 3 30 1 2 16 17 7 54 18 30 4 6 3 38 15 22 53 7 41 ]
[ 1 30 26 32 27 60 4 66 18 68 86 30 40 7 9 10 64 41 25 26 43 29 21 6 82 63 30 9 14 76 76 16 6 54 48 34 14 53 52 33 73 38 15 13 45 24 23 10 18 0 ]
[ 5 26 76 81 37 41 7 70 2 6 27 29 46 53 12 25 96 56 16 1 0 43 2 70 72 4 41 11 25 37 37 82 15 14 15 4 55 23 74 58 29 53 39 28 6 3 5 55 59 21 ]
[ 86 29 35 14 4 80 9 5 53 13 1 93 8 27 5 40 7 67 8 57 19 26 56 1 7 17 2 29 37 20 43 76 49 31 42 5 11 3 62 64 17 63 9 77 43 67 17 50 34 78 ]
[ 53 5 8 7 10 21 47 4 28 1 10 43 80 6 13 22 69 87 23 60 22 15 51 11 10 32 12 26 96 80 68 1 85 28 9 47 49 8 4 29 9 14 24 41 72 37 63 41 77 39 ]
[ 25 4 44 4 9 23 30 95 17 13 55 33 70 58 36 43 25 10 6 9 99 27 49 22 27 2 16 52 44 97 91 21 53 35 25 14 11 55 9 28 20 17 14 43 27 50 38 52 12 44 ]

Timer (generate): 171ms real	160ms user	10ms sys
[ 78 46 94 31 3 2 43 99 97 38 29 54 0 0 64 13 87 62 77 79 25 89 73 80 76 80 90 17 19 4 91 50 2 85 81 5 88 76 4 37 14 85 91 67 85 7 80 24 69 58 ]
[ 4 94 99 29 26 27 10 17 44 29 73 35 31 76 21 13 81 61 41 38 98 8 23 41 75 61 48 7 85 69 17 41 15 16 71 42 43 81 11 39 62 84 27 94 60 0 59 94 61 52 ]
[ 32 11 60 7 4 35 68 4 43 6 25 60 47 40 29 70 34 24 51 45 64 66 82 91 60 94 91 71 88 4 23 72 67 36 80 23 23 0 27 18 6 52 31 6 44 60 76 31 84 80 ]
[ 28 0 46 10 43 58 5 34 81 93 90 4 66 9 92 98 32 16 50 59 34 57 63 65 15 60 77 91 91 14 71 19 14 69 82 58 27 87 44 8 32 35 65 50 44 57 0 77 25 51 ]
[ 88 60 8 4 77 23 16 55 66 59 69 38 78 83 7 12 93 87 99 38 95 84 25 12 34 69 70 35 98 95 86 39 7 46 95 85 21 11 92 87 70 61 77 0 96 37 13 90 24 64 ]
[ 80 71 48 5 84 83 26 6 70 25 53 8 16 13 54 11 98 75 22 42 14 92 3 44 92 51 81 57 93 57 22 73 80 70 30 16 5 57 22 27 34 28 35 50 41 89 61 91 16 83 ]
[ 85 83 27 88 27 71 91 60 29 85 17 51 58 97 21 41 14 79 98 88 6 32 68 42 82 61 83 95 4 52 30 89 87 57 77 66 80 21 26 9 6 43 60 16 92 34 57 6 65 55 ]
[ 47 71 39 15 65 73 77 1 68 81 5 50 71 92 7 0 58 88 21 36 49 79 31 10 96 23 96 53 82 61 61 29 84 0 96 50 26 25 3 94 7 8 45 30 52 4 82 62 44 56 ]
[ 98 94 35 29 56 83 52 52 89 86 13 2 67 97 2 64 99 80 89 2 75 48 62 72 78 14 28 13 76 73 69 26 19 56 55 75 40 60 27 81 98 92 83 66 41 37 30 41 18 19 ]
[ 95 45 68 58 17 98 24 45 11 1 70 32 79 89 89 87 64 81 99 43 14 97 35 97 63 29 34 45 70 52 65 17 97 85 75 66 35 52 64 99 53 34 31 84 24 72 71 40 5 70 ]
[ 84 19 20 71 68 83 0 3 29 22 7 46 92 57 83 19 23 70 71 87 69 76 74 53 61 50 77 32 90 35 55 26 54 75 50 23 10 50 78 91 25 85 89 17 94 24 36 70 47 8 ]
[ 57 16 84 83 21 97 33 51 30 76 86 37 2 92 64 52 67 26 55 45 70 32 83 59 49 77 36 37 47 83 97 57 51 82 92 25 31 26 76 13 2 62 50 56 54 66 9 74 93 16 ]
[ 19 15 48 54 26 49 84 62 86 83 97 84 92 49 18 85 74 49 63 2 63 17 64 65 73 70 32 34 44 77 50 16 92 50 22 18 99 6 33 86 90 30 22 82 31 92 19 57 93 82 ]
[ 59 8 99 23 74 25 46 58 59 42 87 62 58 31 12 81 1 64 39 34 2 29 17 24 64 0 68 35 58 61 18 17 70 69 93 96 94 91 54 6 33 93 68 44 24 32 77 25 96 16 ]
[ 12 98 98 81 74 14 81 94 49 91 8 19 9 78 89 54 26 35 45 32 41 30 25 61 74 1 46 3 26 94 20 90 45 70 71 19 84 5 66 33 96 74 5 5 4 46 11 30 81 8 ]
[ 62 75 91 39 88 65 40 34 21 66 29 41 9 74 11 80 45 47 37 11 80 34 85 37 91 41 83 3 71 17 63 85 92 54 24 80 72 64 67 93 83 96 34 44 22 97 76 67 44 14 ]
[ 31 76 48 68 14 39 10 49 42 33 66 58 19 10 12 95 91 84 12 10 77 47 58 63 91 80 12 67 99 56 81 30 85 29 51 99 69 61 0 63 46 67 21 65 77 86 13 20 22 25 ]
[ 30 52 72 88 15 63 20 80 82 20 36 64 50 21 45 53 72 66 14 73 30 61 92 3 78 21 41 91 42 64 68 24 16 40 65 83 55 85 63 38 5 52 54 8 25 99 61 50 66 28 ]
[ 75 48 41 67 3 71 40 45 15 34 61 83 59 77 76 76 12 83 61 76 21 19 80 27 79 57 27 92 7 45 72 34 45 13 53 48 37 94 93 52 28 6 35 87 83 63 63 48 47 77 ]
[ 76 20 48 56 48 27 13 27 71 73 24 44 7 69 9 61 17 46 55 63 50 35 69 86 23 5 1 38 53 48 67 29 69 15 37 69 94 50 48 18 75 72 62 83 41 23 96 10 70 3 ]

Running merge sort algorithm: 
Timer (sort): 61ms real	60ms user	0ms sys
The output is sorted!
[ 21 5 2 42 18 79 54 1 20 96 11 91 27 72 0 25 26 39 27 0 25 0 35 10 26 95 38 14 9 25 50 30 31 4 24 1 36 31 2 56 27 66 0 6 90 52 31 17 92 10 ]
[ 4 20 0 28 6 41 7 88 20 9 6 23 39 41 1 0 67 13 5 49 4 1 12 77 38 42 17 9 61 6 4 17 26 4 46 33 98 53 73 18 62 80 41 1 73 94 53 40 7 58 ]
[ 19 20 93 12 60 8 0 95 67 48 4 82 54 17 65 37 8 2 41 7 9 42 32 55 10 22 26 1 18 0 60 38 21 53 2 33 14 2 80 81 3 37 16 9 54 33 46 14 36 39 ]
[ 38 53 29 73 11 43 86 15 15 91 17 49 85 40 2 38 87 26 18 38 31 53 24 3 30 8 53 4 88 22 28 27 28 9 0 39 52 38 7 19 30 24 68 15 17 23 5 4 1 24 ]
[ 78 4 2 5 27 50 11 9 98 13 79 1 9 36 36 35 0 54 14 14 30 19 44 22 49 1 0 78 7 60 58 37 16 13 43 96 63 6 57 61 19 36 15 28 25 3 15 25 57 82 ]
[ 2 2 11 47 58 67 8 43 49 4 65 8 8 17 86 30 73 18 0 60 22 34 9 76 5 16 10 54 1 64 38 3 18 50 2 77 17 10 20 18 66 38 26 26 55 64 56 28 34 57 ]
[ 75 95 52 3 33 68 78 61 0 11 13 57 13 7 14 24 41 29 63 14 11 75 0 0 12 3 53 6 83 28 30 59 23 34 14 8 2 44 22 3 56 87 12 21 95 26 46 36 8 9 ]
[ 30 23 73 31 61 99 68 57 70 6 0 34 1 6 25 95 52 34 2 17 7 92 35 6 0 1 51 3 16 59 80 46 34 5 30 47 4 50 4 27 8 4 13 9 62 38 56 67 24 11 ]
[ 55 38 27 2 88 4 56 18 28 26 56 37 11 41 94 66 0 11 26 65 13 32 20 46 14 7 17 15 3 6 20 11 96 47 13 36 4 21 54 32 99 62 69 10 3 15 28 56 26 55 ]
[ 0 0 3 50 49 58 48 45 70 59 0 24 27 60 0 44 50 0 9 28 33 75 15 67 42 26 93 36 24 4 2 24 56 5 26 5 15 75 2 85 34 54 62 13 15 14 57 65 14 18 ]
[ 3 52 41 64 9 20 18 1 41 55 10 10 58 11 0 8 70 1 34 2 20 25 83 88 48 40 56 17 98 44 2 1 49 43 18 10 16 36 11 57 43 73 19 1 85 19 62 7 20 96 ]
[ 14 86 52 10 25 53 28 21 14 13 59 72 57 27 4 32 54 55 1 2 28 46 3 73 23 46 0 90 48 1 54 14 39 6 25 64 11 5 37 25 70 96 50 27 23 54 11 29 9 12 ]
[ 1 9 29 7 34 28 74 56 60 98 25 3 23 94 39 14 50 10 31 79 23 52 9 34 18 41 15 20 6 41 9 7 2 38 15 37 18 41 93 31 39 70 34 15 65 25 29 15 35 60 ]
[ 62 53 11 3 38 14 59 9 31 38 59 12 33 8 30 51 0 15 20 17 22 84 80 16 1 15 2 65 50 12 44 12 17 55 68 7 70 27 16 53 17 27 65 50 35 48 53 87 15 26 ]
[ 20 30 47 56 97 64 37 0 26 15 45 42 3 10 41 18 13 5 69 37 7 79 35 24 12 16 82 22 40 23 27 60 5 27 17 2 91 6 55 69 73 0 12 29 10 5 47 76 10 68 ]
[ 4 39 8 35 8 86 31 4 80 72 55 36 45 37 19 24 74 1 39 10 45 48 29 1 3 83 24 75 15 3 74 19 43 34 6 3 20 38 7 53 62 62 41 7 0 60 83 26 13 22 ]
[ 68 31 8 27 25 8 0 50 1 17 51 0 38 41 23 14 26 33 42 27 17 28 63 30 43 6 74 1 66 43 31 34 26 91 14 52 0 66 2 1 84 5 1 74 46 77 89 73 10 31 ]
[ 65 41 80 6 60 56 31 45 60 24 43 26 8 28 22 7 12 29 26 7 3 54 60 37 10 89 17 26 92 2 16 10 43 49 16 55 5 47 1 17 24 44 44 84 24 18 43 36 47 21 ]
[ 40 20 54 55 83 32 7 3 55 42 5 45 5 17 28 59 49 60 70 68 2 22 34 9 17 88 4 4 18 69 25 58 41 32 13 25 64 72 28 71 14 33 16 71 3 45 31 4 5 1 ]
[ 29 47 39 93 27 89 71 45 7 48 19 34 6 27 76 26 33 8 45 5 37 23 47 5 99 69 9 28 30 1 21 11 1 60 4 28 1 28 26 8 28 97 43 34 76 19 12 9 79 9 ]

Timer (generate): 158ms real	150ms user	10ms sys
[ 44 99 47 63 54 94 25 98 37 19 23 74 5 19 47 78 22 89 65 63 43 10 13 67 39 59 75 67 59 98 47 4 49 47 67 4 93 44 54 30 63 78 57 68 97 4 99 72 45 16 ]
[ 87 88 26 0 55 18 60 83 37 71 81 37 75 82 84 94 38 77 38 93 60 54 23 69 74 20 25 25 44 71 41 32 11 20 32 19 90 44 2 79 16 35 16 43 17 52 90 56 82 80 ]
[ 49 42 34 24 63 61 96 40 86 41 11 80 73 75 52 57 94 42 54 48 21 22 83 90 17 52 42 7 8 24 88 9 18 74 33 81 35 30 22 74 23 85 54 48 60 58 5 6 0 11 ]
[ 54 73 33 37 63 51 90 6 10 50 82 98 60 1 25 45 82 60 27 56 86 50 42 92 98 54 50 56 61 2 67 67 28 53 5 91 56 47 49 66 97 32 17 9 85 94 7 67 54 86 ]
[ 76 93 89 70 85 39 24 88 95 37 90 15 5 18 20 62 62 76 9 63 94 58 47 63 20 32 57 79 52 64 65 28 57 54 50 42 94 74 30 41 64 73 56 21 43 76 83 5 4 44 ]
[ 21 99 54 68 62 26 1 20 5 5 84 71 33 93 77 83 87 23 9 70 65 25 43 21 46 86 50 81 44 54 25 65 5 32 33 68 58 86 40 64 91 76 87 76 69 16 59 56 40 21 ]
[ 26 5 46 21 78 45 8 28 26 4 35 4 69 40 88 54 60 46 41 52 62 84 80 1 61 49 18 72 58 58 93 36 63 92 58 41 89 18 22 15 74 9 71 43 1 59 49 62 58 90 ]
[ 66 20 75 47 74 88 48 92 60 6 50 54 95 65 98 5 58 87 75 32 54 49 41 78 44 43 89 93 57 47 36 23 20 63 70 94 51 19 86 11 77 88 17 72 5 67 29 63 54 4 ]
[ 96 61 5 37 39 49 32 80 95 89 28 31 13 48 94 35 94 45 6 32 8 84 20 26 8 25 45 90 40 0 94 36 13 0 26 4 1 58 84 96 48 64 79 13 64 73 48 58 70 55 ]
[ 90 31 91 62 9 51 39 54 41 80 6 88 16 19 40 42 75 41 1 12 90 1 76 69 14 41 95 62 99 17 69 42 48 60 4 57 12 44 12 5 24 18 93 92 90 33 87 65 27 88 ]
[ 29 17 41 6 38 55 47 85 69 98 3 39 40 3 99 97 61 63 41 25 69 17 95 14 9 85 48 96 3 27 36 32 96 77 90 34 84 37 20 54 88 75 93 28 78 44 25 91 8 18 ]
[ 68 29 35 64 95 97 1 95 93 56 22 82 41 18 59 83 5 44 21 77 98 61 52 91 89 82 87 67 26 95 37 46 76 73 62 72 70 64 67 15 72 42 97 65 60 9 49 65 53 22 ]
[ 42 3 83 46 46 24 81 33 43 7 81 81 53 9 6 16 33 76 32 53 43 56 95 41 74 55 50 75 73 55 97 67 58 32 66 56 56 47 89 52 6 22 33 11 32 39 79 65 67 11 ]
[ 70 62 20 65 3 46 73 5 21 46 12 18 65 22 50 31 78 58 78 20 10 84 42 95 96 26 86 75 44 5 39 14 68 11 80 23 57 5 81 78 51 93 48 16 16 50 48 46 8 78 ]
[ 66 71 15 61 18 63 39 5 90 35 10 81 2 30 92 34 54 1 39 35 31 90 80 79 58 48 81 58 95 90 89 13 13 4 26 31 67 18 88 57 53 51 91 55 81 83 89 87 37 28 ]
[ 22 68 70 55 0 81 3 81 39 98 23 28 64 88 84 42 72 51 60 60 61 66 63 52 21 45 87 63 32 76 43 7 45 66 62 97 47 17 78 38 16 54 19 32 42 55 74 14 7 35 ]
[ 27 20 53 90 24 26 87 63 89 20 40 85 79 85 3 93 34 2 10 12 40 78 18 11 10 61 67 37 27 26 24 54 98 77 97 22 3 84 37 45 56 77 30 35 14 33 28 48 35 91 ]
[ 13 27 69 31 91 32 92 10 69 72 36 93 26 86 70 23 8 25 60 97 70 16 75 52 4 89 85 84 90 72 75 3 52 45 86 43 29 31 53 98 3 41 43 81 27 13 5 87 90 17 ]
[ 84 61 33 11 13 37 53 51 22 43 75 49 98 27 46 36 22 75 67 27 73 70 20 16 4 99 81 61 86 72 78 23 85 11 34 98 1 87 1 75 82 77 24 32 56 23 69 31 98 36 ]
[ 10 72 59 31 40 63 82 74 24 69 98 2 44 83 65 78 33 66 18 35 93 52 64 70 85 20 93 54 3 91 42 14 15 1 97 8 64 79 82 40 0 80 94 44 15 60 75 48 78 45 ]

Running merge sort algorithm: 
Timer (sort): 53ms real	50ms user	0ms sys
The output is sorted!
[ 7 0 44 29 43 4 16 8 21 22 7 54 11 59 65 10 52 18 6 0 57 22 65 25 8 83 7 2 63 9 22 22 9 18 3 4 23 20 13 96 42 72 51 6 84 16 16 36 86 22 ]
[ 8 28 8 21 25 3 7 17 35 99 42 66 23 3 33 88 88 36 40 24 4 15 60 0 0 44 17 60 62 8 6 22 37 14 44 14 17 51 32 5 2 74 23 26 29 56 14 70 44 6 ]
[ 0 19 39 5 17 61 58 30 44 41 3 69 8 7 2 19 45 18 29 55 22 68 10 22 70 34 10 17 49 41 57 49 12 48 6 29 62 64 12 6 6 15 27 14 74 29 85 19 0 66 ]
[ 6 3 19 94 1 48 0 77 6 70 14 39 11 48 15 32 64 17 5 69 48 25 4 2 20 7 2 18 65 97 44 71 0 15 17 1 15 17 31 22 40 45 13 51 45 29 35 61 98 40 ]
[ 19 44 1 1 47 15 37 2 10 72 66 76 24 48 5 80 5 53 22 59 36 28 75 51 5 5 0 12 67 14 4 38 58 5 39 6 73 28 8 35 53 27 11 77 75 17 10 32 22 32 ]
[ 21 29 30 65 11 70 7 67 24 0 50 16 37 67 82 24 30 7 35 45 29 14 69 6 29 76 45 20 1 45 23 22 74 5 88 37 76 47 5 0 0 7 16 37 27 50 13 57 9 0 ]
[ 70 10 32 5 3 16 31 37 95 16 39 52 84 6 12 2 23 29 1 24 13 38 31 7 21 27 21 25 40 65 41 11 75 25 68 78 42 0 15 37 16 6 89 0 13 54 54 88 35 56 ]
[ 59 22 58 51 28 11 42 77 89 29 39 44 39 18 46 22 24 66 10 51 8 9 20 2 98 13 82 3 45 38 45 56 12 55 8 40 19 2 70 8 31 9 5 22 28 3 45 4 69 7 ]
[ 87 13 5 69 23 76 27 42 52 34 6 25 35 17 10 29 0 27 81 65 22 3 1 20 44 32 41 72 0 16 84 88 29 41 9 52 17 36 47 22 22 53 47 9 23 10 39 23 37 20 ]
[ 51 8 1 18 89 1 23 48 88 2 24 96 21 1 11 11 19 70 75 56 45 10 57 16 7 44 23 1 11 54 13 14 14 66 32 3 68 8 3 8 62 28 4 83 81 68 94 0 38 21 ]
[ 22 16 11 62 75 10 7 97 25 3 53 38 64 13 6 43 17 29 91 45 48 48 36 41 15 28 25 16 4 30 26 26 46 38 88 21 48 47 18 25 50 24 16 15 89 22 10 7 3 54 ]
[ 22 4 15 28 39 23 70 6 6 28 99 79 1 64 73 14 5 94 41 54 42 83 68 29 22 3 1 14 5 6 17 27 63 33 7 2 8 77 9 14 58 60 45 11 24 18 26 81 64 19 ]
[ 80 21 64 53 67 13 50 91 12 11 24 1 36 43 41 11 37 17 10 22 45 4 52 3 1 48 36 14 12 80 9 44 1 26 50 20 39 0 63 3 11 88 4 99 83 45 10 72 15 21 ]
[ 33 7 27 3 20 12 45 77 38 85 17 49 14 9 10 95 2 12 10 10 12 81 43 8 94 37 48 87 14 68 70 0 27 98 3 48 62 0 77 52 38 46 1 52 7 11 0 10 24 10 ]
[ 53 34 23 0 2 80 55 46 34 21 13 18 37 15 3 37 13 15 96 8 4 93 81 41 82 34 40 38 7 37 41 12 72 16 13 26 96 20 24 31 42 37 49 31 4 4 20 18 20 68 ]
[ 7 25 78 43 4 44 0 12 18 44 87 8 7 36 3 9 9 0 8 17 60 1 41 19 15 35 94 37 4 27 24 64 52 2 7 57 98 60 69 17 4 9 77 63 45 80 72 7 81 32 ]
[ 13 23 23 50 46 11 65 68 67 15 40 21 16 2 31 5 18 86 53 28 64 84 34 4 20 57 14 39 11 2 4 24 77 27 26 23 91 44 43 58 59 35 32 27 38 15 33 8 1 38 ]
[ 1 77 83 0 25 39 26 4 19 64 22 20 81 19 45 14 29 26 28 16 17 51 51 26 89 91 43 53 80 29 18 33 6 1 33 31 40 12 87 11 28 10 31 9 29 77 23 10 55 4 ]
[ 18 14 34 93 32 1 17 86 7 26 1 27 13 35 65 18 40 22 43 82 25 69 57 5 53 5 70 0 40 9 17 10 76 52 3 8 5 20 46 64 46 99 43 12 34 9 30 27 83 25 ]
[ 22 16 17 16 52 17 19 5 4 27 21 19 20 28 16 19 23 17 69 34 63 44 14 10 65 58 42 2 74 41 34 48 9 51 64 61 20 35 18 24 14 39 96 86 19 64 58 43 33 27 ]

Timer (generate): 135ms real	130ms user	0ms sys
[ 81 52 7 31 2 11 17 55 9 10 41 41 82 30 97 47 66 57 85 13 89 5 45 70 29 21 47 11 5 14 57 87 66 16 70 68 27 87 76 37 49 17 78 32 0 75 31 18 84 68 ]
[ 31 74 26 29 96 55 2 44 66 7 10 76 94 76 44 16 97 72 56 73 61 5 42 39 89 42 67 73 13 3 41 44 29 67 25 26 74 27 22 93 87 32 21 33 8 65 50 57 37 6 ]
[ 30 98 63 73 90 5 67 9 78 80 12 71 77 42 39 54 20 65 34 42 58 21 26 79 54 86 45 56 44 34 62 74 85 26 99 75 31 19 36 61 51 0 32 28 42 23 35 14 89 69 ]
[ 8 99 42 34 79 96 21 76 53 17 10 67 91 95 45 43 22 28 62 10 89 13 11 74 94 5 49 81 20 38 50 80 38 92 15 69 40 88 45 45 5 7 65 48 55 10 91 77 91 5 ]
[ 40 32 71 51 6 17 56 56 98 76 46 0 57 36 92 24 57 84 64 2 82 21 62 47 69 17 9 13 46 0 70 86 33 93 37 91 10 46 99 60 22 98 60 31 34 4 7 44 89 23 ]
[ 98 23 44 60 22 14 77 31 79 76 84 49 62 17 43 52 60 5 98 60 66 72 58 26 56 44 31 15 88 72 39 87 47 83 99 69 49 29 0 28 5 36 30 19 5 73 71 66 78 21 ]
[ 78 96 46 88 23 2 32 6 17 73 30 8 12 77 92 11 98 41 40 50 22 97 87 52 17 92 25 40 10 55 62 88 52 8 76 27 62 61 85 31 86 15 40 98 44 84 61 42 25 54 ]
[ 92 99 51 79 51 20 24 28 61 34 36 75 23 40 35 51 67 49 64 4 80 50 19 72 0 15 56 62 57 34 68 49 33 71 81 37 92 5 65 5 39 1 80 14 41 67 18 60 16 82 ]
[ 64 48 85 35 73 85 50 29 99 59 15 67 61 49 91 42 38 83 99 3 88 90 57 20 5 50 39 75 63 7 57 79 55 42 15 80 80 17 10 79 29 25 99 90 26 90 84 64 25 35 ]
[ 20 65 25 77 85 82 79 76 57 42 83 67 22 90 61 89 71 41 58 33 73 39 10 24 29 37 14 65 53 39 0 73 56 26 2 93 60 34 69 18 76 4 85 50 46 98 91 17 40 50 ]
[ 2 13 41 13 37 71 50 3 88 55 94 41 29 50 19 83 43 79 17 64 97 46 68 34 96 14 33 40 84 25 42 86 90 83 99 79 6 1 82 95 57 28 36 38 30 55 73 25 34 91 ]
[ 89 84 89 9 70 37 75 55 77 59 80 19 98 22 3 49 1 9 51 35 56 60 63 44 98 45 99 71 70 86 14 11 22 3 20 44 93 48 52 70 7 84 42 57 7 45 7 8 6 10 ]
[ 96 15 70 11 59 20 57 11 43 27 49 10 91 23 65 11 67 58 11 19 29 19 4 71 28 63 68 87 23 26 97 19 41 19 31 1 91 88 64 87 67 13 97 58 36 14 22 55 73 33 ]
[ 75 54 4 31 77 85 46 45 72 69 23 70 89 65 41 72 18 33 60 82 20 79 47 69 38 83 83 12 38 56 97 65 10 2 48 39 87 94 36 59 64 60 81 5 77 23 77 47 56 89 ]
[ 81 28 68 28 97 58 63 80 70 1 37 68 19 99 22 67 39 61 14 75 20 30 87 54 35 64 77 64 11 85 53 44 13 21 72 10 80 35 42 2 89 79 22 60 31 44 79 22 5 93 ]
[ 49 78 23 37 32 58 53 61 22 17 46 27 61 11 49 86 73 81 73 15 83 14 47 6 74 30 2 54 52 8 47 1 38 71 90 22 81 96 83 56 13 81 83 26 92 84 12 17 65 38 ]
[ 84 1 52 31 59 27 61 61 81 65 21 80 19 11 3 61 33 37 57 16 93 22 49 28 49 93 13 13 10 30 51 95 83 4 78 42 31 40 56 64 57 29 96 76 93 0 38 26 37 95 ]
[ 95 82 18 44 10 19 38 75 32 0 58 36 95 41 40 74 36 23 66 44 39 23 25 35 52 18 35 90 97 24 37 92 6 7 88 69 78 78 96 63 79 6 99 74 0 91 0 36 66 66 ]
[ 32 57 42 9 92 94 80 80 36 77 4 73 21 63 33 61 84 11 40 32 74 19 39 25 45 39 16 46 27 34 64 59 91 6 20 84 52 0 16 88 29 72 14 2 87 47 64 71 10 56 ]
[ 4 85 75 95 62 72 34 79 70 61 65 35 72 57 93 44 93 46 45 9 86 26 33 0 81 21 99 45 44 10 53 0 47 80 95 9 52 29 40 23 42 6 10 66 63 3 11 8 1 8 ]

Running merge sort algorithm: 
Timer (sort): 63ms real	70ms user	0ms sys
The output is sorted!
[ 28 5 37 71 93 20 80 24 25 10 23 11 2 2 59 34 26 30 2 37 71 39 31 58 22 26 45 2 26 2 0 54 60 89 26 5 9 58 29 34 21 4 45 23 7 5 9 33 35 64 ]
[ 19 1 1 27 33 64 34 7 60 27 15 13 37 98 32 14 9 7 4 41 48 14 75 28 32 81 83 54 38 7 86 10 8 39 37 42 4 23 1 16 3 16 82 92 66 14 6 27 21 10 ]
[ 15 11 21 37 77 88 6 4 14 30 4 30 29 6 6 32 30 25 8 46 13 45 52 13 34 29 1 76 55 6 15 71 69 36 8 46 24 67 3 38 97 7 20 26 65 27 58 95 4 18 ]
[ 81 14 57 51 90 5 20 5 26 5 27 48 5 15 67 1 34 32 3 26 33 99 85 10 25 29 1 2 35 0 1 17 66 59 20 9 64 40 14 42 46 94 90 3 9 9 4 44 41 60 ]
[ 37 64 32 30 8 26 28 5 44 29 13 3 56 12 78 7 19 70 43 1 32 24 33 65 19 68 42 42 5 86 19 94 2 3 24 10 29 5 15 74 34 28 29 42 93 7 1 64 29 44 ]
[ 52 1 97 8 50 88 9 94 88 51 25 3 5 37 8 58 60 39 90 85 76 40 41 40 6 4 4 38 1 6 69 6 7 18 14 9 6 75 3 46 26 29 1 31 18 9 41 30 1 31 ]
[ 44 17 37 48 33 26 24 56 5 58 23 49 40 33 97 27 3 46 0 58 88 23 32 36 16 53 12 8 56 8 48 0 77 37 48 10 15 24 66 21 35 41 22 75 27 19 3 30 17 3 ]
[ 26 10 25 54 5 18 88 73 41 25 46 15 22 56 14 64 24 29 26 1 42 18 17 9 22 83 31 57 28 4 4 6 66 29 60 72 47 48 45 41 25 43 8 0 0 22 16 76 52 42 ]
[ 22 46 34 54 8 88 34 62 71 12 19 98 44 42 9 9 22 9 7 30 22 24 44 75 44 9 21 23 33 36 57 8 35 43 14 43 31 48 6 3 12 77 53 8 19 14 17 93 23 24 ]
[ 62 18 13 51 1 10 26 47 29 75 22 79 7 19 19 15 21 14 44 23 1 41 53 2 50 3 51 64 63 37 24 26 7 37 29 8 99 56 7 29 31 30 8 90 49 79 5 23 93 1 ]
[ 24 8 19 58 20 17 57 55 20 18 87 78 8 19 76 3 14 17 2 1 67 22 33 17 31 76 61 7 85 21 28 10 30 47 20 2 16 29 58 36 47 97 67 8 16 43 11 31 60 14 ]
[ 27 69 21 12 6 75 31 1 99 37 26 7 5 16 0 96 89 51 5 4 81 90 10 84 36 7 22 2 39 78 0 18 47 21 30 5 48 61 59 0 50 85 7 7 1 7 4 43 11 61 ]
[ 20 9 33 10 4 42 29 56 78 22 38 6 49 48 6 10 25 39 0 8 24 13 27 83 81 89 37 32 23 5 94 43 15 27 5 71 70 35 79 48 9 17 6 10 17 12 20 94 3 73 ]
[ 1 37 28 26 25 0 64 75 11 32 46 15 10 57 24 10 1 46 33 38 21 2 2 6 68 82 48 40 79 4 80 80 93 9 6 18 61 22 45 25 54 92 40 16 1 17 27 54 15 12 ]
[ 0 82 0 1 67 4 31 36 36 53 54 50 28 25 5 1 16 54 5 6 77 9 19 96 39 1 0 42 81 46 56 33 81 56 35 0 12 18 88 1 71 42 3 51 19 8 53 35 14 58 ]
[ 2 12 24 24 86 9 82 5 27 1 7 21 17 66 26 23 28 12 22 82 2 51 2 7 17 82 88 25 22 50 60 77 63 36 1 1 45 83 7 25 36 66 46 5 32 24 28 12 88 50 ]
[ 50 8 2 79 72 30 77 71 64 8 37 8 86 11 15 17 63 5 2 31 35 12 14 14 38 15 22 12 52 13 61 55 21 63 34 45 46 11 16 10 72 54 18 10 17 33 27 32 91 29 ]
[ 64 42 32 2 4 86 14 6 88 55 43 4 15 25 27 10 43 10 64 17 15 76 57 36 91 47 11 38 0 9 8 16 51 40 18 8 26 33 14 66 40 9 22 55 86 2 65 29 12 81 ]
[ 14 15 42 53 48 58 65 7 37 69 24 35 7 13 13 68 10 54 55 1 1 83 12 54 4 21 7 5 64 1 70 30 69 64 35 17 22 0 77 12 22 1 99 29 66 12 49 77 18 4 ]
[ 63 63 54 11 27 36 47 98 27 18 99 61 6 55 13 6 27 1 36 34 5 16 14 68 43 75 41 13 52 60 7 15 23 14 26 50 2 26 1 30 44 0 43 51 7 56 9 86 10 45 ]

Timer (generate): 150ms real	130ms user	20ms sys
[ 21 30 94 55 2 52 66 58 63 38 55 60 78 7 31 34 45 73 89 85 75 13 47 9 37 77 81 79 36 11 55 57 42 49 64 96 1 31 7 17 21 14 77 99 22 60 86 19 34 27 ]
[ 4 9 40 4 70 29 33 51 8 69 63 15 78 57 64 43 53 18 26 12 35 47 27 64 98 1 25 36 20 59 63 24 20 55 80 91 84 14 42 92 35 57 59 14 14 24 9 20 94 35 ]
[ 32 29 34 59 93 32 60 18 21 32 29 84 9 50 92 89 93 76 55 87 21 91 97 80 5 11 4 14 83 50 1 16 79 35 27 25 19 40 95 40 72 25 77 33 27 69 75 72 45 30 ]
[ 11 18 73 8 99 78 20 55 44 3 6 45 71 37 32 99 14 52 39 10 44 63 87 73 97 66 42 72 38 40 54 49 58 28 58 9 58 30 65 3 85 23 0 57 12 85 56 27 89 47 ]
[ 37 33 62 76 7 59 42 1 83 32 93 90 33 52 18 43 13 28 73 30 83 59 53 36 68 66 21 76 93 10 23 82 95 37 58 54 97 52 8 32 84 1 22 17 5 92 13 19 21 86 ]
[ 49 4 97 55 40 65 73 13 93 18 23 68 52 71 6 10 77 55 14 85 87 98 87 62 67 44 54 80 63 27 19 65 32 68 72 24 86 45 38 79 15 13 48 67 36 54 29 14 61 43 ]
[ 51 48 93 90 10 12 35 17 93 50 44 64 67 28 32 39 5 18 36 43 50 51 8 50 18 45 56 47 11 17 42 62 65 35 5 28 48 40 97 93 90 93 57 58 22 41 49 79 12 86 ]
[ 74 14 37 82 64 8 79 20 7 90 37 50 5 2 85 10 82 85 2 79 78 44 25 87 54 99 81 4 78 45 90 52 59 79 34 23 39 66 43 47 8 80 97 13 34 34 75 17 20 29 ]
[ 48 50 74 73 90 28 72 71 84 50 16 74 54 75 6 89 98 45 55 93 92 63 73 41 29 7 28 56 76 48 86 25 50 12 50 40 40 75 63 25 77 31 51 32 58 57 73 56 55 80 ]
[ 49 47 95 74 41 76 82 69 33 10 69 71 35 19 83 38 12 75 13 27 52 42 59 56 74 17 65 99 26 20 79 27 20 75 2 61 51 36 82 36 46 51 7 34 22 42 24 34 70 89 ]
[ 62 22 31 73 78 58 42 96 57 68 16 37 48 88 12 2 49 15 38 31 52 36 34 11 22 57 6 46 91 76 35 5 50 67 30 81 25 73 77 82 93 45 19 41 34 83 43 35 51 33 ]
[ 19 55 70 53 18 92 10 24 91 54 0 26 11 51 93 94 32 70 67 9 53 12 6 24 54 40 60 49 76 11 35 95 18 57 0 36 1 11 61 92 17 13 19 28 16 64 74 48 35 41 ]
[ 9 88 6 16 64 12 8 24 61 84 87 48 31 57 5 32 94 7 43 7 51 12 20 70 92 37 35 67 37 70 60 99 10 66 67 74 78 75 51 92 60 90 40 91 48 46 23 42 5 18 ]
[ 1 56 30 73 79 23 10 66 42 0 36 2 99 98 69 66 24 99 93 27 91 53 18 84 97 66 82 20 60 87 91 61 95 73 34 74 48 97 40 90 49 28 93 48 78 14 66 3 13 59 ]
[ 30 57 65 0 41 62 66 23 34 78 62 77 39 9 51 26 84 99 23 76 90 24 57 35 72 35 49 90 90 14 1 73 23 66 73 64 80 92 39 67 70 53 44 62 63 95 88 99 47 63 ]
[ 27 89 87 84 24 11 72 25 53 14 91 54 87 15 73 13 79 5 5 71 72 27 24 17 89 39 64 29 38 11 44 18 0 31 2 76 94 26 53 47 41 45 54 80 60 79 93 91 84 50 ]
[ 62 9 78 39 26 19 78 42 49 69 6 93 87 58 77 41 35 71 68 88 71 61 85 77 41 45 56 35 37 92 37 99 1 15 90 79 35 69 22 36 90 28 81 77 86 58 70 73 82 38 ]
[ 14 53 99 99 30 93 45 38 28 34 30 17 85 32 33 76 11 20 97 85 8 87 65 89 16 4 48 86 77 82 77 43 35 76 95 17 69 40 55 49 26 85 67 11 69 52 87 33 24 84 ]
[ 18 32 23 84 21 39 40 21 26 17 3 3 13 90 31 8 7 53 0 14 54 26 52 73 37 21 77 77 6 1 13 77 33 37 13 7 28 53 80 54 22 84 9 35 26 93 43 86 98 95 ]
[ 0 52 21 52 78 11 26 55 88 84 9 1 61 94 90 74 1 19 27 34 25 50 18 87 37 96 80 81 82 78 28 83 82 50 87 60 13 65 68 53 50 77 6 63 71 97 38 25 16 65 ]

Running merge sort algorithm: 
Timer (sort): 57ms real	60ms user	0ms sys
The output is sorted!
[ 34 12 71 3 34 35 68 2 7 33 1 3 4 48 19 6 89 9 41 13 70 73 5 17 33 29 47 69 27 19 66 14 31 37 17 17 24 37 19 31 22 73 34 26 21 5 33 62 15 26 ]
[ 45 49 91 14 17 33 1 24 33 36 32 10 48 33 75 92 30 56 22 18 20 13 18 64 73 34 23 11 6 6 58 3 7 2 17 25 35 19 1 20 7 33 30 55 66 6 0 96 14 22 ]
[ 62 74 27 6 58 26 4 13 1 12 72 24 15 53 0 1 35 47 10 25 11 50 15 88 77 1 4 33 82 25 21 45 0 0 3 10 26 7 23 27 71 47 4 86 53 4 40 88 51 2 ]
[ 43 96 96 2 12 46 29 45 25 36 3 66 41 11 41 92 4 40 31 51 2 6 29 30 2 4 0 25 5 38 17 0 34 13 2 99 11 31 44 37 20 99 3 61 10 44 5 14 84 36 ]
[ 62 31 2 22 23 4 63 35 73 28 2 38 6 1 11 22 33 34 55 44 39 26 0 41 73 1 14 20 67 70 46 29 1 1 3 77 5 19 64 78 47 18 16 53 19 28 27 52 14 82 ]
[ 75 0 8 58 34 36 73 1 54 25 46 24 4 67 82 37 21 41 3 3 6 51 8 99 13 7 13 23 15 31 4 90 31 12 0 17 0 26 19 6 51 65 30 7 84 65 44 5 6 99 ]
[ 28 19 44 70 15 56 40 98 29 6 17 30 20 7 25 13 1 67 42 48 33 15 24 0 48 39 37 30 27 20 60 7 39 56 78 6 64 70 4 46 28 22 76 0 29 53 13 30 20 7 ]
[ 0 11 12 96 20 23 6 16 90 4 41 13 36 4 45 90 56 21 89 20 29 11 15 23 36 23 24 36 18 21 40 70 84 4 66 4 27 24 21 70 28 62 83 17 18 28 7 26 2 48 ]
[ 30 19 47 4 46 30 33 46 13 45 14 9 94 13 73 27 26 25 5 22 45 68 3 26 37 0 45 25 41 4 98 23 23 45 27 21 28 12 68 41 10 82 2 4 47 28 31 73 53 36 ]
[ 47 13 20 15 32 8 20 24 10 14 11 21 10 18 40 52 65 3 7 26 6 13 27 35 47 2 28 84 19 76 44 18 89 16 34 74 24 6 50 35 20 61 8 83 32 0 87 97 3 94 ]
[ 62 30 86 12 47 55 12 6 23 3 5 7 59 97 18 10 45 16 10 77 18 10 36 7 60 3 0 13 64 26 49 26 57 87 38 4 43 3 11 18 6 68 26 65 66 96 28 11 12 38 ]
[ 6 58 42 17 41 55 3 41 84 8 87 49 30 15 3 2 15 54 20 55 3 16 60 18 78 1 19 30 33 87 16 40 45 11 57 38 66 12 80 2 20 67 4 2 82 7 4 49 13 24 ]
[ 88 34 52 27 20 24 15 86 12 20 2 54 32 3 52 34 10 6 9 35 78 24 83 37 26 3 56 65 25 18 59 13 4 12 40 24 36 7 10 1 27 64 55 11 19 59 46 82 66 7 ]
[ 23 11 0 75 38 7 22 83 4 28 4 44 50 24 41 14 17 63 24 47 12 19 84 27 85 35 16 36 56 85 18 31 48 18 58 86 26 33 22 30 61 26 27 11 2 20 26 19 35 2 ]
[ 60 88 25 21 66 52 49 8 44 44 21 11 25 0 46 24 40 40 99 7 12 5 45 36 39 13 4 19 47 31 27 7 19 5 80 37 57 29 46 1 25 19 64 50 71 11 75 11 3 26 ]
[ 17 7 16 63 41 32 85 71 55 0 15 35 14 13 8 18 47 24 43 47 1 2 13 47 3 63 82 45 17 54 16 34 13 84 49 6 17 35 77 24 87 92 12 1 57 20 20 4 44 15 ]
[ 9 27 9 31 12 46 16 25 21 21 42 27 97 53 74 8 7 41 9 35 4 90 14 19 58 77 45 89 27 25 96 36 4 57 19 16 3 35 41 25 9 35 4 58 41 30 66 0 24 28 ]
[ 77 27 28 75 7 57 47 29 56 24 4 1 1 24 66 16 14 41 18 73 44 7 17 7 40 41 29 41 0 8 27 77 36 7 5 43 65 52 24 21 28 29 74 29 5 41 98 19 82 16 ]
[ 20 48 76 31 22 21 56 34 75 6 25 30 27 41 16 35 68 66 30 71 28 14 1 5 20 26 9 80 85 4 16 6 4 44 89 26 65 46 12 40 4 38 22 31 79 38 18 47 4 0 ]
[ 4 11 54 10 43 56 9 95 40 9 42 29 21 37 13 13 58 26 1 34 8 46 57 88 95 23 6 27 0 21 19 56 32 25 18 27 82 27 22 74 36 16 4 10 54 69 23 64 47 24 ]

Timer (generate): 125ms real	110ms user	0ms sys
[ 85 9 29 54 34 25 71 0 77 6 49 0 17 17 76 50 93 33 46 29 51 20 83 36 19 41 78 82 47 21 7 32 30 36 86 65 61 10 17 90 68 67 90 85 84 67 35 77 52 34 ]
[ 59 55 54 42 44 73 36 74 55 83 95 14 16 78 51 54 95 64 16 64 55 84 31 97 70 67 16 5 45 68 39 56 76 45 98 20 19 34 94 26 18 41 41 34 71 44 40 18 60 57 ]
[ 83 15 41 14 65 11 82 81 69 79 50 60 35 78 6 85 98 77 20 44 3 90 37 96 76 9 40 16 27 1 73 10 68 67 77 33 30 11 67 99 42 69 12 77 47 18 14 97 95 34 ]
[ 41 50 76 78 47 52 39 87 69 19 40 94 81 61 61 58 46 92 21 13 43 63 82 7 92 29 77 7 78 24 93 19 75 70 50 22 22 41 61 91 60 54 38 42 15 51 52 13 95 74 ]
[ 27 39 37 61 98 30 43 76 37 21 0 30 41 75 0 43 49 75 84 11 18 45 17 56 39 32 8 91 45 3 17 24 94 7 86 93 37 29 21 26 50 21 8 43 49 61 86 98 36 23 ]
[ 61 54 20 78 11 59 62 71 2 8 74 72 84 21 79 70 66 16 99 87 94 2 8 2 45 57 15 84 8 51 7 69 58 27 0 21 38 62 92 40 22 18 12 7 39 91 77 5 59 29 ]
[ 92 53 31 53 8 76 62 23 12 70 27 19 92 85 98 92 6 36 6 50 29 29 68 41 36 60 85 13 17 96 42 62 2 25 15 10 54 77 85 66 0 12 38 92 97 36 36 55 73 42 ]
[ 5 2 71 26 95 59 86 32 73 3 29 67 65 31 45 32 93 99 10 78 17 62 43 55 6 92 92 94 48 17 36 5 71 60 31 18 19 17 51 44 73 32 64 90 15 9 23 8 60 85 ]
[ 38 77 47 33 33 53 26 77 47 74 46 35 31 69 47 63 87 19 32 90 63 5 22 79 48 89 88 71 49 48 56 88 26 55 21 11 8 99 40 7 25 86 94 57 55 94 20 94 13 4 ]
[ 85 76 62 59 56 10 49 96 33 98 45 89 86 23 44 60 86 4 59 26 63 37 64 9 94 71 3 66 65 16 70 2 45 84 62 53 94 11 49 27 9 46 68 48 21 64 60 7 68 71 ]
[ 85 83 8 1 93 54 24 48 20 42 65 43 44 10 27 6 63 74 17 64 53 79 63 74 79 84 38 39 44 59 62 81 94 71 35 39 77 59 88 98 1 53 93 46 15 20 52 30 46 22 ]
[ 94 52 53 57 78 32 94 68 23 90 27 85 71 74 8 6 13 86 66 1 36 67 6 29 65 21 1 70 3 0 92 98 52 97 7 30 29 53 50 4 43 78 89 15 52 50 73 17 88 39 ]
[ 19 24 59 77 53 24 99 54 46 2 54 90 52 58 87 12 40 68 65 91 72 61 21 14 28 25 64 1 42 52 93 13 28 52 91 81 28 42 87 75 96 94 65 1 4 5 13 45 73 30 ]
[ 88 46 43 9 60 71 86 76 73 28 80 66 94 8 70 37 41 50 79 80 77 27 26 95 28 31 0 93 28 25 24 16 71 67 77 83 91 63 11 64 43 91 82 89 51 4 26 44 54 57 ]
[ 77 84 85 3 79 65 34 31 59 62 56 35 78 80 54 7 63 45 70 75 9 66 18 43 55 22 47 82 18 54 91 95 38 28 99 69 94 33 0 53 48 56 88 78 88 42 86 52 88 8 ]
[ 79 49 74 49 45 82 71 92 16 42 46 7 37 36 36 36 5 30 22 5 35 22 14 75 0 2 17 38 6 57 47 37 59 73 87 4 55 10 48 23 52 47 31 90 83 19 78 41 49 52 ]
[ 98 36 74 12 11 27 67 80 65 25 38 64 63 97 90 2 53 97 12 1 21 17 48 52 59 84 23 37 25 24 42 23 60 68 88 71 95 7 51 13 32 41 29 47 90 19 49 43 69 14 ]
[ 45 90 31 45 94 90 29 17 79 54 41 21 78 53 90 18 24 37 25 27 2 57 69 32 57 11 3 6 55 72 72 52 14 3 97 8 45 79 77 77 33 70 50 63 23 92 81 99 30 6 ]
[ 79 84 16 0 16 73 11 72 31 66 44 4 70 59 59 20 19 57 99 49 34 84 19 84 0 95 29 33 94 59 40 73 43 8 73 12 33 37 84 64 3 80 20 26 91 32 46 11 89 45 ]
[ 12 75 81 31 11 81 78 40 15 73 51 7 98 47 15 24 59 0 61 95 16 16 75 89 42 67 21 88 30 62 85 42 37 67 25 48 48 56 89 63 29 92 70 79 39 37 3 98 89 64 ]

Running merge sort algorithm: 
Timer (sort): 58ms real	60ms user	0ms sys
The output is sorted!
[ 61 88 57 0 6 8 28 37 2 13 36 96 63 1 82 56 13 3 39 3 14 42 53 15 4 11 7 0 96 35 51 9 23 61 10 81 69 90 18 24 3 54 20 18 8 2 27 21 5 18 ]
[ 13 35 48 15 25 33 38 96 13 14 31 20 8 23 73 23 51 21 33 14 32 4 78 2 10 3 70 28 43 91 36 8 27 37 75 4 70 14 1 35 28 32 56 88 7 29 11 10 2 97 ]
[ 78 3 71 36 34 42 70 75 26 12 80 63 44 42 16 2 0 49 28 46 3 40 4 29 1 19 33 80 36 10 50 66 66 21 54 0 15 24 27 41 36 7 5 33 1 73 35 1 22 15 ]
[ 10 2 6 31 43 13 46 95 31 46 17 7 4 58 83 36 67 26 6 49 10 17 3 50 60 39 31 10 23 9 47 86 12 5 17 7 18 63 55 1 62 72 9 18 82 44 55 49 22 13 ]
[ 7 33 10 79 88 53 6 2 59 10 41 49 4 5 13 32 23 48 32 36 46 59 91 17 47 24 63 2 0 79 10 7 13 72 38 53 78 44 7 37 6 49 39 10 6 4 42 29 52 26 ]
[ 6 20 4 27 52 2 53 43 4 70 43 10 29 70 8 46 46 12 5 39 25 38 53 62 12 13 22 15 86 42 46 44 14 2 23 18 4 76 61 9 47 56 19 28 79 27 26 25 92 32 ]
[ 25 26 0 18 12 28 42 95 84 14 6 26 2 71 24 5 8 26 15 74 22 49 15 28 93 13 4 1 37 72 20 62 50 73 33 62 53 27 57 37 42 16 15 44 39 40 1 47 18 17 ]
[ 17 18 55 65 8 50 67 51 13 54 66 15 66 9 6 52 8 68 62 6 1 52 42 14 10 12 33 2 0 32 62 70 50 17 87 10 20 54 13 33 60 31 1 26 41 7 30 1 28 93 ]
[ 14 43 1 30 26 64 19 21 51 16 12 44 15 48 60 5 21 12 30 30 44 64 12 62 1 25 77 16 5 4 53 20 48 54 2 26 71 21 0 22 90 12 18 57 61 30 62 34 94 44 ]
[ 17 53 14 57 70 72 25 3 26 16 21 28 9 30 52 3 15 24 35 7 93 3 69 14 19 2 9 5 32 75 68 1 80 82 11 3 54 36 6 33 4 79 61 14 9 65 69 24 90 4 ]
[ 16 57 30 32 1 10 19 18 15 4 9 33 51 67 10 47 40 41 40 76 72 75 10 80 86 9 55 30 38 6 15 54 15 45 38 17 8 9 35 23 13 96 56 16 15 19 16 8 60 56 ]
[ 20 42 55 6 30 4 89 1 63 2 88 27 62 31 4 99 17 6 37 64 75 25 67 49 35 2 35 81 33 1 12 53 43 19 12 26 24 1 27 39 3 15 66 17 47 23 16 64 29 6 ]
[ 19 19 78 2 16 10 37 6 19 0 2 27 18 10 85 47 3 2 43 83 20 2 1 94 19 86 78 21 91 46 64 62 65 42 16 33 4 5 39 23 5 93 2 23 55 88 22 10 42 18 ]
[ 25 45 4 1 37 43 54 17 50 18 2 63 53 26 45 50 91 82 56 38 31 2 66 53 32 54 13 35 55 1 1 32 46 6 33 83 1 39 53 3 9 7 18 14 33 16 64 25 50 20 ]
[ 23 15 48 8 0 0 15 51 19 3 42 20 74 16 6 13 71 9 46 38 94 0 13 48 31 48 1 75 66 94 15 42 9 64 50 9 16 65 13 35 20 7 7 94 23 14 60 94 75 6 ]
[ 27 64 44 83 10 52 2 13 29 33 37 3 24 51 9 47 0 25 4 13 2 2 9 13 21 84 79 73 28 40 83 55 5 27 38 67 31 93 32 13 26 21 16 3 72 25 2 72 50 58 ]
[ 29 57 21 67 45 44 14 21 43 23 38 57 21 26 17 3 24 18 96 55 55 11 93 28 54 19 21 27 46 25 45 75 83 66 42 28 62 8 2 5 31 40 14 5 19 31 8 43 2 4 ]
[ 32 96 46 38 31 64 22 3 2 38 41 4 7 80 17 5 36 0 16 1 27 66 7 29 54 0 38 4 19 57 65 51 6 63 41 37 28 15 40 82 54 81 86 13 13 4 18 50 56 34 ]
[ 78 46 31 4 35 43 62 41 15 21 32 82 43 25 3 1 0 0 8 27 61 33 17 66 37 86 29 57 35 42 76 13 40 7 69 27 2 31 21 70 4 5 52 48 83 8 1 83 8 9 ]
[ 26 64 10 58 12 19 5 22 18 18 52 17 8 12 82 31 34 29 23 29 36 45 19 11 60 67 12 90 55 97 43 33 13 53 43 25 25 48 0 43 66 52 12 26 16 46 10 2 76 33 ]

Timer (generate): 148ms real	120ms user	10ms sys
[ 20 33 51 75 46 68 30 41 99 63 95 40 87 1 96 94 63 83 13 95 25 49 23 19 72 2 6 19 32 91 41 4 24 92 79 22 13 61 63 12 76 58 52 63 12 0 57 75 36 22 ]
[ 22 61 24 45 32 96 99 38 67 31 81 9 87 57 53 18 79 66 31 42 78 8 53 82 23 65 83 81 40 19 55 15 32 31 12 64 27 12 54 95 95 36 56 83 93 9 1 73 76 33 ]
[ 67 6 93 20 89 16 85 24 49 78 95 57 93 27 88 5 43 16 69 97 63 65 85 19 48 31 80 1 4 56 86 23 63 31 44 4 48 81 28 97 59 23 54 4 2 95 10 45 63 79 ]
[ 42 26 96 80 97 96 11 77 50 67 86 36 90 1 68 34 5 68 16 33 17 27 8 24 32 10 19 94 55 82 25 49 60 22 29 9 70 40 38 20 7 24 57 50 77 77 84 82 97 52 ]
[ 67 14 32 75 38 16 85 9 10 40 43 87 90 3 61 71 64 32 64 3 52 71 79 61 73 57 90 58 91 87 62 59 54 46 34 92 62 72 54 24 12 97 12 54 53 25 78 17 57 42 ]
[ 72 10 65 4 23 39 13 14 49 4 1 63 15 55 10 2 0 24 74 54 49 86 3 13 93 56 90 71 26 48 13 50 10 30 6 33 69 19 47 18 76 49 82 91 56 44 93 8 68 67 ]
[ 62 69 6 18 34 51 26 25 22 4 73 87 55 35 17 61 68 39 33 16 57 9 17 91 52 25 35 98 34 56 17 48 25 23 66 60 74 45 37 48 49 62 87 56 97 57 70 65 96 3 ]
[ 33 5 64 2 97 16 80 84 66 14 40 84 14 66 59 33 78 86 78 15 34 27 29 74 36 26 31 6 91 79 61 77 84 25 31 33 93 11 18 60 77 58 96 92 76 55 25 6 41 55 ]
[ 73 28 82 2 2 18 28 85 76 72 16 37 1 52 14 32 86 8 96 4 20 73 14 16 17 43 23 94 49 65 49 23 93 32 77 47 2 6 32 31 30 48 68 31 52 83 15 38 43 11 ]
[ 94 15 37 9 31 54 52 6 1 53 71 50 76 64 34 54 11 89 12 95 20 42 95 88 25 48 23 40 86 18 52 81 33 41 42 16 47 46 23 48 99 94 99 76 11 33 82 22 22 94 ]
[ 70 42 88 65 83 13 13 58 53 52 77 57 85 10 50 79 27 98 25 50 46 24 96 97 52 7 31 86 82 5 32 52 0 20 17 35 85 83 93 91 87 70 48 72 33 51 51 60 49 28 ]
[ 62 47 4 58 45 57 66 28 95 48 85 28 52 85 0 69 20 86 4 66 77 91 36 77 15 69 80 18 81 29 46 95 29 51 54 74 60 72 54 55 72 39 83 24 25 36 45 97 74 50 ]
[ 63 51 93 52 80 9 73 61 27 55 42 74 50 71 77 56 97 37 80 51 92 52 91 28 28 68 64 26 65 38 76 29 41 21 33 73 30 6 86 58 13 81 84 16 4 13 72 2 50 53 ]
[ 53 94 57 96 22 38 64 38 64 30 28 92 11 21 13 96 47 44 2 33 54 16 66 90 84 71 3 56 73 53 61 78 47 71 75 22 9 39 12 73 21 41 65 84 14 78 80 61 74 35 ]
[ 95 80 3 61 70 87 84 73 95 57 78 9 36 78 80 11 52 41 2 64 66 76 57 83 12 72 61 45 33 88 80 80 68 35 94 91 74 78 16 69 36 95 78 24 25 10 87 77 3 41 ]
[ 93 69 17 51 52 82 23 66 27 8 54 59 89 74 94 35 65 68 13 82 89 1 29 20 25 54 30 64 83 34 6 28 3 75 79 8 57 54 74 36 63 80 95 4 54 41 39 20 9 4 ]
[ 54 99 58 35 19 83 89 1 0 24 87 6 52 43 33 84 51 91 38 25 79 53 57 75 9 11 16 0 83 78 5 89 29 63 24 0 98 65 1 98 89 41 56 94 84 90 78 35 33 68 ]
[ 12 12 74 69 39 35 32 8 36 16 86 93 57 15 8 82 15 6 47 68 57 37 9 65 83 93 7 13 80 92 33 44 57 7 65 96 43 50 4 31 18 90 24 75 57 32 57 72 90 5 ]
[ 93 99 94 2 65 29 48 24 42 80 17 27 77 74 35 94 22 30 44 27 13 62 69 37 38 27 21 47 51 63 52 44 63 98 99 80 27 47 56 21 79 73 49 56 99 36 51 22 18 95 ]
[ 1 31 10 70 20 0 49 41 47 1 56 52 97 19 50 96 51 30 95 8 51 75 33 0 83 33 88 34 55 6 82 56 37 44 78 9 44 28 50 91 81 59 95 78 78 46 27 82 28 22 ]

Running merge sort algorithm: 
Timer (sort): 67ms real	60ms user	0ms sys
The output is sorted!
[ 35 81 61 23 12 44 18 18 11 14 12 10 11 31 2 12 58 3 2 13 61 26 78 41 0 29 48 79 29 24 45 16 6 6 39 18 3 58 88 14 24 0 77 87 83 31 0 42 35 2 ]
[ 49 38 52 67 27 62 25 35 37 12 3 3 1 8 6 57 52 27 1 6 19 65 4 14 48 8 13 41 57 51 15 6 41 19 25 68 34 50 56 23 15 11 78 16 19 84 25 24 64 27 ]
[ 67 2 14 22 39 39 3 16 45 18 7 11 6 7 56 26 49 15 38 8 12 93 28 21 15 42 41 24 20 39 49 39 42 16 61 33 55 17 49 0 35 8 63 42 68 20 20 17 87 58 ]
[ 12 30 21 4 46 9 89 58 15 24 19 61 37 99 10 37 78 36 5 23 3 25 0 33 87 18 54 7 43 80 6 56 11 27 60 9 88 1 67 3 26 38 16 15 37 26 52 15 15 10 ]
[ 7 18 21 23 42 6 9 25 13 2 67 40 54 27 9 1 14 43 9 24 43 23 20 37 24 59 7 72 1 55 16 8 25 37 84 67 96 93 92 9 95 12 49 50 39 10 3 54 5 12 ]
[ 0 1 16 65 2 3 31 16 38 81 34 11 15 12 54 34 25 73 58 29 18 23 14 8 66 71 83 18 23 17 45 23 18 14 40 21 17 23 89 7 5 23 18 72 87 25 58 13 98 17 ]
[ 34 21 77 62 27 20 70 64 21 25 38 12 3 17 23 4 49 75 0 21 77 23 6 49 26 54 7 1 33 6 71 19 79 0 34 7 20 4 23 41 29 13 5 84 30 81 89 31 8 41 ]
[ 20 16 75 56 28 2 10 7 10 7 26 9 86 2 12 17 57 16 4 69 64 42 25 65 54 59 35 31 10 70 77 82 86 4 38 14 7 1 74 17 8 0 78 46 2 42 16 11 58 20 ]
[ 17 18 76 40 8 55 34 19 16 52 6 21 0 14 2 27 49 59 5 83 50 10 63 51 62 2 10 39 82 39 28 99 9 4 39 17 59 26 89 27 30 95 1 30 9 3 57 10 14 14 ]
[ 3 9 20 49 72 12 16 27 94 56 88 1 8 15 68 34 23 18 23 7 11 17 27 62 45 68 66 40 23 56 40 26 17 12 27 41 25 44 21 71 52 9 72 12 25 40 46 0 11 21 ]
[ 22 27 38 82 43 0 13 66 18 28 88 29 12 10 4 38 23 23 64 59 19 17 13 26 15 43 19 63 30 27 74 4 7 12 39 2 64 4 20 83 32 9 12 44 71 16 34 94 40 50 ]
[ 42 87 12 98 4 57 9 90 39 2 63 9 19 93 58 13 49 6 18 31 78 10 9 10 33 39 45 54 7 64 0 2 3 12 52 60 21 13 2 12 15 17 74 35 10 32 0 59 91 18 ]
[ 79 30 88 78 48 64 1 7 71 5 0 37 15 6 52 8 56 8 56 42 58 2 51 43 25 73 17 82 23 24 72 2 6 13 32 54 77 33 14 0 38 14 38 6 20 42 14 29 3 22 ]
[ 19 18 5 72 56 13 82 31 29 39 22 32 7 38 44 77 15 71 1 27 34 84 77 2 3 9 21 71 81 2 1 0 20 7 24 28 20 6 60 1 97 34 34 4 72 30 34 88 1 35 ]
[ 27 57 46 70 44 8 41 30 36 52 29 39 60 19 22 22 30 23 5 35 2 39 1 8 20 42 19 69 82 48 62 61 6 8 31 2 16 24 32 5 28 61 44 41 32 66 63 15 41 20 ]
[ 11 39 32 45 39 5 4 17 16 14 17 28 78 42 9 47 20 42 60 20 22 15 30 81 13 14 58 5 51 23 38 15 62 23 60 53 28 16 70 45 31 88 25 9 82 35 9 2 29 69 ]
[ 40 8 2 2 25 20 9 14 23 21 42 93 26 25 61 39 50 75 67 4 25 73 28 5 11 54 56 30 46 9 23 38 17 25 93 94 46 2 8 21 23 3 15 2 80 76 93 30 3 12 ]
[ 29 5 1 25 24 52 26 74 6 59 15 3 18 9 47 6 36 17 61 43 87 84 13 7 89 63 59 28 16 5 50 45 62 3 23 86 55 1 13 13 12 28 17 31 37 16 89 25 33 50 ]
[ 7 93 93 26 32 27 58 8 16 54 11 59 36 48 5 22 43 40 75 31 2 19 58 19 19 24 42 9 67 58 13 26 4 6 4 36 33 62 96 1 68 59 12 5 7 18 79 3 10 54 ]
[ 60 87 30 27 32 51 10 70 7 4 80 0 0 29 38 3 13 35 67 16 54 10 16 18 32 79 14 21 3 66 42 15 6 25 43 38 28 5 8 35 9 41 35 9 70 74 65 35 61 84 ]

