Timer (generate): 68ms real	60ms user	10ms sys
[ 20000 20000 20000 20000 20000 20000 20000 20000 20000 20000 20000 20000 20000 20000 20000 20000 20000 20000 20000 20000 20000 20000 20000 20000 20000 ]
[ 19999 20000 20000 20000 20000 20000 20000 20000 20000 20000 20000 20000 20000 20000 20000 20000 20000 20000 20000 20000 20000 20000 20000 20000 20000 ]
[ 19999 19999 20000 20000 20000 20000 20000 20000 20000 20000 20000 20000 20000 20000 20000 20000 20000 20000 20000 20000 20000 20000 20000 20000 20000 ]
[ 19999 19999 19999 20000 20000 20000 20000 20000 20000 20000 20000 20000 20000 20000 20000 20000 20000 20000 20000 20000 20000 20000 20000 20000 20000 ]
[ 19999 19999 19999 19999 20000 20000 20000 20000 20000 20000 20000 20000 20000 20000 20000 20000 20000 20000 20000 20000 20000 20000 20000 20000 20000 ]
[ 19999 19999 19999 19999 19999 20000 20000 20000 20000 20000 20000 20000 20000 20000 20000 20000 20000 20000 20000 20000 20000 20000 20000 20000 20000 ]
[ 19999 19999 19999 19999 19999 19999 20000 20000 20000 20000 20000 20000 20000 20000 20000 20000 20000 20000 20000 20000 20000 20000 20000 20000 20000 ]
[ 19999 19999 19999 19999 19999 19999 19999 20000 20000 20000 20000 20000 20000 20000 20000 20000 20000 20000 20000 20000 20000 20000 20000 20000 20000 ]
[ 19999 19999 19999 19999 19999 19999 19999 19999 20000 20000 20000 20000 20000 20000 20000 20000 20000 20000 20000 20000 20000 20000 20000 20000 20000 ]
[ 19999 19999 19999 19999 19999 19999 19999 19999 19999 20000 20000 20000 20000 20000 20000 20000 20000 20000 20000 20000 20000 20000 20000 20000 20000 ]
[ 19999 19999 19999 19999 19999 19999 19999 19999 19999 19999 20000 20000 20000 20000 20000 20000 20000 20000 20000 20000 20000 20000 20000 20000 20000 ]
[ 19999 19999 19999 19999 19999 19999 19999 19999 19999 19999 19999 20000 20000 20000 20000 20000 20000 20000 20000 20000 20000 20000 20000 20000 20000 ]
[ 19999 19999 19999 19999 19999 19999 19999 19999 19999 19999 19999 19999 20000 20000 20000 20000 20000 20000 20000 20000 20000 20000 20000 20000 20000 ]
[ 19999 19999 19999 19999 19999 19999 19999 19999 19999 19999 19999 19999 19999 20000 20000 20000 20000 20000 20000 20000 20000 20000 20000 20000 20000 ]
[ 19999 19999 19999 19999 19999 19999 19999 19999 19999 19999 19999 19999 19999 19999 20000 20000 20000 20000 20000 20000 20000 20000 20000 20000 20000 ]
[ 19999 19999 19999 19999 19999 19999 19999 19999 19999 19999 19999 19999 19999 19999 19999 20000 20000 20000 20000 20000 20000 20000 20000 20000 20000 ]
[ 19999 19999 19999 19999 19999 19999 19999 19999 19999 19999 19999 19999 19999 19999 19999 19999 20000 20000 20000 20000 20000 20000 20000 20000 20000 ]
[ 19999 19999 19999 19999 19999 19999 19999 19999 19999 19999 19999 19999 19999 19999 19999 19999 19999 20000 20000 20000 20000 20000 20000 20000 20000 ]
[ 19999 19999 19999 19999 19999 19999 19999 19999 19999 19999 19999 19999 19999 19999 19999 19999 19999 19999 20000 20000 20000 20000 20000 20000 20000 ]
[ 19999 19999 19999 19999 19999 19999 19999 19999 19999 19999 19999 19999 19999 19999 19999 19999 19999 19999 19999 20000 20000 20000 20000 20000 20000 ]

Timer (generate): 68ms real	40ms user	10ms sys
[ 20000 20000 20000 20000 20000 20000 20000 20000 20000 20000 20000 20000 20000 20000 20000 20000 20000 20000 20000 20000 20000 20000 20000 20000 20000 ]
[ 19999 20000 20000 20000 20000 20000 20000 20000 20000 20000 20000 20000 20000 20000 20000 20000 20000 20000 20000 20000 20000 20000 20000 20000 20000 ]
[ 19999 19999 20000 20000 20000 20000 20000 20000 20000 20000 20000 20000 20000 20000 20000 20000 20000 20000 20000 20000 20000 20000 20000 20000 20000 ]
[ 19999 19999 19999 20000 20000 20000 20000 20000 20000 20000 20000 20000 20000 20000 20000 20000 20000 20000 20000 20000 20000 20000 20000 20000 20000 ]
[ 19999 19999 19999 19999 20000 20000 20000 20000 20000 20000 20000 20000 20000 20000 20000 20000 20000 20000 20000 20000 20000 20000 20000 20000 20000 ]
[ 19999 19999 19999 19999 19999 20000 20000 20000 20000 20000 20000 20000 20000 20000 20000 20000 20000 20000 20000 20000 20000 20000 20000 20000 20000 ]
[ 19999 19999 19999 19999 19999 19999 20000 20000 20000 20000 20000 20000 20000 20000 20000 20000 20000 20000 20000 20000 20000 20000 20000 20000 20000 ]
[ 19999 19999 19999 19999 19999 19999 19999 20000 20000 20000 20000 20000 20000 20000 20000 20000 20000 20000 20000 20000 20000 20000 20000 20000 20000 ]
[ 19999 19999 19999 19999 19999 19999 19999 19999 20000 20000 20000 20000 20000 20000 20000 20000 20000 20000 20000 20000 20000 20000 20000 20000 20000 ]
[ 19999 19999 19999 19999 19999 19999 19999 19999 19999 20000 20000 20000 20000 20000 20000 20000 20000 20000 20000 20000 20000 20000 20000 20000 20000 ]
[ 19999 19999 19999 19999 19999 19999 19999 19999 19999 19999 20000 20000 20000 20000 20000 20000 20000 20000 20000 20000 20000 20000 20000 20000 20000 ]
[ 19999 19999 19999 19999 19999 19999 19999 19999 19999 19999 19999 20000 20000 20000 20000 20000 20000 20000 20000 20000 20000 20000 20000 20000 20000 ]
[ 19999 19999 19999 19999 19999 19999 19999 19999 19999 19999 19999 19999 20000 20000 20000 20000 20000 20000 20000 20000 20000 20000 20000 20000 20000 ]
[ 19999 19999 19999 19999 19999 19999 19999 19999 19999 19999 19999 19999 19999 20000 20000 20000 20000 20000 20000 20000 20000 20000 20000 20000 20000 ]
[ 19999 19999 19999 19999 19999 19999 19999 19999 19999 19999 19999 19999 19999 19999 20000 20000 20000 20000 20000 20000 20000 20000 20000 20000 20000 ]
[ 19999 19999 19999 19999 19999 19999 19999 19999 19999 19999 19999 19999 19999 19999 19999 20000 20000 20000 20000 20000 20000 20000 20000 20000 20000 ]
[ 19999 19999 19999 19999 19999 19999 19999 19999 19999 19999 19999 19999 19999 19999 19999 19999 20000 20000 20000 20000 20000 20000 20000 20000 20000 ]
[ 19999 19999 19999 19999 19999 19999 19999 19999 19999 19999 19999 19999 19999 19999 19999 19999 19999 20000 20000 20000 20000 20000 20000 20000 20000 ]
[ 19999 19999 19999 19999 19999 19999 19999 19999 19999 19999 19999 19999 19999 19999 19999 19999 19999 19999 20000 20000 20000 20000 20000 20000 20000 ]
[ 19999 19999 19999 19999 19999 19999 19999 19999 19999 19999 19999 19999 19999 19999 19999 19999 19999 19999 19999 20000 20000 20000 20000 20000 20000 ]

Timer (generate): 65ms real	50ms user	0ms sys
[ 20000 20000 20000 20000 20000 20000 20000 20000 20000 20000 20000 20000 20000 20000 20000 20000 20000 20000 20000 20000 20000 20000 20000 20000 20000 ]
[ 19999 20000 20000 20000 20000 20000 20000 20000 20000 20000 20000 20000 20000 20000 20000 20000 20000 20000 20000 20000 20000 20000 20000 20000 20000 ]
[ 19999 19999 20000 20000 20000 20000 20000 20000 20000 20000 20000 20000 20000 20000 20000 20000 20000 20000 20000 20000 20000 20000 20000 20000 20000 ]
[ 19999 19999 19999 20000 20000 20000 20000 20000 20000 20000 20000 20000 20000 20000 20000 20000 20000 20000 20000 20000 20000 20000 20000 20000 20000 ]
[ 19999 19999 19999 19999 20000 20000 20000 20000 20000 20000 20000 20000 20000 20000 20000 20000 20000 20000 20000 20000 20000 20000 20000 20000 20000 ]
[ 19999 19999 19999 19999 19999 20000 20000 20000 20000 20000 20000 20000 20000 20000 20000 20000 20000 20000 20000 20000 20000 20000 20000 20000 20000 ]
[ 19999 19999 19999 19999 19999 19999 20000 20000 20000 20000 20000 20000 20000 20000 20000 20000 20000 20000 20000 20000 20000 20000 20000 20000 20000 ]
[ 19999 19999 19999 19999 19999 19999 19999 20000 20000 20000 20000 20000 20000 20000 20000 20000 20000 20000 20000 20000 20000 20000 20000 20000 20000 ]
[ 19999 19999 19999 19999 19999 19999 19999 19999 20000 20000 20000 20000 20000 20000 20000 20000 20000 20000 20000 20000 20000 20000 20000 20000 20000 ]
[ 19999 19999 19999 19999 19999 19999 19999 19999 19999 20000 20000 20000 20000 20000 20000 20000 20000 20000 20000 20000 20000 20000 20000 20000 20000 ]
[ 19999 19999 19999 19999 19999 19999 19999 19999 19999 19999 20000 20000 20000 20000 20000 20000 20000 20000 20000 20000 20000 20000 20000 20000 20000 ]
[ 19999 19999 19999 19999 19999 19999 19999 19999 19999 19999 19999 20000 20000 20000 20000 20000 20000 20000 20000 20000 20000 20000 20000 20000 20000 ]
[ 19999 19999 19999 19999 19999 19999 19999 19999 19999 19999 19999 19999 20000 20000 20000 20000 20000 20000 20000 20000 20000 20000 20000 20000 20000 ]
[ 19999 19999 19999 19999 19999 19999 19999 19999 19999 19999 19999 19999 19999 20000 20000 20000 20000 20000 20000 20000 20000 20000 20000 20000 20000 ]
[ 19999 19999 19999 19999 19999 19999 19999 19999 19999 19999 19999 19999 19999 19999 20000 20000 20000 20000 20000 20000 20000 20000 20000 20000 20000 ]
[ 19999 19999 19999 19999 19999 19999 19999 19999 19999 19999 19999 19999 19999 19999 19999 20000 20000 20000 20000 20000 20000 20000 20000 20000 20000 ]
[ 19999 19999 19999 19999 19999 19999 19999 19999 19999 19999 19999 19999 19999 19999 19999 19999 20000 20000 20000 20000 20000 20000 20000 20000 20000 ]
[ 19999 19999 19999 19999 19999 19999 19999 19999 19999 19999 19999 19999 19999 19999 19999 19999 19999 20000 20000 20000 20000 20000 20000 20000 20000 ]
[ 19999 19999 19999 19999 19999 19999 19999 19999 19999 19999 19999 19999 19999 19999 19999 19999 19999 19999 20000 20000 20000 20000 20000 20000 20000 ]
[ 19999 19999 19999 19999 19999 19999 19999 19999 19999 19999 19999 19999 19999 19999 19999 19999 19999 19999 19999 20000 20000 20000 20000 20000 20000 ]

Timer (generate): 68ms real	60ms user	0ms sys
[ 20000 20000 20000 20000 20000 20000 20000 20000 20000 20000 20000 20000 20000 20000 20000 20000 20000 20000 20000 20000 20000 20000 20000 20000 20000 ]
[ 19999 20000 20000 20000 20000 20000 20000 20000 20000 20000 20000 20000 20000 20000 20000 20000 20000 20000 20000 20000 20000 20000 20000 20000 20000 ]
[ 19999 19999 20000 20000 20000 20000 20000 20000 20000 20000 20000 20000 20000 20000 20000 20000 20000 20000 20000 20000 20000 20000 20000 20000 20000 ]
[ 19999 19999 19999 20000 20000 20000 20000 20000 20000 20000 20000 20000 20000 20000 20000 20000 20000 20000 20000 20000 20000 20000 20000 20000 20000 ]
[ 19999 19999 19999 19999 20000 20000 20000 20000 20000 20000 20000 20000 20000 20000 20000 20000 20000 20000 20000 20000 20000 20000 20000 20000 20000 ]
[ 19999 19999 19999 19999 19999 20000 20000 20000 20000 20000 20000 20000 20000 20000 20000 20000 20000 20000 20000 20000 20000 20000 20000 20000 20000 ]
[ 19999 19999 19999 19999 19999 19999 20000 20000 20000 20000 20000 20000 20000 20000 20000 20000 20000 20000 20000 20000 20000 20000 20000 20000 20000 ]
[ 19999 19999 19999 19999 19999 19999 19999 20000 20000 20000 20000 20000 20000 20000 20000 20000 20000 20000 20000 20000 20000 20000 20000 20000 20000 ]
[ 19999 19999 19999 19999 19999 19999 19999 19999 20000 20000 20000 20000 20000 20000 20000 20000 20000 20000 20000 20000 20000 20000 20000 20000 20000 ]
[ 19999 19999 19999 19999 19999 19999 19999 19999 19999 20000 20000 20000 20000 20000 20000 20000 20000 20000 20000 20000 20000 20000 20000 20000 20000 ]
[ 19999 19999 19999 19999 19999 19999 19999 19999 19999 19999 20000 20000 20000 20000 20000 20000 20000 20000 20000 20000 20000 20000 20000 20000 20000 ]
[ 19999 19999 19999 19999 19999 19999 19999 19999 19999 19999 19999 20000 20000 20000 20000 20000 20000 20000 20000 20000 20000 20000 20000 20000 20000 ]
[ 19999 19999 19999 19999 19999 19999 19999 19999 19999 19999 19999 19999 20000 20000 20000 20000 20000 20000 20000 20000 20000 20000 20000 20000 20000 ]
[ 19999 19999 19999 19999 19999 19999 19999 19999 19999 19999 19999 19999 19999 20000 20000 20000 20000 20000 20000 20000 20000 20000 20000 20000 20000 ]
[ 19999 19999 19999 19999 19999 19999 19999 19999 19999 19999 19999 19999 19999 19999 20000 20000 20000 20000 20000 20000 20000 20000 20000 20000 20000 ]
[ 19999 19999 19999 19999 19999 19999 19999 19999 19999 19999 19999 19999 19999 19999 19999 20000 20000 20000 20000 20000 20000 20000 20000 20000 20000 ]
[ 19999 19999 19999 19999 19999 19999 19999 19999 19999 19999 19999 19999 19999 19999 19999 19999 20000 20000 20000 20000 20000 20000 20000 20000 20000 ]
[ 19999 19999 19999 19999 19999 19999 19999 19999 19999 19999 19999 19999 19999 19999 19999 19999 19999 20000 20000 20000 20000 20000 20000 20000 20000 ]
[ 19999 19999 19999 19999 19999 19999 19999 19999 19999 19999 19999 19999 19999 19999 19999 19999 19999 19999 20000 20000 20000 20000 20000 20000 20000 ]
[ 19999 19999 19999 19999 19999 19999 19999 19999 19999 19999 19999 19999 19999 19999 19999 19999 19999 19999 19999 20000 20000 20000 20000 20000 20000 ]

Timer (generate): 65ms real	60ms user	0ms sys
[ 20000 20000 20000 20000 20000 20000 20000 20000 20000 20000 20000 20000 20000 20000 20000 20000 20000 20000 20000 20000 20000 20000 20000 20000 20000 ]
[ 19999 20000 20000 20000 20000 20000 20000 20000 20000 20000 20000 20000 20000 20000 20000 20000 20000 20000 20000 20000 20000 20000 20000 20000 20000 ]
[ 19999 19999 20000 20000 20000 20000 20000 20000 20000 20000 20000 20000 20000 20000 20000 20000 20000 20000 20000 20000 20000 20000 20000 20000 20000 ]
[ 19999 19999 19999 20000 20000 20000 20000 20000 20000 20000 20000 20000 20000 20000 20000 20000 20000 20000 20000 20000 20000 20000 20000 20000 20000 ]
[ 19999 19999 19999 19999 20000 20000 20000 20000 20000 20000 20000 20000 20000 20000 20000 20000 20000 20000 20000 20000 20000 20000 20000 20000 20000 ]
[ 19999 19999 19999 19999 19999 20000 20000 20000 20000 20000 20000 20000 20000 20000 20000 20000 20000 20000 20000 20000 20000 20000 20000 20000 20000 ]
[ 19999 19999 19999 19999 19999 19999 20000 20000 20000 20000 20000 20000 20000 20000 20000 20000 20000 20000 20000 20000 20000 20000 20000 20000 20000 ]
[ 19999 19999 19999 19999 19999 19999 19999 20000 20000 20000 20000 20000 20000 20000 20000 20000 20000 20000 20000 20000 20000 20000 20000 20000 20000 ]
[ 19999 19999 19999 19999 19999 19999 19999 19999 20000 20000 20000 20000 20000 20000 20000 20000 20000 20000 20000 20000 20000 20000 20000 20000 20000 ]
[ 19999 19999 19999 19999 19999 19999 19999 19999 19999 20000 20000 20000 20000 20000 20000 20000 20000 20000 20000 20000 20000 20000 20000 20000 20000 ]
[ 19999 19999 19999 19999 19999 19999 19999 19999 19999 19999 20000 20000 20000 20000 20000 20000 20000 20000 20000 20000 20000 20000 20000 20000 20000 ]
[ 19999 19999 19999 19999 19999 19999 19999 19999 19999 19999 19999 20000 20000 20000 20000 20000 20000 20000 20000 20000 20000 20000 20000 20000 20000 ]
[ 19999 19999 19999 19999 19999 19999 19999 19999 19999 19999 19999 19999 20000 20000 20000 20000 20000 20000 20000 20000 20000 20000 20000 20000 20000 ]
[ 19999 19999 19999 19999 19999 19999 19999 19999 19999 19999 19999 19999 19999 20000 20000 20000 20000 20000 20000 20000 20000 20000 20000 20000 20000 ]
[ 19999 19999 19999 19999 19999 19999 19999 19999 19999 19999 19999 19999 19999 19999 20000 20000 20000 20000 20000 20000 20000 20000 20000 20000 20000 ]
[ 19999 19999 19999 19999 19999 19999 19999 19999 19999 19999 19999 19999 19999 19999 19999 20000 20000 20000 20000 20000 20000 20000 20000 20000 20000 ]
[ 19999 19999 19999 19999 19999 19999 19999 19999 19999 19999 19999 19999 19999 19999 19999 19999 20000 20000 20000 20000 20000 20000 20000 20000 20000 ]
[ 19999 19999 19999 19999 19999 19999 19999 19999 19999 19999 19999 19999 19999 19999 19999 19999 19999 20000 20000 20000 20000 20000 20000 20000 20000 ]
[ 19999 19999 19999 19999 19999 19999 19999 19999 19999 19999 19999 19999 19999 19999 19999 19999 19999 19999 20000 20000 20000 20000 20000 20000 20000 ]
[ 19999 19999 19999 19999 19999 19999 19999 19999 19999 19999 19999 19999 19999 19999 19999 19999 19999 19999 19999 20000 20000 20000 20000 20000 20000 ]

Timer (generate): 60ms real	60ms user	0ms sys
[ 20000 20000 20000 20000 20000 20000 20000 20000 20000 20000 20000 20000 20000 20000 20000 20000 20000 20000 20000 20000 20000 20000 20000 20000 20000 ]
[ 19999 20000 20000 20000 20000 20000 20000 20000 20000 20000 20000 20000 20000 20000 20000 20000 20000 20000 20000 20000 20000 20000 20000 20000 20000 ]
[ 19999 19999 20000 20000 20000 20000 20000 20000 20000 20000 20000 20000 20000 20000 20000 20000 20000 20000 20000 20000 20000 20000 20000 20000 20000 ]
[ 19999 19999 19999 20000 20000 20000 20000 20000 20000 20000 20000 20000 20000 20000 20000 20000 20000 20000 20000 20000 20000 20000 20000 20000 20000 ]
[ 19999 19999 19999 19999 20000 20000 20000 20000 20000 20000 20000 20000 20000 20000 20000 20000 20000 20000 20000 20000 20000 20000 20000 20000 20000 ]
[ 19999 19999 19999 19999 19999 20000 20000 20000 20000 20000 20000 20000 20000 20000 20000 20000 20000 20000 20000 20000 20000 20000 20000 20000 20000 ]
[ 19999 19999 19999 19999 19999 19999 20000 20000 20000 20000 20000 20000 20000 20000 20000 20000 20000 20000 20000 20000 20000 20000 20000 20000 20000 ]
[ 19999 19999 19999 19999 19999 19999 19999 20000 20000 20000 20000 20000 20000 20000 20000 20000 20000 20000 20000 20000 20000 20000 20000 20000 20000 ]
[ 19999 19999 19999 19999 19999 19999 19999 19999 20000 20000 20000 20000 20000 20000 20000 20000 20000 20000 20000 20000 20000 20000 20000 20000 20000 ]
[ 19999 19999 19999 19999 19999 19999 19999 19999 19999 20000 20000 20000 20000 20000 20000 20000 20000 20000 20000 20000 20000 20000 20000 20000 20000 ]
[ 19999 19999 19999 19999 19999 19999 19999 19999 19999 19999 20000 20000 20000 20000 20000 20000 20000 20000 20000 20000 20000 20000 20000 20000 20000 ]
[ 19999 19999 19999 19999 19999 19999 19999 19999 19999 19999 19999 20000 20000 20000 20000 20000 20000 20000 20000 20000 20000 20000 20000 20000 20000 ]
[ 19999 19999 19999 19999 19999 19999 19999 19999 19999 19999 19999 19999 20000 20000 20000 20000 20000 20000 20000 20000 20000 20000 20000 20000 20000 ]
[ 19999 19999 19999 19999 19999 19999 19999 19999 19999 19999 19999 19999 19999 20000 20000 20000 20000 20000 20000 20000 20000 20000 20000 20000 20000 ]
[ 19999 19999 19999 19999 19999 19999 19999 19999 19999 19999 19999 19999 19999 19999 20000 20000 20000 20000 20000 20000 20000 20000 20000 20000 20000 ]
[ 19999 19999 19999 19999 19999 19999 19999 19999 19999 19999 19999 19999 19999 19999 19999 20000 20000 20000 20000 20000 20000 20000 20000 20000 20000 ]
[ 19999 19999 19999 19999 19999 19999 19999 19999 19999 19999 19999 19999 19999 19999 19999 19999 20000 20000 20000 20000 20000 20000 20000 20000 20000 ]
[ 19999 19999 19999 19999 19999 19999 19999 19999 19999 19999 19999 19999 19999 19999 19999 19999 19999 20000 20000 20000 20000 20000 20000 20000 20000 ]
[ 19999 19999 19999 19999 19999 19999 19999 19999 19999 19999 19999 19999 19999 19999 19999 19999 19999 19999 20000 20000 20000 20000 20000 20000 20000 ]
[ 19999 19999 19999 19999 19999 19999 19999 19999 19999 19999 19999 19999 19999 19999 19999 19999 19999 19999 19999 20000 20000 20000 20000 20000 20000 ]

Timer (generate): 66ms real	60ms user	0ms sys
[ 20000 20000 20000 20000 20000 20000 20000 20000 20000 20000 20000 20000 20000 20000 20000 20000 20000 20000 20000 20000 20000 20000 20000 20000 20000 ]
[ 19999 20000 20000 20000 20000 20000 20000 20000 20000 20000 20000 20000 20000 20000 20000 20000 20000 20000 20000 20000 20000 20000 20000 20000 20000 ]
[ 19999 19999 20000 20000 20000 20000 20000 20000 20000 20000 20000 20000 20000 20000 20000 20000 20000 20000 20000 20000 20000 20000 20000 20000 20000 ]
[ 19999 19999 19999 20000 20000 20000 20000 20000 20000 20000 20000 20000 20000 20000 20000 20000 20000 20000 20000 20000 20000 20000 20000 20000 20000 ]
[ 19999 19999 19999 19999 20000 20000 20000 20000 20000 20000 20000 20000 20000 20000 20000 20000 20000 20000 20000 20000 20000 20000 20000 20000 20000 ]
[ 19999 19999 19999 19999 19999 20000 20000 20000 20000 20000 20000 20000 20000 20000 20000 20000 20000 20000 20000 20000 20000 20000 20000 20000 20000 ]
[ 19999 19999 19999 19999 19999 19999 20000 20000 20000 20000 20000 20000 20000 20000 20000 20000 20000 20000 20000 20000 20000 20000 20000 20000 20000 ]
[ 19999 19999 19999 19999 19999 19999 19999 20000 20000 20000 20000 20000 20000 20000 20000 20000 20000 20000 20000 20000 20000 20000 20000 20000 20000 ]
[ 19999 19999 19999 19999 19999 19999 19999 19999 20000 20000 20000 20000 20000 20000 20000 20000 20000 20000 20000 20000 20000 20000 20000 20000 20000 ]
[ 19999 19999 19999 19999 19999 19999 19999 19999 19999 20000 20000 20000 20000 20000 20000 20000 20000 20000 20000 20000 20000 20000 20000 20000 20000 ]
[ 19999 19999 19999 19999 19999 19999 19999 19999 19999 19999 20000 20000 20000 20000 20000 20000 20000 20000 20000 20000 20000 20000 20000 20000 20000 ]
[ 19999 19999 19999 19999 19999 19999 19999 19999 19999 19999 19999 20000 20000 20000 20000 20000 20000 20000 20000 20000 20000 20000 20000 20000 20000 ]
[ 19999 19999 19999 19999 19999 19999 19999 19999 19999 19999 19999 19999 20000 20000 20000 20000 20000 20000 20000 20000 20000 20000 20000 20000 20000 ]
[ 19999 19999 19999 19999 19999 19999 19999 19999 19999 19999 19999 19999 19999 20000 20000 20000 20000 20000 20000 20000 20000 20000 20000 20000 20000 ]
[ 19999 19999 19999 19999 19999 19999 19999 19999 19999 19999 19999 19999 19999 19999 20000 20000 20000 20000 20000 20000 20000 20000 20000 20000 20000 ]
[ 19999 19999 19999 19999 19999 19999 19999 19999 19999 19999 19999 19999 19999 19999 19999 20000 20000 20000 20000 20000 20000 20000 20000 20000 20000 ]
[ 19999 19999 19999 19999 19999 19999 19999 19999 19999 19999 19999 19999 19999 19999 19999 19999 20000 20000 20000 20000 20000 20000 20000 20000 20000 ]
[ 19999 19999 19999 19999 19999 19999 19999 19999 19999 19999 19999 19999 19999 19999 19999 19999 19999 20000 20000 20000 20000 20000 20000 20000 20000 ]
[ 19999 19999 19999 19999 19999 19999 19999 19999 19999 19999 19999 19999 19999 19999 19999 19999 19999 19999 20000 20000 20000 20000 20000 20000 20000 ]
[ 19999 19999 19999 19999 19999 19999 19999 19999 19999 19999 19999 19999 19999 19999 19999 19999 19999 19999 19999 20000 20000 20000 20000 20000 20000 ]

Timer (generate): 64ms real	50ms user	10ms sys
[ 20000 20000 20000 20000 20000 20000 20000 20000 20000 20000 20000 20000 20000 20000 20000 20000 20000 20000 20000 20000 20000 20000 20000 20000 20000 ]
[ 19999 20000 20000 20000 20000 20000 20000 20000 20000 20000 20000 20000 20000 20000 20000 20000 20000 20000 20000 20000 20000 20000 20000 20000 20000 ]
[ 19999 19999 20000 20000 20000 20000 20000 20000 20000 20000 20000 20000 20000 20000 20000 20000 20000 20000 20000 20000 20000 20000 20000 20000 20000 ]
[ 19999 19999 19999 20000 20000 20000 20000 20000 20000 20000 20000 20000 20000 20000 20000 20000 20000 20000 20000 20000 20000 20000 20000 20000 20000 ]
[ 19999 19999 19999 19999 20000 20000 20000 20000 20000 20000 20000 20000 20000 20000 20000 20000 20000 20000 20000 20000 20000 20000 20000 20000 20000 ]
[ 19999 19999 19999 19999 19999 20000 20000 20000 20000 20000 20000 20000 20000 20000 20000 20000 20000 20000 20000 20000 20000 20000 20000 20000 20000 ]
[ 19999 19999 19999 19999 19999 19999 20000 20000 20000 20000 20000 20000 20000 20000 20000 20000 20000 20000 20000 20000 20000 20000 20000 20000 20000 ]
[ 19999 19999 19999 19999 19999 19999 19999 20000 20000 20000 20000 20000 20000 20000 20000 20000 20000 20000 20000 20000 20000 20000 20000 20000 20000 ]
[ 19999 19999 19999 19999 19999 19999 19999 19999 20000 20000 20000 20000 20000 20000 20000 20000 20000 20000 20000 20000 20000 20000 20000 20000 20000 ]
[ 19999 19999 19999 19999 19999 19999 19999 19999 19999 20000 20000 20000 20000 20000 20000 20000 20000 20000 20000 20000 20000 20000 20000 20000 20000 ]
[ 19999 19999 19999 19999 19999 19999 19999 19999 19999 19999 20000 20000 20000 20000 20000 20000 20000 20000 20000 20000 20000 20000 20000 20000 20000 ]
[ 19999 19999 19999 19999 19999 19999 19999 19999 19999 19999 19999 20000 20000 20000 20000 20000 20000 20000 20000 20000 20000 20000 20000 20000 20000 ]
[ 19999 19999 19999 19999 19999 19999 19999 19999 19999 19999 19999 19999 20000 20000 20000 20000 20000 20000 20000 20000 20000 20000 20000 20000 20000 ]
[ 19999 19999 19999 19999 19999 19999 19999 19999 19999 19999 19999 19999 19999 20000 20000 20000 20000 20000 20000 20000 20000 20000 20000 20000 20000 ]
[ 19999 19999 19999 19999 19999 19999 19999 19999 19999 19999 19999 19999 19999 19999 20000 20000 20000 20000 20000 20000 20000 20000 20000 20000 20000 ]
[ 19999 19999 19999 19999 19999 19999 19999 19999 19999 19999 19999 19999 19999 19999 19999 20000 20000 20000 20000 20000 20000 20000 20000 20000 20000 ]
[ 19999 19999 19999 19999 19999 19999 19999 19999 19999 19999 19999 19999 19999 19999 19999 19999 20000 20000 20000 20000 20000 20000 20000 20000 20000 ]
[ 19999 19999 19999 19999 19999 19999 19999 19999 19999 19999 19999 19999 19999 19999 19999 19999 19999 20000 20000 20000 20000 20000 20000 20000 20000 ]
[ 19999 19999 19999 19999 19999 19999 19999 19999 19999 19999 19999 19999 19999 19999 19999 19999 19999 19999 20000 20000 20000 20000 20000 20000 20000 ]
[ 19999 19999 19999 19999 19999 19999 19999 19999 19999 19999 19999 19999 19999 19999 19999 19999 19999 19999 19999 20000 20000 20000 20000 20000 20000 ]

Timer (generate): 65ms real	60ms user	0ms sys
[ 20000 20000 20000 20000 20000 20000 20000 20000 20000 20000 20000 20000 20000 20000 20000 20000 20000 20000 20000 20000 20000 20000 20000 20000 20000 ]
[ 19999 20000 20000 20000 20000 20000 20000 20000 20000 20000 20000 20000 20000 20000 20000 20000 20000 20000 20000 20000 20000 20000 20000 20000 20000 ]
[ 19999 19999 20000 20000 20000 20000 20000 20000 20000 20000 20000 20000 20000 20000 20000 20000 20000 20000 20000 20000 20000 20000 20000 20000 20000 ]
[ 19999 19999 19999 20000 20000 20000 20000 20000 20000 20000 20000 20000 20000 20000 20000 20000 20000 20000 20000 20000 20000 20000 20000 20000 20000 ]
[ 19999 19999 19999 19999 20000 20000 20000 20000 20000 20000 20000 20000 20000 20000 20000 20000 20000 20000 20000 20000 20000 20000 20000 20000 20000 ]
[ 19999 19999 19999 19999 19999 20000 20000 20000 20000 20000 20000 20000 20000 20000 20000 20000 20000 20000 20000 20000 20000 20000 20000 20000 20000 ]
[ 19999 19999 19999 19999 19999 19999 20000 20000 20000 20000 20000 20000 20000 20000 20000 20000 20000 20000 20000 20000 20000 20000 20000 20000 20000 ]
[ 19999 19999 19999 19999 19999 19999 19999 20000 20000 20000 20000 20000 20000 20000 20000 20000 20000 20000 20000 20000 20000 20000 20000 20000 20000 ]
[ 19999 19999 19999 19999 19999 19999 19999 19999 20000 20000 20000 20000 20000 20000 20000 20000 20000 20000 20000 20000 20000 20000 20000 20000 20000 ]
[ 19999 19999 19999 19999 19999 19999 19999 19999 19999 20000 20000 20000 20000 20000 20000 20000 20000 20000 20000 20000 20000 20000 20000 20000 20000 ]
[ 19999 19999 19999 19999 19999 19999 19999 19999 19999 19999 20000 20000 20000 20000 20000 20000 20000 20000 20000 20000 20000 20000 20000 20000 20000 ]
[ 19999 19999 19999 19999 19999 19999 19999 19999 19999 19999 19999 20000 20000 20000 20000 20000 20000 20000 20000 20000 20000 20000 20000 20000 20000 ]
[ 19999 19999 19999 19999 19999 19999 19999 19999 19999 19999 19999 19999 20000 20000 20000 20000 20000 20000 20000 20000 20000 20000 20000 20000 20000 ]
[ 19999 19999 19999 19999 19999 19999 19999 19999 19999 19999 19999 19999 19999 20000 20000 20000 20000 20000 20000 20000 20000 20000 20000 20000 20000 ]
[ 19999 19999 19999 19999 19999 19999 19999 19999 19999 19999 19999 19999 19999 19999 20000 20000 20000 20000 20000 20000 20000 20000 20000 20000 20000 ]
[ 19999 19999 19999 19999 19999 19999 19999 19999 19999 19999 19999 19999 19999 19999 19999 20000 20000 20000 20000 20000 20000 20000 20000 20000 20000 ]
[ 19999 19999 19999 19999 19999 19999 19999 19999 19999 19999 19999 19999 19999 19999 19999 19999 20000 20000 20000 20000 20000 20000 20000 20000 20000 ]
[ 19999 19999 19999 19999 19999 19999 19999 19999 19999 19999 19999 19999 19999 19999 19999 19999 19999 20000 20000 20000 20000 20000 20000 20000 20000 ]
[ 19999 19999 19999 19999 19999 19999 19999 19999 19999 19999 19999 19999 19999 19999 19999 19999 19999 19999 20000 20000 20000 20000 20000 20000 20000 ]
[ 19999 19999 19999 19999 19999 19999 19999 19999 19999 19999 19999 19999 19999 19999 19999 19999 19999 19999 19999 20000 20000 20000 20000 20000 20000 ]

Timer (generate): 64ms real	60ms user	0ms sys
[ 20000 20000 20000 20000 20000 20000 20000 20000 20000 20000 20000 20000 20000 20000 20000 20000 20000 20000 20000 20000 20000 20000 20000 20000 20000 ]
[ 19999 20000 20000 20000 20000 20000 20000 20000 20000 20000 20000 20000 20000 20000 20000 20000 20000 20000 20000 20000 20000 20000 20000 20000 20000 ]
[ 19999 19999 20000 20000 20000 20000 20000 20000 20000 20000 20000 20000 20000 20000 20000 20000 20000 20000 20000 20000 20000 20000 20000 20000 20000 ]
[ 19999 19999 19999 20000 20000 20000 20000 20000 20000 20000 20000 20000 20000 20000 20000 20000 20000 20000 20000 20000 20000 20000 20000 20000 20000 ]
[ 19999 19999 19999 19999 20000 20000 20000 20000 20000 20000 20000 20000 20000 20000 20000 20000 20000 20000 20000 20000 20000 20000 20000 20000 20000 ]
[ 19999 19999 19999 19999 19999 20000 20000 20000 20000 20000 20000 20000 20000 20000 20000 20000 20000 20000 20000 20000 20000 20000 20000 20000 20000 ]
[ 19999 19999 19999 19999 19999 19999 20000 20000 20000 20000 20000 20000 20000 20000 20000 20000 20000 20000 20000 20000 20000 20000 20000 20000 20000 ]
[ 19999 19999 19999 19999 19999 19999 19999 20000 20000 20000 20000 20000 20000 20000 20000 20000 20000 20000 20000 20000 20000 20000 20000 20000 20000 ]
[ 19999 19999 19999 19999 19999 19999 19999 19999 20000 20000 20000 20000 20000 20000 20000 20000 20000 20000 20000 20000 20000 20000 20000 20000 20000 ]
[ 19999 19999 19999 19999 19999 19999 19999 19999 19999 20000 20000 20000 20000 20000 20000 20000 20000 20000 20000 20000 20000 20000 20000 20000 20000 ]
[ 19999 19999 19999 19999 19999 19999 19999 19999 19999 19999 20000 20000 20000 20000 20000 20000 20000 20000 20000 20000 20000 20000 20000 20000 20000 ]
[ 19999 19999 19999 19999 19999 19999 19999 19999 19999 19999 19999 20000 20000 20000 20000 20000 20000 20000 20000 20000 20000 20000 20000 20000 20000 ]
[ 19999 19999 19999 19999 19999 19999 19999 19999 19999 19999 19999 19999 20000 20000 20000 20000 20000 20000 20000 20000 20000 20000 20000 20000 20000 ]
[ 19999 19999 19999 19999 19999 19999 19999 19999 19999 19999 19999 19999 19999 20000 20000 20000 20000 20000 20000 20000 20000 20000 20000 20000 20000 ]
[ 19999 19999 19999 19999 19999 19999 19999 19999 19999 19999 19999 19999 19999 19999 20000 20000 20000 20000 20000 20000 20000 20000 20000 20000 20000 ]
[ 19999 19999 19999 19999 19999 19999 19999 19999 19999 19999 19999 19999 19999 19999 19999 20000 20000 20000 20000 20000 20000 20000 20000 20000 20000 ]
[ 19999 19999 19999 19999 19999 19999 19999 19999 19999 19999 19999 19999 19999 19999 19999 19999 20000 20000 20000 20000 20000 20000 20000 20000 20000 ]
[ 19999 19999 19999 19999 19999 19999 19999 19999 19999 19999 19999 19999 19999 19999 19999 19999 19999 20000 20000 20000 20000 20000 20000 20000 20000 ]
[ 19999 19999 19999 19999 19999 19999 19999 19999 19999 19999 19999 19999 19999 19999 19999 19999 19999 19999 20000 20000 20000 20000 20000 20000 20000 ]
[ 19999 19999 19999 19999 19999 19999 19999 19999 19999 19999 19999 19999 19999 19999 19999 19999 19999 19999 19999 20000 20000 20000 20000 20000 20000 ]

