Timer (generate): 230ms real	190ms user	40ms sys
[ 100000 100000 100000 100000 100000 100000 100000 100000 100000 100000 100000 100000 100000 100000 100000 100000 100000 100000 100000 100000 100000 100000 100000 100000 100000 ]
[ 99999 100000 100000 100000 100000 100000 100000 100000 100000 100000 100000 100000 100000 100000 100000 100000 100000 100000 100000 100000 100000 100000 100000 100000 100000 ]
[ 99999 99999 100000 100000 100000 100000 100000 100000 100000 100000 100000 100000 100000 100000 100000 100000 100000 100000 100000 100000 100000 100000 100000 100000 100000 ]
[ 99999 99999 99999 100000 100000 100000 100000 100000 100000 100000 100000 100000 100000 100000 100000 100000 100000 100000 100000 100000 100000 100000 100000 100000 100000 ]
[ 99999 99999 99999 99999 100000 100000 100000 100000 100000 100000 100000 100000 100000 100000 100000 100000 100000 100000 100000 100000 100000 100000 100000 100000 100000 ]
[ 99999 99999 99999 99999 99999 100000 100000 100000 100000 100000 100000 100000 100000 100000 100000 100000 100000 100000 100000 100000 100000 100000 100000 100000 100000 ]
[ 99999 99999 99999 99999 99999 99999 100000 100000 100000 100000 100000 100000 100000 100000 100000 100000 100000 100000 100000 100000 100000 100000 100000 100000 100000 ]
[ 99999 99999 99999 99999 99999 99999 99999 100000 100000 100000 100000 100000 100000 100000 100000 100000 100000 100000 100000 100000 100000 100000 100000 100000 100000 ]
[ 99999 99999 99999 99999 99999 99999 99999 99999 100000 100000 100000 100000 100000 100000 100000 100000 100000 100000 100000 100000 100000 100000 100000 100000 100000 ]
[ 99999 99999 99999 99999 99999 99999 99999 99999 99999 100000 100000 100000 100000 100000 100000 100000 100000 100000 100000 100000 100000 100000 100000 100000 100000 ]
[ 99999 99999 99999 99999 99999 99999 99999 99999 99999 99999 100000 100000 100000 100000 100000 100000 100000 100000 100000 100000 100000 100000 100000 100000 100000 ]
[ 99999 99999 99999 99999 99999 99999 99999 99999 99999 99999 99999 100000 100000 100000 100000 100000 100000 100000 100000 100000 100000 100000 100000 100000 100000 ]
[ 99999 99999 99999 99999 99999 99999 99999 99999 99999 99999 99999 99999 100000 100000 100000 100000 100000 100000 100000 100000 100000 100000 100000 100000 100000 ]
[ 99999 99999 99999 99999 99999 99999 99999 99999 99999 99999 99999 99999 99999 100000 100000 100000 100000 100000 100000 100000 100000 100000 100000 100000 100000 ]
[ 99999 99999 99999 99999 99999 99999 99999 99999 99999 99999 99999 99999 99999 99999 100000 100000 100000 100000 100000 100000 100000 100000 100000 100000 100000 ]
[ 99999 99999 99999 99999 99999 99999 99999 99999 99999 99999 99999 99999 99999 99999 99999 100000 100000 100000 100000 100000 100000 100000 100000 100000 100000 ]
[ 99999 99999 99999 99999 99999 99999 99999 99999 99999 99999 99999 99999 99999 99999 99999 99999 100000 100000 100000 100000 100000 100000 100000 100000 100000 ]
[ 99999 99999 99999 99999 99999 99999 99999 99999 99999 99999 99999 99999 99999 99999 99999 99999 99999 100000 100000 100000 100000 100000 100000 100000 100000 ]
[ 99999 99999 99999 99999 99999 99999 99999 99999 99999 99999 99999 99999 99999 99999 99999 99999 99999 99999 100000 100000 100000 100000 100000 100000 100000 ]
[ 99999 99999 99999 99999 99999 99999 99999 99999 99999 99999 99999 99999 99999 99999 99999 99999 99999 99999 99999 100000 100000 100000 100000 100000 100000 ]

Timer (generate): 197ms real	160ms user	20ms sys
[ 100000 100000 100000 100000 100000 100000 100000 100000 100000 100000 100000 100000 100000 100000 100000 100000 100000 100000 100000 100000 100000 100000 100000 100000 100000 ]
[ 99999 100000 100000 100000 100000 100000 100000 100000 100000 100000 100000 100000 100000 100000 100000 100000 100000 100000 100000 100000 100000 100000 100000 100000 100000 ]
[ 99999 99999 100000 100000 100000 100000 100000 100000 100000 100000 100000 100000 100000 100000 100000 100000 100000 100000 100000 100000 100000 100000 100000 100000 100000 ]
[ 99999 99999 99999 100000 100000 100000 100000 100000 100000 100000 100000 100000 100000 100000 100000 100000 100000 100000 100000 100000 100000 100000 100000 100000 100000 ]
[ 99999 99999 99999 99999 100000 100000 100000 100000 100000 100000 100000 100000 100000 100000 100000 100000 100000 100000 100000 100000 100000 100000 100000 100000 100000 ]
[ 99999 99999 99999 99999 99999 100000 100000 100000 100000 100000 100000 100000 100000 100000 100000 100000 100000 100000 100000 100000 100000 100000 100000 100000 100000 ]
[ 99999 99999 99999 99999 99999 99999 100000 100000 100000 100000 100000 100000 100000 100000 100000 100000 100000 100000 100000 100000 100000 100000 100000 100000 100000 ]
[ 99999 99999 99999 99999 99999 99999 99999 100000 100000 100000 100000 100000 100000 100000 100000 100000 100000 100000 100000 100000 100000 100000 100000 100000 100000 ]
[ 99999 99999 99999 99999 99999 99999 99999 99999 100000 100000 100000 100000 100000 100000 100000 100000 100000 100000 100000 100000 100000 100000 100000 100000 100000 ]
[ 99999 99999 99999 99999 99999 99999 99999 99999 99999 100000 100000 100000 100000 100000 100000 100000 100000 100000 100000 100000 100000 100000 100000 100000 100000 ]
[ 99999 99999 99999 99999 99999 99999 99999 99999 99999 99999 100000 100000 100000 100000 100000 100000 100000 100000 100000 100000 100000 100000 100000 100000 100000 ]
[ 99999 99999 99999 99999 99999 99999 99999 99999 99999 99999 99999 100000 100000 100000 100000 100000 100000 100000 100000 100000 100000 100000 100000 100000 100000 ]
[ 99999 99999 99999 99999 99999 99999 99999 99999 99999 99999 99999 99999 100000 100000 100000 100000 100000 100000 100000 100000 100000 100000 100000 100000 100000 ]
[ 99999 99999 99999 99999 99999 99999 99999 99999 99999 99999 99999 99999 99999 100000 100000 100000 100000 100000 100000 100000 100000 100000 100000 100000 100000 ]
[ 99999 99999 99999 99999 99999 99999 99999 99999 99999 99999 99999 99999 99999 99999 100000 100000 100000 100000 100000 100000 100000 100000 100000 100000 100000 ]
[ 99999 99999 99999 99999 99999 99999 99999 99999 99999 99999 99999 99999 99999 99999 99999 100000 100000 100000 100000 100000 100000 100000 100000 100000 100000 ]
[ 99999 99999 99999 99999 99999 99999 99999 99999 99999 99999 99999 99999 99999 99999 99999 99999 100000 100000 100000 100000 100000 100000 100000 100000 100000 ]
[ 99999 99999 99999 99999 99999 99999 99999 99999 99999 99999 99999 99999 99999 99999 99999 99999 99999 100000 100000 100000 100000 100000 100000 100000 100000 ]
[ 99999 99999 99999 99999 99999 99999 99999 99999 99999 99999 99999 99999 99999 99999 99999 99999 99999 99999 100000 100000 100000 100000 100000 100000 100000 ]
[ 99999 99999 99999 99999 99999 99999 99999 99999 99999 99999 99999 99999 99999 99999 99999 99999 99999 99999 99999 100000 100000 100000 100000 100000 100000 ]

Timer (generate): 228ms real	200ms user	20ms sys
[ 100000 100000 100000 100000 100000 100000 100000 100000 100000 100000 100000 100000 100000 100000 100000 100000 100000 100000 100000 100000 100000 100000 100000 100000 100000 ]
[ 99999 100000 100000 100000 100000 100000 100000 100000 100000 100000 100000 100000 100000 100000 100000 100000 100000 100000 100000 100000 100000 100000 100000 100000 100000 ]
[ 99999 99999 100000 100000 100000 100000 100000 100000 100000 100000 100000 100000 100000 100000 100000 100000 100000 100000 100000 100000 100000 100000 100000 100000 100000 ]
[ 99999 99999 99999 100000 100000 100000 100000 100000 100000 100000 100000 100000 100000 100000 100000 100000 100000 100000 100000 100000 100000 100000 100000 100000 100000 ]
[ 99999 99999 99999 99999 100000 100000 100000 100000 100000 100000 100000 100000 100000 100000 100000 100000 100000 100000 100000 100000 100000 100000 100000 100000 100000 ]
[ 99999 99999 99999 99999 99999 100000 100000 100000 100000 100000 100000 100000 100000 100000 100000 100000 100000 100000 100000 100000 100000 100000 100000 100000 100000 ]
[ 99999 99999 99999 99999 99999 99999 100000 100000 100000 100000 100000 100000 100000 100000 100000 100000 100000 100000 100000 100000 100000 100000 100000 100000 100000 ]
[ 99999 99999 99999 99999 99999 99999 99999 100000 100000 100000 100000 100000 100000 100000 100000 100000 100000 100000 100000 100000 100000 100000 100000 100000 100000 ]
[ 99999 99999 99999 99999 99999 99999 99999 99999 100000 100000 100000 100000 100000 100000 100000 100000 100000 100000 100000 100000 100000 100000 100000 100000 100000 ]
[ 99999 99999 99999 99999 99999 99999 99999 99999 99999 100000 100000 100000 100000 100000 100000 100000 100000 100000 100000 100000 100000 100000 100000 100000 100000 ]
[ 99999 99999 99999 99999 99999 99999 99999 99999 99999 99999 100000 100000 100000 100000 100000 100000 100000 100000 100000 100000 100000 100000 100000 100000 100000 ]
[ 99999 99999 99999 99999 99999 99999 99999 99999 99999 99999 99999 100000 100000 100000 100000 100000 100000 100000 100000 100000 100000 100000 100000 100000 100000 ]
[ 99999 99999 99999 99999 99999 99999 99999 99999 99999 99999 99999 99999 100000 100000 100000 100000 100000 100000 100000 100000 100000 100000 100000 100000 100000 ]
[ 99999 99999 99999 99999 99999 99999 99999 99999 99999 99999 99999 99999 99999 100000 100000 100000 100000 100000 100000 100000 100000 100000 100000 100000 100000 ]
[ 99999 99999 99999 99999 99999 99999 99999 99999 99999 99999 99999 99999 99999 99999 100000 100000 100000 100000 100000 100000 100000 100000 100000 100000 100000 ]
[ 99999 99999 99999 99999 99999 99999 99999 99999 99999 99999 99999 99999 99999 99999 99999 100000 100000 100000 100000 100000 100000 100000 100000 100000 100000 ]
[ 99999 99999 99999 99999 99999 99999 99999 99999 99999 99999 99999 99999 99999 99999 99999 99999 100000 100000 100000 100000 100000 100000 100000 100000 100000 ]
[ 99999 99999 99999 99999 99999 99999 99999 99999 99999 99999 99999 99999 99999 99999 99999 99999 99999 100000 100000 100000 100000 100000 100000 100000 100000 ]
[ 99999 99999 99999 99999 99999 99999 99999 99999 99999 99999 99999 99999 99999 99999 99999 99999 99999 99999 100000 100000 100000 100000 100000 100000 100000 ]
[ 99999 99999 99999 99999 99999 99999 99999 99999 99999 99999 99999 99999 99999 99999 99999 99999 99999 99999 99999 100000 100000 100000 100000 100000 100000 ]

Timer (generate): 225ms real	170ms user	50ms sys
[ 100000 100000 100000 100000 100000 100000 100000 100000 100000 100000 100000 100000 100000 100000 100000 100000 100000 100000 100000 100000 100000 100000 100000 100000 100000 ]
[ 99999 100000 100000 100000 100000 100000 100000 100000 100000 100000 100000 100000 100000 100000 100000 100000 100000 100000 100000 100000 100000 100000 100000 100000 100000 ]
[ 99999 99999 100000 100000 100000 100000 100000 100000 100000 100000 100000 100000 100000 100000 100000 100000 100000 100000 100000 100000 100000 100000 100000 100000 100000 ]
[ 99999 99999 99999 100000 100000 100000 100000 100000 100000 100000 100000 100000 100000 100000 100000 100000 100000 100000 100000 100000 100000 100000 100000 100000 100000 ]
[ 99999 99999 99999 99999 100000 100000 100000 100000 100000 100000 100000 100000 100000 100000 100000 100000 100000 100000 100000 100000 100000 100000 100000 100000 100000 ]
[ 99999 99999 99999 99999 99999 100000 100000 100000 100000 100000 100000 100000 100000 100000 100000 100000 100000 100000 100000 100000 100000 100000 100000 100000 100000 ]
[ 99999 99999 99999 99999 99999 99999 100000 100000 100000 100000 100000 100000 100000 100000 100000 100000 100000 100000 100000 100000 100000 100000 100000 100000 100000 ]
[ 99999 99999 99999 99999 99999 99999 99999 100000 100000 100000 100000 100000 100000 100000 100000 100000 100000 100000 100000 100000 100000 100000 100000 100000 100000 ]
[ 99999 99999 99999 99999 99999 99999 99999 99999 100000 100000 100000 100000 100000 100000 100000 100000 100000 100000 100000 100000 100000 100000 100000 100000 100000 ]
[ 99999 99999 99999 99999 99999 99999 99999 99999 99999 100000 100000 100000 100000 100000 100000 100000 100000 100000 100000 100000 100000 100000 100000 100000 100000 ]
[ 99999 99999 99999 99999 99999 99999 99999 99999 99999 99999 100000 100000 100000 100000 100000 100000 100000 100000 100000 100000 100000 100000 100000 100000 100000 ]
[ 99999 99999 99999 99999 99999 99999 99999 99999 99999 99999 99999 100000 100000 100000 100000 100000 100000 100000 100000 100000 100000 100000 100000 100000 100000 ]
[ 99999 99999 99999 99999 99999 99999 99999 99999 99999 99999 99999 99999 100000 100000 100000 100000 100000 100000 100000 100000 100000 100000 100000 100000 100000 ]
[ 99999 99999 99999 99999 99999 99999 99999 99999 99999 99999 99999 99999 99999 100000 100000 100000 100000 100000 100000 100000 100000 100000 100000 100000 100000 ]
[ 99999 99999 99999 99999 99999 99999 99999 99999 99999 99999 99999 99999 99999 99999 100000 100000 100000 100000 100000 100000 100000 100000 100000 100000 100000 ]
[ 99999 99999 99999 99999 99999 99999 99999 99999 99999 99999 99999 99999 99999 99999 99999 100000 100000 100000 100000 100000 100000 100000 100000 100000 100000 ]
[ 99999 99999 99999 99999 99999 99999 99999 99999 99999 99999 99999 99999 99999 99999 99999 99999 100000 100000 100000 100000 100000 100000 100000 100000 100000 ]
[ 99999 99999 99999 99999 99999 99999 99999 99999 99999 99999 99999 99999 99999 99999 99999 99999 99999 100000 100000 100000 100000 100000 100000 100000 100000 ]
[ 99999 99999 99999 99999 99999 99999 99999 99999 99999 99999 99999 99999 99999 99999 99999 99999 99999 99999 100000 100000 100000 100000 100000 100000 100000 ]
[ 99999 99999 99999 99999 99999 99999 99999 99999 99999 99999 99999 99999 99999 99999 99999 99999 99999 99999 99999 100000 100000 100000 100000 100000 100000 ]

Timer (generate): 221ms real	200ms user	20ms sys
[ 100000 100000 100000 100000 100000 100000 100000 100000 100000 100000 100000 100000 100000 100000 100000 100000 100000 100000 100000 100000 100000 100000 100000 100000 100000 ]
[ 99999 100000 100000 100000 100000 100000 100000 100000 100000 100000 100000 100000 100000 100000 100000 100000 100000 100000 100000 100000 100000 100000 100000 100000 100000 ]
[ 99999 99999 100000 100000 100000 100000 100000 100000 100000 100000 100000 100000 100000 100000 100000 100000 100000 100000 100000 100000 100000 100000 100000 100000 100000 ]
[ 99999 99999 99999 100000 100000 100000 100000 100000 100000 100000 100000 100000 100000 100000 100000 100000 100000 100000 100000 100000 100000 100000 100000 100000 100000 ]
[ 99999 99999 99999 99999 100000 100000 100000 100000 100000 100000 100000 100000 100000 100000 100000 100000 100000 100000 100000 100000 100000 100000 100000 100000 100000 ]
[ 99999 99999 99999 99999 99999 100000 100000 100000 100000 100000 100000 100000 100000 100000 100000 100000 100000 100000 100000 100000 100000 100000 100000 100000 100000 ]
[ 99999 99999 99999 99999 99999 99999 100000 100000 100000 100000 100000 100000 100000 100000 100000 100000 100000 100000 100000 100000 100000 100000 100000 100000 100000 ]
[ 99999 99999 99999 99999 99999 99999 99999 100000 100000 100000 100000 100000 100000 100000 100000 100000 100000 100000 100000 100000 100000 100000 100000 100000 100000 ]
[ 99999 99999 99999 99999 99999 99999 99999 99999 100000 100000 100000 100000 100000 100000 100000 100000 100000 100000 100000 100000 100000 100000 100000 100000 100000 ]
[ 99999 99999 99999 99999 99999 99999 99999 99999 99999 100000 100000 100000 100000 100000 100000 100000 100000 100000 100000 100000 100000 100000 100000 100000 100000 ]
[ 99999 99999 99999 99999 99999 99999 99999 99999 99999 99999 100000 100000 100000 100000 100000 100000 100000 100000 100000 100000 100000 100000 100000 100000 100000 ]
[ 99999 99999 99999 99999 99999 99999 99999 99999 99999 99999 99999 100000 100000 100000 100000 100000 100000 100000 100000 100000 100000 100000 100000 100000 100000 ]
[ 99999 99999 99999 99999 99999 99999 99999 99999 99999 99999 99999 99999 100000 100000 100000 100000 100000 100000 100000 100000 100000 100000 100000 100000 100000 ]
[ 99999 99999 99999 99999 99999 99999 99999 99999 99999 99999 99999 99999 99999 100000 100000 100000 100000 100000 100000 100000 100000 100000 100000 100000 100000 ]
[ 99999 99999 99999 99999 99999 99999 99999 99999 99999 99999 99999 99999 99999 99999 100000 100000 100000 100000 100000 100000 100000 100000 100000 100000 100000 ]
[ 99999 99999 99999 99999 99999 99999 99999 99999 99999 99999 99999 99999 99999 99999 99999 100000 100000 100000 100000 100000 100000 100000 100000 100000 100000 ]
[ 99999 99999 99999 99999 99999 99999 99999 99999 99999 99999 99999 99999 99999 99999 99999 99999 100000 100000 100000 100000 100000 100000 100000 100000 100000 ]
[ 99999 99999 99999 99999 99999 99999 99999 99999 99999 99999 99999 99999 99999 99999 99999 99999 99999 100000 100000 100000 100000 100000 100000 100000 100000 ]
[ 99999 99999 99999 99999 99999 99999 99999 99999 99999 99999 99999 99999 99999 99999 99999 99999 99999 99999 100000 100000 100000 100000 100000 100000 100000 ]
[ 99999 99999 99999 99999 99999 99999 99999 99999 99999 99999 99999 99999 99999 99999 99999 99999 99999 99999 99999 100000 100000 100000 100000 100000 100000 ]

Timer (generate): 196ms real	160ms user	20ms sys
[ 100000 100000 100000 100000 100000 100000 100000 100000 100000 100000 100000 100000 100000 100000 100000 100000 100000 100000 100000 100000 100000 100000 100000 100000 100000 ]
[ 99999 100000 100000 100000 100000 100000 100000 100000 100000 100000 100000 100000 100000 100000 100000 100000 100000 100000 100000 100000 100000 100000 100000 100000 100000 ]
[ 99999 99999 100000 100000 100000 100000 100000 100000 100000 100000 100000 100000 100000 100000 100000 100000 100000 100000 100000 100000 100000 100000 100000 100000 100000 ]
[ 99999 99999 99999 100000 100000 100000 100000 100000 100000 100000 100000 100000 100000 100000 100000 100000 100000 100000 100000 100000 100000 100000 100000 100000 100000 ]
[ 99999 99999 99999 99999 100000 100000 100000 100000 100000 100000 100000 100000 100000 100000 100000 100000 100000 100000 100000 100000 100000 100000 100000 100000 100000 ]
[ 99999 99999 99999 99999 99999 100000 100000 100000 100000 100000 100000 100000 100000 100000 100000 100000 100000 100000 100000 100000 100000 100000 100000 100000 100000 ]
[ 99999 99999 99999 99999 99999 99999 100000 100000 100000 100000 100000 100000 100000 100000 100000 100000 100000 100000 100000 100000 100000 100000 100000 100000 100000 ]
[ 99999 99999 99999 99999 99999 99999 99999 100000 100000 100000 100000 100000 100000 100000 100000 100000 100000 100000 100000 100000 100000 100000 100000 100000 100000 ]
[ 99999 99999 99999 99999 99999 99999 99999 99999 100000 100000 100000 100000 100000 100000 100000 100000 100000 100000 100000 100000 100000 100000 100000 100000 100000 ]
[ 99999 99999 99999 99999 99999 99999 99999 99999 99999 100000 100000 100000 100000 100000 100000 100000 100000 100000 100000 100000 100000 100000 100000 100000 100000 ]
[ 99999 99999 99999 99999 99999 99999 99999 99999 99999 99999 100000 100000 100000 100000 100000 100000 100000 100000 100000 100000 100000 100000 100000 100000 100000 ]
[ 99999 99999 99999 99999 99999 99999 99999 99999 99999 99999 99999 100000 100000 100000 100000 100000 100000 100000 100000 100000 100000 100000 100000 100000 100000 ]
[ 99999 99999 99999 99999 99999 99999 99999 99999 99999 99999 99999 99999 100000 100000 100000 100000 100000 100000 100000 100000 100000 100000 100000 100000 100000 ]
[ 99999 99999 99999 99999 99999 99999 99999 99999 99999 99999 99999 99999 99999 100000 100000 100000 100000 100000 100000 100000 100000 100000 100000 100000 100000 ]
[ 99999 99999 99999 99999 99999 99999 99999 99999 99999 99999 99999 99999 99999 99999 100000 100000 100000 100000 100000 100000 100000 100000 100000 100000 100000 ]
[ 99999 99999 99999 99999 99999 99999 99999 99999 99999 99999 99999 99999 99999 99999 99999 100000 100000 100000 100000 100000 100000 100000 100000 100000 100000 ]
[ 99999 99999 99999 99999 99999 99999 99999 99999 99999 99999 99999 99999 99999 99999 99999 99999 100000 100000 100000 100000 100000 100000 100000 100000 100000 ]
[ 99999 99999 99999 99999 99999 99999 99999 99999 99999 99999 99999 99999 99999 99999 99999 99999 99999 100000 100000 100000 100000 100000 100000 100000 100000 ]
[ 99999 99999 99999 99999 99999 99999 99999 99999 99999 99999 99999 99999 99999 99999 99999 99999 99999 99999 100000 100000 100000 100000 100000 100000 100000 ]
[ 99999 99999 99999 99999 99999 99999 99999 99999 99999 99999 99999 99999 99999 99999 99999 99999 99999 99999 99999 100000 100000 100000 100000 100000 100000 ]

Timer (generate): 229ms real	210ms user	0ms sys
[ 100000 100000 100000 100000 100000 100000 100000 100000 100000 100000 100000 100000 100000 100000 100000 100000 100000 100000 100000 100000 100000 100000 100000 100000 100000 ]
[ 99999 100000 100000 100000 100000 100000 100000 100000 100000 100000 100000 100000 100000 100000 100000 100000 100000 100000 100000 100000 100000 100000 100000 100000 100000 ]
[ 99999 99999 100000 100000 100000 100000 100000 100000 100000 100000 100000 100000 100000 100000 100000 100000 100000 100000 100000 100000 100000 100000 100000 100000 100000 ]
[ 99999 99999 99999 100000 100000 100000 100000 100000 100000 100000 100000 100000 100000 100000 100000 100000 100000 100000 100000 100000 100000 100000 100000 100000 100000 ]
[ 99999 99999 99999 99999 100000 100000 100000 100000 100000 100000 100000 100000 100000 100000 100000 100000 100000 100000 100000 100000 100000 100000 100000 100000 100000 ]
[ 99999 99999 99999 99999 99999 100000 100000 100000 100000 100000 100000 100000 100000 100000 100000 100000 100000 100000 100000 100000 100000 100000 100000 100000 100000 ]
[ 99999 99999 99999 99999 99999 99999 100000 100000 100000 100000 100000 100000 100000 100000 100000 100000 100000 100000 100000 100000 100000 100000 100000 100000 100000 ]
[ 99999 99999 99999 99999 99999 99999 99999 100000 100000 100000 100000 100000 100000 100000 100000 100000 100000 100000 100000 100000 100000 100000 100000 100000 100000 ]
[ 99999 99999 99999 99999 99999 99999 99999 99999 100000 100000 100000 100000 100000 100000 100000 100000 100000 100000 100000 100000 100000 100000 100000 100000 100000 ]
[ 99999 99999 99999 99999 99999 99999 99999 99999 99999 100000 100000 100000 100000 100000 100000 100000 100000 100000 100000 100000 100000 100000 100000 100000 100000 ]
[ 99999 99999 99999 99999 99999 99999 99999 99999 99999 99999 100000 100000 100000 100000 100000 100000 100000 100000 100000 100000 100000 100000 100000 100000 100000 ]
[ 99999 99999 99999 99999 99999 99999 99999 99999 99999 99999 99999 100000 100000 100000 100000 100000 100000 100000 100000 100000 100000 100000 100000 100000 100000 ]
[ 99999 99999 99999 99999 99999 99999 99999 99999 99999 99999 99999 99999 100000 100000 100000 100000 100000 100000 100000 100000 100000 100000 100000 100000 100000 ]
[ 99999 99999 99999 99999 99999 99999 99999 99999 99999 99999 99999 99999 99999 100000 100000 100000 100000 100000 100000 100000 100000 100000 100000 100000 100000 ]
[ 99999 99999 99999 99999 99999 99999 99999 99999 99999 99999 99999 99999 99999 99999 100000 100000 100000 100000 100000 100000 100000 100000 100000 100000 100000 ]
[ 99999 99999 99999 99999 99999 99999 99999 99999 99999 99999 99999 99999 99999 99999 99999 100000 100000 100000 100000 100000 100000 100000 100000 100000 100000 ]
[ 99999 99999 99999 99999 99999 99999 99999 99999 99999 99999 99999 99999 99999 99999 99999 99999 100000 100000 100000 100000 100000 100000 100000 100000 100000 ]
[ 99999 99999 99999 99999 99999 99999 99999 99999 99999 99999 99999 99999 99999 99999 99999 99999 99999 100000 100000 100000 100000 100000 100000 100000 100000 ]
[ 99999 99999 99999 99999 99999 99999 99999 99999 99999 99999 99999 99999 99999 99999 99999 99999 99999 99999 100000 100000 100000 100000 100000 100000 100000 ]
[ 99999 99999 99999 99999 99999 99999 99999 99999 99999 99999 99999 99999 99999 99999 99999 99999 99999 99999 99999 100000 100000 100000 100000 100000 100000 ]

Timer (generate): 216ms real	150ms user	50ms sys
[ 100000 100000 100000 100000 100000 100000 100000 100000 100000 100000 100000 100000 100000 100000 100000 100000 100000 100000 100000 100000 100000 100000 100000 100000 100000 ]
[ 99999 100000 100000 100000 100000 100000 100000 100000 100000 100000 100000 100000 100000 100000 100000 100000 100000 100000 100000 100000 100000 100000 100000 100000 100000 ]
[ 99999 99999 100000 100000 100000 100000 100000 100000 100000 100000 100000 100000 100000 100000 100000 100000 100000 100000 100000 100000 100000 100000 100000 100000 100000 ]
[ 99999 99999 99999 100000 100000 100000 100000 100000 100000 100000 100000 100000 100000 100000 100000 100000 100000 100000 100000 100000 100000 100000 100000 100000 100000 ]
[ 99999 99999 99999 99999 100000 100000 100000 100000 100000 100000 100000 100000 100000 100000 100000 100000 100000 100000 100000 100000 100000 100000 100000 100000 100000 ]
[ 99999 99999 99999 99999 99999 100000 100000 100000 100000 100000 100000 100000 100000 100000 100000 100000 100000 100000 100000 100000 100000 100000 100000 100000 100000 ]
[ 99999 99999 99999 99999 99999 99999 100000 100000 100000 100000 100000 100000 100000 100000 100000 100000 100000 100000 100000 100000 100000 100000 100000 100000 100000 ]
[ 99999 99999 99999 99999 99999 99999 99999 100000 100000 100000 100000 100000 100000 100000 100000 100000 100000 100000 100000 100000 100000 100000 100000 100000 100000 ]
[ 99999 99999 99999 99999 99999 99999 99999 99999 100000 100000 100000 100000 100000 100000 100000 100000 100000 100000 100000 100000 100000 100000 100000 100000 100000 ]
[ 99999 99999 99999 99999 99999 99999 99999 99999 99999 100000 100000 100000 100000 100000 100000 100000 100000 100000 100000 100000 100000 100000 100000 100000 100000 ]
[ 99999 99999 99999 99999 99999 99999 99999 99999 99999 99999 100000 100000 100000 100000 100000 100000 100000 100000 100000 100000 100000 100000 100000 100000 100000 ]
[ 99999 99999 99999 99999 99999 99999 99999 99999 99999 99999 99999 100000 100000 100000 100000 100000 100000 100000 100000 100000 100000 100000 100000 100000 100000 ]
[ 99999 99999 99999 99999 99999 99999 99999 99999 99999 99999 99999 99999 100000 100000 100000 100000 100000 100000 100000 100000 100000 100000 100000 100000 100000 ]
[ 99999 99999 99999 99999 99999 99999 99999 99999 99999 99999 99999 99999 99999 100000 100000 100000 100000 100000 100000 100000 100000 100000 100000 100000 100000 ]
[ 99999 99999 99999 99999 99999 99999 99999 99999 99999 99999 99999 99999 99999 99999 100000 100000 100000 100000 100000 100000 100000 100000 100000 100000 100000 ]
[ 99999 99999 99999 99999 99999 99999 99999 99999 99999 99999 99999 99999 99999 99999 99999 100000 100000 100000 100000 100000 100000 100000 100000 100000 100000 ]
[ 99999 99999 99999 99999 99999 99999 99999 99999 99999 99999 99999 99999 99999 99999 99999 99999 100000 100000 100000 100000 100000 100000 100000 100000 100000 ]
[ 99999 99999 99999 99999 99999 99999 99999 99999 99999 99999 99999 99999 99999 99999 99999 99999 99999 100000 100000 100000 100000 100000 100000 100000 100000 ]
[ 99999 99999 99999 99999 99999 99999 99999 99999 99999 99999 99999 99999 99999 99999 99999 99999 99999 99999 100000 100000 100000 100000 100000 100000 100000 ]
[ 99999 99999 99999 99999 99999 99999 99999 99999 99999 99999 99999 99999 99999 99999 99999 99999 99999 99999 99999 100000 100000 100000 100000 100000 100000 ]

Timer (generate): 212ms real	170ms user	30ms sys
[ 100000 100000 100000 100000 100000 100000 100000 100000 100000 100000 100000 100000 100000 100000 100000 100000 100000 100000 100000 100000 100000 100000 100000 100000 100000 ]
[ 99999 100000 100000 100000 100000 100000 100000 100000 100000 100000 100000 100000 100000 100000 100000 100000 100000 100000 100000 100000 100000 100000 100000 100000 100000 ]
[ 99999 99999 100000 100000 100000 100000 100000 100000 100000 100000 100000 100000 100000 100000 100000 100000 100000 100000 100000 100000 100000 100000 100000 100000 100000 ]
[ 99999 99999 99999 100000 100000 100000 100000 100000 100000 100000 100000 100000 100000 100000 100000 100000 100000 100000 100000 100000 100000 100000 100000 100000 100000 ]
[ 99999 99999 99999 99999 100000 100000 100000 100000 100000 100000 100000 100000 100000 100000 100000 100000 100000 100000 100000 100000 100000 100000 100000 100000 100000 ]
[ 99999 99999 99999 99999 99999 100000 100000 100000 100000 100000 100000 100000 100000 100000 100000 100000 100000 100000 100000 100000 100000 100000 100000 100000 100000 ]
[ 99999 99999 99999 99999 99999 99999 100000 100000 100000 100000 100000 100000 100000 100000 100000 100000 100000 100000 100000 100000 100000 100000 100000 100000 100000 ]
[ 99999 99999 99999 99999 99999 99999 99999 100000 100000 100000 100000 100000 100000 100000 100000 100000 100000 100000 100000 100000 100000 100000 100000 100000 100000 ]
[ 99999 99999 99999 99999 99999 99999 99999 99999 100000 100000 100000 100000 100000 100000 100000 100000 100000 100000 100000 100000 100000 100000 100000 100000 100000 ]
[ 99999 99999 99999 99999 99999 99999 99999 99999 99999 100000 100000 100000 100000 100000 100000 100000 100000 100000 100000 100000 100000 100000 100000 100000 100000 ]
[ 99999 99999 99999 99999 99999 99999 99999 99999 99999 99999 100000 100000 100000 100000 100000 100000 100000 100000 100000 100000 100000 100000 100000 100000 100000 ]
[ 99999 99999 99999 99999 99999 99999 99999 99999 99999 99999 99999 100000 100000 100000 100000 100000 100000 100000 100000 100000 100000 100000 100000 100000 100000 ]
[ 99999 99999 99999 99999 99999 99999 99999 99999 99999 99999 99999 99999 100000 100000 100000 100000 100000 100000 100000 100000 100000 100000 100000 100000 100000 ]
[ 99999 99999 99999 99999 99999 99999 99999 99999 99999 99999 99999 99999 99999 100000 100000 100000 100000 100000 100000 100000 100000 100000 100000 100000 100000 ]
[ 99999 99999 99999 99999 99999 99999 99999 99999 99999 99999 99999 99999 99999 99999 100000 100000 100000 100000 100000 100000 100000 100000 100000 100000 100000 ]
[ 99999 99999 99999 99999 99999 99999 99999 99999 99999 99999 99999 99999 99999 99999 99999 100000 100000 100000 100000 100000 100000 100000 100000 100000 100000 ]
[ 99999 99999 99999 99999 99999 99999 99999 99999 99999 99999 99999 99999 99999 99999 99999 99999 100000 100000 100000 100000 100000 100000 100000 100000 100000 ]
[ 99999 99999 99999 99999 99999 99999 99999 99999 99999 99999 99999 99999 99999 99999 99999 99999 99999 100000 100000 100000 100000 100000 100000 100000 100000 ]
[ 99999 99999 99999 99999 99999 99999 99999 99999 99999 99999 99999 99999 99999 99999 99999 99999 99999 99999 100000 100000 100000 100000 100000 100000 100000 ]
[ 99999 99999 99999 99999 99999 99999 99999 99999 99999 99999 99999 99999 99999 99999 99999 99999 99999 99999 99999 100000 100000 100000 100000 100000 100000 ]

Timer (generate): 229ms real	180ms user	30ms sys
[ 100000 100000 100000 100000 100000 100000 100000 100000 100000 100000 100000 100000 100000 100000 100000 100000 100000 100000 100000 100000 100000 100000 100000 100000 100000 ]
[ 99999 100000 100000 100000 100000 100000 100000 100000 100000 100000 100000 100000 100000 100000 100000 100000 100000 100000 100000 100000 100000 100000 100000 100000 100000 ]
[ 99999 99999 100000 100000 100000 100000 100000 100000 100000 100000 100000 100000 100000 100000 100000 100000 100000 100000 100000 100000 100000 100000 100000 100000 100000 ]
[ 99999 99999 99999 100000 100000 100000 100000 100000 100000 100000 100000 100000 100000 100000 100000 100000 100000 100000 100000 100000 100000 100000 100000 100000 100000 ]
[ 99999 99999 99999 99999 100000 100000 100000 100000 100000 100000 100000 100000 100000 100000 100000 100000 100000 100000 100000 100000 100000 100000 100000 100000 100000 ]
[ 99999 99999 99999 99999 99999 100000 100000 100000 100000 100000 100000 100000 100000 100000 100000 100000 100000 100000 100000 100000 100000 100000 100000 100000 100000 ]
[ 99999 99999 99999 99999 99999 99999 100000 100000 100000 100000 100000 100000 100000 100000 100000 100000 100000 100000 100000 100000 100000 100000 100000 100000 100000 ]
[ 99999 99999 99999 99999 99999 99999 99999 100000 100000 100000 100000 100000 100000 100000 100000 100000 100000 100000 100000 100000 100000 100000 100000 100000 100000 ]
[ 99999 99999 99999 99999 99999 99999 99999 99999 100000 100000 100000 100000 100000 100000 100000 100000 100000 100000 100000 100000 100000 100000 100000 100000 100000 ]
[ 99999 99999 99999 99999 99999 99999 99999 99999 99999 100000 100000 100000 100000 100000 100000 100000 100000 100000 100000 100000 100000 100000 100000 100000 100000 ]
[ 99999 99999 99999 99999 99999 99999 99999 99999 99999 99999 100000 100000 100000 100000 100000 100000 100000 100000 100000 100000 100000 100000 100000 100000 100000 ]
[ 99999 99999 99999 99999 99999 99999 99999 99999 99999 99999 99999 100000 100000 100000 100000 100000 100000 100000 100000 100000 100000 100000 100000 100000 100000 ]
[ 99999 99999 99999 99999 99999 99999 99999 99999 99999 99999 99999 99999 100000 100000 100000 100000 100000 100000 100000 100000 100000 100000 100000 100000 100000 ]
[ 99999 99999 99999 99999 99999 99999 99999 99999 99999 99999 99999 99999 99999 100000 100000 100000 100000 100000 100000 100000 100000 100000 100000 100000 100000 ]
[ 99999 99999 99999 99999 99999 99999 99999 99999 99999 99999 99999 99999 99999 99999 100000 100000 100000 100000 100000 100000 100000 100000 100000 100000 100000 ]
[ 99999 99999 99999 99999 99999 99999 99999 99999 99999 99999 99999 99999 99999 99999 99999 100000 100000 100000 100000 100000 100000 100000 100000 100000 100000 ]
[ 99999 99999 99999 99999 99999 99999 99999 99999 99999 99999 99999 99999 99999 99999 99999 99999 100000 100000 100000 100000 100000 100000 100000 100000 100000 ]
[ 99999 99999 99999 99999 99999 99999 99999 99999 99999 99999 99999 99999 99999 99999 99999 99999 99999 100000 100000 100000 100000 100000 100000 100000 100000 ]
[ 99999 99999 99999 99999 99999 99999 99999 99999 99999 99999 99999 99999 99999 99999 99999 99999 99999 99999 100000 100000 100000 100000 100000 100000 100000 ]
[ 99999 99999 99999 99999 99999 99999 99999 99999 99999 99999 99999 99999 99999 99999 99999 99999 99999 99999 99999 100000 100000 100000 100000 100000 100000 ]

