Timer (generate): 14ms real	0ms user	10ms sys
[ 4000 4000 4000 4000 4000 4000 4000 4000 4000 4000 4000 4000 4000 4000 4000 4000 4000 4000 4000 4000 4000 4000 4000 4000 4000 ]
[ 3999 4000 4000 4000 4000 4000 4000 4000 4000 4000 4000 4000 4000 4000 4000 4000 4000 4000 4000 4000 4000 4000 4000 4000 4000 ]
[ 3999 3999 4000 4000 4000 4000 4000 4000 4000 4000 4000 4000 4000 4000 4000 4000 4000 4000 4000 4000 4000 4000 4000 4000 4000 ]
[ 3999 3999 3999 4000 4000 4000 4000 4000 4000 4000 4000 4000 4000 4000 4000 4000 4000 4000 4000 4000 4000 4000 4000 4000 4000 ]
[ 3999 3999 3999 3999 4000 4000 4000 4000 4000 4000 4000 4000 4000 4000 4000 4000 4000 4000 4000 4000 4000 4000 4000 4000 4000 ]
[ 3999 3999 3999 3999 3999 4000 4000 4000 4000 4000 4000 4000 4000 4000 4000 4000 4000 4000 4000 4000 4000 4000 4000 4000 4000 ]
[ 3999 3999 3999 3999 3999 3999 4000 4000 4000 4000 4000 4000 4000 4000 4000 4000 4000 4000 4000 4000 4000 4000 4000 4000 4000 ]
[ 3999 3999 3999 3999 3999 3999 3999 4000 4000 4000 4000 4000 4000 4000 4000 4000 4000 4000 4000 4000 4000 4000 4000 4000 4000 ]
[ 3999 3999 3999 3999 3999 3999 3999 3999 4000 4000 4000 4000 4000 4000 4000 4000 4000 4000 4000 4000 4000 4000 4000 4000 4000 ]
[ 3999 3999 3999 3999 3999 3999 3999 3999 3999 4000 4000 4000 4000 4000 4000 4000 4000 4000 4000 4000 4000 4000 4000 4000 4000 ]
[ 3999 3999 3999 3999 3999 3999 3999 3999 3999 3999 4000 4000 4000 4000 4000 4000 4000 4000 4000 4000 4000 4000 4000 4000 4000 ]
[ 3999 3999 3999 3999 3999 3999 3999 3999 3999 3999 3999 4000 4000 4000 4000 4000 4000 4000 4000 4000 4000 4000 4000 4000 4000 ]
[ 3999 3999 3999 3999 3999 3999 3999 3999 3999 3999 3999 3999 4000 4000 4000 4000 4000 4000 4000 4000 4000 4000 4000 4000 4000 ]
[ 3999 3999 3999 3999 3999 3999 3999 3999 3999 3999 3999 3999 3999 4000 4000 4000 4000 4000 4000 4000 4000 4000 4000 4000 4000 ]
[ 3999 3999 3999 3999 3999 3999 3999 3999 3999 3999 3999 3999 3999 3999 4000 4000 4000 4000 4000 4000 4000 4000 4000 4000 4000 ]
[ 3999 3999 3999 3999 3999 3999 3999 3999 3999 3999 3999 3999 3999 3999 3999 4000 4000 4000 4000 4000 4000 4000 4000 4000 4000 ]
[ 3999 3999 3999 3999 3999 3999 3999 3999 3999 3999 3999 3999 3999 3999 3999 3999 4000 4000 4000 4000 4000 4000 4000 4000 4000 ]
[ 3999 3999 3999 3999 3999 3999 3999 3999 3999 3999 3999 3999 3999 3999 3999 3999 3999 4000 4000 4000 4000 4000 4000 4000 4000 ]
[ 3999 3999 3999 3999 3999 3999 3999 3999 3999 3999 3999 3999 3999 3999 3999 3999 3999 3999 4000 4000 4000 4000 4000 4000 4000 ]
[ 3999 3999 3999 3999 3999 3999 3999 3999 3999 3999 3999 3999 3999 3999 3999 3999 3999 3999 3999 4000 4000 4000 4000 4000 4000 ]

Timer (sort): 23718ms real	18780ms user	50ms sys
The output is sorted!
[ 0 0 0 0 0 0 0 0 0 0 0 0 0 0 0 0 0 0 0 0 0 0 0 0 1 ]
[ 0 0 0 0 0 0 0 0 0 0 0 0 0 0 0 0 0 0 0 0 0 0 0 1 1 ]
[ 0 0 0 0 0 0 0 0 0 0 0 0 0 0 0 0 0 0 0 0 0 0 1 1 1 ]
[ 0 0 0 0 0 0 0 0 0 0 0 0 0 0 0 0 0 0 0 0 0 1 1 1 1 ]
[ 0 0 0 0 0 0 0 0 0 0 0 0 0 0 0 0 0 0 0 0 1 1 1 1 1 ]
[ 0 0 0 0 0 0 0 0 0 0 0 0 0 0 0 0 0 0 0 1 1 1 1 1 1 ]
[ 0 0 0 0 0 0 0 0 0 0 0 0 0 0 0 0 0 0 1 1 1 1 1 1 1 ]
[ 0 0 0 0 0 0 0 0 0 0 0 0 0 0 0 0 0 1 1 1 1 1 1 1 1 ]
[ 0 0 0 0 0 0 0 0 0 0 0 0 0 0 0 0 1 1 1 1 1 1 1 1 1 ]
[ 0 0 0 0 0 0 0 0 0 0 0 0 0 0 0 1 1 1 1 1 1 1 1 1 1 ]
[ 0 0 0 0 0 0 0 0 0 0 0 0 0 0 1 1 1 1 1 1 1 1 1 1 1 ]
[ 0 0 0 0 0 0 0 0 0 0 0 0 0 1 1 1 1 1 1 1 1 1 1 1 1 ]
[ 0 0 0 0 0 0 0 0 0 0 0 0 1 1 1 1 1 1 1 1 1 1 1 1 1 ]
[ 0 0 0 0 0 0 0 0 0 0 0 1 1 1 1 1 1 1 1 1 1 1 1 1 1 ]
[ 0 0 0 0 0 0 0 0 0 0 1 1 1 1 1 1 1 1 1 1 1 1 1 1 1 ]
[ 0 0 0 0 0 0 0 0 0 1 1 1 1 1 1 1 1 1 1 1 1 1 1 1 1 ]
[ 0 0 0 0 0 0 0 0 1 1 1 1 1 1 1 1 1 1 1 1 1 1 1 1 1 ]
[ 0 0 0 0 0 0 0 1 1 1 1 1 1 1 1 1 1 1 1 1 1 1 1 1 1 ]
[ 0 0 0 0 0 0 1 1 1 1 1 1 1 1 1 1 1 1 1 1 1 1 1 1 1 ]
[ 0 0 0 0 0 1 1 1 1 1 1 1 1 1 1 1 1 1 1 1 1 1 1 1 1 ]

Timer (generate): 37ms real	0ms user	0ms sys
[ 4000 4000 4000 4000 4000 4000 4000 4000 4000 4000 4000 4000 4000 4000 4000 4000 4000 4000 4000 4000 4000 4000 4000 4000 4000 ]
[ 3999 4000 4000 4000 4000 4000 4000 4000 4000 4000 4000 4000 4000 4000 4000 4000 4000 4000 4000 4000 4000 4000 4000 4000 4000 ]
[ 3999 3999 4000 4000 4000 4000 4000 4000 4000 4000 4000 4000 4000 4000 4000 4000 4000 4000 4000 4000 4000 4000 4000 4000 4000 ]
[ 3999 3999 3999 4000 4000 4000 4000 4000 4000 4000 4000 4000 4000 4000 4000 4000 4000 4000 4000 4000 4000 4000 4000 4000 4000 ]
[ 3999 3999 3999 3999 4000 4000 4000 4000 4000 4000 4000 4000 4000 4000 4000 4000 4000 4000 4000 4000 4000 4000 4000 4000 4000 ]
[ 3999 3999 3999 3999 3999 4000 4000 4000 4000 4000 4000 4000 4000 4000 4000 4000 4000 4000 4000 4000 4000 4000 4000 4000 4000 ]
[ 3999 3999 3999 3999 3999 3999 4000 4000 4000 4000 4000 4000 4000 4000 4000 4000 4000 4000 4000 4000 4000 4000 4000 4000 4000 ]
[ 3999 3999 3999 3999 3999 3999 3999 4000 4000 4000 4000 4000 4000 4000 4000 4000 4000 4000 4000 4000 4000 4000 4000 4000 4000 ]
[ 3999 3999 3999 3999 3999 3999 3999 3999 4000 4000 4000 4000 4000 4000 4000 4000 4000 4000 4000 4000 4000 4000 4000 4000 4000 ]
[ 3999 3999 3999 3999 3999 3999 3999 3999 3999 4000 4000 4000 4000 4000 4000 4000 4000 4000 4000 4000 4000 4000 4000 4000 4000 ]
[ 3999 3999 3999 3999 3999 3999 3999 3999 3999 3999 4000 4000 4000 4000 4000 4000 4000 4000 4000 4000 4000 4000 4000 4000 4000 ]
[ 3999 3999 3999 3999 3999 3999 3999 3999 3999 3999 3999 4000 4000 4000 4000 4000 4000 4000 4000 4000 4000 4000 4000 4000 4000 ]
[ 3999 3999 3999 3999 3999 3999 3999 3999 3999 3999 3999 3999 4000 4000 4000 4000 4000 4000 4000 4000 4000 4000 4000 4000 4000 ]
[ 3999 3999 3999 3999 3999 3999 3999 3999 3999 3999 3999 3999 3999 4000 4000 4000 4000 4000 4000 4000 4000 4000 4000 4000 4000 ]
[ 3999 3999 3999 3999 3999 3999 3999 3999 3999 3999 3999 3999 3999 3999 4000 4000 4000 4000 4000 4000 4000 4000 4000 4000 4000 ]
[ 3999 3999 3999 3999 3999 3999 3999 3999 3999 3999 3999 3999 3999 3999 3999 4000 4000 4000 4000 4000 4000 4000 4000 4000 4000 ]
[ 3999 3999 3999 3999 3999 3999 3999 3999 3999 3999 3999 3999 3999 3999 3999 3999 4000 4000 4000 4000 4000 4000 4000 4000 4000 ]
[ 3999 3999 3999 3999 3999 3999 3999 3999 3999 3999 3999 3999 3999 3999 3999 3999 3999 4000 4000 4000 4000 4000 4000 4000 4000 ]
[ 3999 3999 3999 3999 3999 3999 3999 3999 3999 3999 3999 3999 3999 3999 3999 3999 3999 3999 4000 4000 4000 4000 4000 4000 4000 ]
[ 3999 3999 3999 3999 3999 3999 3999 3999 3999 3999 3999 3999 3999 3999 3999 3999 3999 3999 3999 4000 4000 4000 4000 4000 4000 ]

Timer (sort): 22488ms real	19310ms user	60ms sys
The output is sorted!
[ 0 0 0 0 0 0 0 0 0 0 0 0 0 0 0 0 0 0 0 0 0 0 0 0 1 ]
[ 0 0 0 0 0 0 0 0 0 0 0 0 0 0 0 0 0 0 0 0 0 0 0 1 1 ]
[ 0 0 0 0 0 0 0 0 0 0 0 0 0 0 0 0 0 0 0 0 0 0 1 1 1 ]
[ 0 0 0 0 0 0 0 0 0 0 0 0 0 0 0 0 0 0 0 0 0 1 1 1 1 ]
[ 0 0 0 0 0 0 0 0 0 0 0 0 0 0 0 0 0 0 0 0 1 1 1 1 1 ]
[ 0 0 0 0 0 0 0 0 0 0 0 0 0 0 0 0 0 0 0 1 1 1 1 1 1 ]
[ 0 0 0 0 0 0 0 0 0 0 0 0 0 0 0 0 0 0 1 1 1 1 1 1 1 ]
[ 0 0 0 0 0 0 0 0 0 0 0 0 0 0 0 0 0 1 1 1 1 1 1 1 1 ]
[ 0 0 0 0 0 0 0 0 0 0 0 0 0 0 0 0 1 1 1 1 1 1 1 1 1 ]
[ 0 0 0 0 0 0 0 0 0 0 0 0 0 0 0 1 1 1 1 1 1 1 1 1 1 ]
[ 0 0 0 0 0 0 0 0 0 0 0 0 0 0 1 1 1 1 1 1 1 1 1 1 1 ]
[ 0 0 0 0 0 0 0 0 0 0 0 0 0 1 1 1 1 1 1 1 1 1 1 1 1 ]
[ 0 0 0 0 0 0 0 0 0 0 0 0 1 1 1 1 1 1 1 1 1 1 1 1 1 ]
[ 0 0 0 0 0 0 0 0 0 0 0 1 1 1 1 1 1 1 1 1 1 1 1 1 1 ]
[ 0 0 0 0 0 0 0 0 0 0 1 1 1 1 1 1 1 1 1 1 1 1 1 1 1 ]
[ 0 0 0 0 0 0 0 0 0 1 1 1 1 1 1 1 1 1 1 1 1 1 1 1 1 ]
[ 0 0 0 0 0 0 0 0 1 1 1 1 1 1 1 1 1 1 1 1 1 1 1 1 1 ]
[ 0 0 0 0 0 0 0 1 1 1 1 1 1 1 1 1 1 1 1 1 1 1 1 1 1 ]
[ 0 0 0 0 0 0 1 1 1 1 1 1 1 1 1 1 1 1 1 1 1 1 1 1 1 ]
[ 0 0 0 0 0 1 1 1 1 1 1 1 1 1 1 1 1 1 1 1 1 1 1 1 1 ]

Timer (generate): 14ms real	10ms user	0ms sys
[ 4000 4000 4000 4000 4000 4000 4000 4000 4000 4000 4000 4000 4000 4000 4000 4000 4000 4000 4000 4000 4000 4000 4000 4000 4000 ]
[ 3999 4000 4000 4000 4000 4000 4000 4000 4000 4000 4000 4000 4000 4000 4000 4000 4000 4000 4000 4000 4000 4000 4000 4000 4000 ]
[ 3999 3999 4000 4000 4000 4000 4000 4000 4000 4000 4000 4000 4000 4000 4000 4000 4000 4000 4000 4000 4000 4000 4000 4000 4000 ]
[ 3999 3999 3999 4000 4000 4000 4000 4000 4000 4000 4000 4000 4000 4000 4000 4000 4000 4000 4000 4000 4000 4000 4000 4000 4000 ]
[ 3999 3999 3999 3999 4000 4000 4000 4000 4000 4000 4000 4000 4000 4000 4000 4000 4000 4000 4000 4000 4000 4000 4000 4000 4000 ]
[ 3999 3999 3999 3999 3999 4000 4000 4000 4000 4000 4000 4000 4000 4000 4000 4000 4000 4000 4000 4000 4000 4000 4000 4000 4000 ]
[ 3999 3999 3999 3999 3999 3999 4000 4000 4000 4000 4000 4000 4000 4000 4000 4000 4000 4000 4000 4000 4000 4000 4000 4000 4000 ]
[ 3999 3999 3999 3999 3999 3999 3999 4000 4000 4000 4000 4000 4000 4000 4000 4000 4000 4000 4000 4000 4000 4000 4000 4000 4000 ]
[ 3999 3999 3999 3999 3999 3999 3999 3999 4000 4000 4000 4000 4000 4000 4000 4000 4000 4000 4000 4000 4000 4000 4000 4000 4000 ]
[ 3999 3999 3999 3999 3999 3999 3999 3999 3999 4000 4000 4000 4000 4000 4000 4000 4000 4000 4000 4000 4000 4000 4000 4000 4000 ]
[ 3999 3999 3999 3999 3999 3999 3999 3999 3999 3999 4000 4000 4000 4000 4000 4000 4000 4000 4000 4000 4000 4000 4000 4000 4000 ]
[ 3999 3999 3999 3999 3999 3999 3999 3999 3999 3999 3999 4000 4000 4000 4000 4000 4000 4000 4000 4000 4000 4000 4000 4000 4000 ]
[ 3999 3999 3999 3999 3999 3999 3999 3999 3999 3999 3999 3999 4000 4000 4000 4000 4000 4000 4000 4000 4000 4000 4000 4000 4000 ]
[ 3999 3999 3999 3999 3999 3999 3999 3999 3999 3999 3999 3999 3999 4000 4000 4000 4000 4000 4000 4000 4000 4000 4000 4000 4000 ]
[ 3999 3999 3999 3999 3999 3999 3999 3999 3999 3999 3999 3999 3999 3999 4000 4000 4000 4000 4000 4000 4000 4000 4000 4000 4000 ]
[ 3999 3999 3999 3999 3999 3999 3999 3999 3999 3999 3999 3999 3999 3999 3999 4000 4000 4000 4000 4000 4000 4000 4000 4000 4000 ]
[ 3999 3999 3999 3999 3999 3999 3999 3999 3999 3999 3999 3999 3999 3999 3999 3999 4000 4000 4000 4000 4000 4000 4000 4000 4000 ]
[ 3999 3999 3999 3999 3999 3999 3999 3999 3999 3999 3999 3999 3999 3999 3999 3999 3999 4000 4000 4000 4000 4000 4000 4000 4000 ]
[ 3999 3999 3999 3999 3999 3999 3999 3999 3999 3999 3999 3999 3999 3999 3999 3999 3999 3999 4000 4000 4000 4000 4000 4000 4000 ]
[ 3999 3999 3999 3999 3999 3999 3999 3999 3999 3999 3999 3999 3999 3999 3999 3999 3999 3999 3999 4000 4000 4000 4000 4000 4000 ]

Timer (sort): 21335ms real	17590ms user	20ms sys
The output is sorted!
[ 0 0 0 0 0 0 0 0 0 0 0 0 0 0 0 0 0 0 0 0 0 0 0 0 1 ]
[ 0 0 0 0 0 0 0 0 0 0 0 0 0 0 0 0 0 0 0 0 0 0 0 1 1 ]
[ 0 0 0 0 0 0 0 0 0 0 0 0 0 0 0 0 0 0 0 0 0 0 1 1 1 ]
[ 0 0 0 0 0 0 0 0 0 0 0 0 0 0 0 0 0 0 0 0 0 1 1 1 1 ]
[ 0 0 0 0 0 0 0 0 0 0 0 0 0 0 0 0 0 0 0 0 1 1 1 1 1 ]
[ 0 0 0 0 0 0 0 0 0 0 0 0 0 0 0 0 0 0 0 1 1 1 1 1 1 ]
[ 0 0 0 0 0 0 0 0 0 0 0 0 0 0 0 0 0 0 1 1 1 1 1 1 1 ]
[ 0 0 0 0 0 0 0 0 0 0 0 0 0 0 0 0 0 1 1 1 1 1 1 1 1 ]
[ 0 0 0 0 0 0 0 0 0 0 0 0 0 0 0 0 1 1 1 1 1 1 1 1 1 ]
[ 0 0 0 0 0 0 0 0 0 0 0 0 0 0 0 1 1 1 1 1 1 1 1 1 1 ]
[ 0 0 0 0 0 0 0 0 0 0 0 0 0 0 1 1 1 1 1 1 1 1 1 1 1 ]
[ 0 0 0 0 0 0 0 0 0 0 0 0 0 1 1 1 1 1 1 1 1 1 1 1 1 ]
[ 0 0 0 0 0 0 0 0 0 0 0 0 1 1 1 1 1 1 1 1 1 1 1 1 1 ]
[ 0 0 0 0 0 0 0 0 0 0 0 1 1 1 1 1 1 1 1 1 1 1 1 1 1 ]
[ 0 0 0 0 0 0 0 0 0 0 1 1 1 1 1 1 1 1 1 1 1 1 1 1 1 ]
[ 0 0 0 0 0 0 0 0 0 1 1 1 1 1 1 1 1 1 1 1 1 1 1 1 1 ]
[ 0 0 0 0 0 0 0 0 1 1 1 1 1 1 1 1 1 1 1 1 1 1 1 1 1 ]
[ 0 0 0 0 0 0 0 1 1 1 1 1 1 1 1 1 1 1 1 1 1 1 1 1 1 ]
[ 0 0 0 0 0 0 1 1 1 1 1 1 1 1 1 1 1 1 1 1 1 1 1 1 1 ]
[ 0 0 0 0 0 1 1 1 1 1 1 1 1 1 1 1 1 1 1 1 1 1 1 1 1 ]

Timer (generate): 13ms real	10ms user	0ms sys
[ 4000 4000 4000 4000 4000 4000 4000 4000 4000 4000 4000 4000 4000 4000 4000 4000 4000 4000 4000 4000 4000 4000 4000 4000 4000 ]
[ 3999 4000 4000 4000 4000 4000 4000 4000 4000 4000 4000 4000 4000 4000 4000 4000 4000 4000 4000 4000 4000 4000 4000 4000 4000 ]
[ 3999 3999 4000 4000 4000 4000 4000 4000 4000 4000 4000 4000 4000 4000 4000 4000 4000 4000 4000 4000 4000 4000 4000 4000 4000 ]
[ 3999 3999 3999 4000 4000 4000 4000 4000 4000 4000 4000 4000 4000 4000 4000 4000 4000 4000 4000 4000 4000 4000 4000 4000 4000 ]
[ 3999 3999 3999 3999 4000 4000 4000 4000 4000 4000 4000 4000 4000 4000 4000 4000 4000 4000 4000 4000 4000 4000 4000 4000 4000 ]
[ 3999 3999 3999 3999 3999 4000 4000 4000 4000 4000 4000 4000 4000 4000 4000 4000 4000 4000 4000 4000 4000 4000 4000 4000 4000 ]
[ 3999 3999 3999 3999 3999 3999 4000 4000 4000 4000 4000 4000 4000 4000 4000 4000 4000 4000 4000 4000 4000 4000 4000 4000 4000 ]
[ 3999 3999 3999 3999 3999 3999 3999 4000 4000 4000 4000 4000 4000 4000 4000 4000 4000 4000 4000 4000 4000 4000 4000 4000 4000 ]
[ 3999 3999 3999 3999 3999 3999 3999 3999 4000 4000 4000 4000 4000 4000 4000 4000 4000 4000 4000 4000 4000 4000 4000 4000 4000 ]
[ 3999 3999 3999 3999 3999 3999 3999 3999 3999 4000 4000 4000 4000 4000 4000 4000 4000 4000 4000 4000 4000 4000 4000 4000 4000 ]
[ 3999 3999 3999 3999 3999 3999 3999 3999 3999 3999 4000 4000 4000 4000 4000 4000 4000 4000 4000 4000 4000 4000 4000 4000 4000 ]
[ 3999 3999 3999 3999 3999 3999 3999 3999 3999 3999 3999 4000 4000 4000 4000 4000 4000 4000 4000 4000 4000 4000 4000 4000 4000 ]
[ 3999 3999 3999 3999 3999 3999 3999 3999 3999 3999 3999 3999 4000 4000 4000 4000 4000 4000 4000 4000 4000 4000 4000 4000 4000 ]
[ 3999 3999 3999 3999 3999 3999 3999 3999 3999 3999 3999 3999 3999 4000 4000 4000 4000 4000 4000 4000 4000 4000 4000 4000 4000 ]
[ 3999 3999 3999 3999 3999 3999 3999 3999 3999 3999 3999 3999 3999 3999 4000 4000 4000 4000 4000 4000 4000 4000 4000 4000 4000 ]
[ 3999 3999 3999 3999 3999 3999 3999 3999 3999 3999 3999 3999 3999 3999 3999 4000 4000 4000 4000 4000 4000 4000 4000 4000 4000 ]
[ 3999 3999 3999 3999 3999 3999 3999 3999 3999 3999 3999 3999 3999 3999 3999 3999 4000 4000 4000 4000 4000 4000 4000 4000 4000 ]
[ 3999 3999 3999 3999 3999 3999 3999 3999 3999 3999 3999 3999 3999 3999 3999 3999 3999 4000 4000 4000 4000 4000 4000 4000 4000 ]
[ 3999 3999 3999 3999 3999 3999 3999 3999 3999 3999 3999 3999 3999 3999 3999 3999 3999 3999 4000 4000 4000 4000 4000 4000 4000 ]
[ 3999 3999 3999 3999 3999 3999 3999 3999 3999 3999 3999 3999 3999 3999 3999 3999 3999 3999 3999 4000 4000 4000 4000 4000 4000 ]

Timer (sort): 18929ms real	16540ms user	60ms sys
The output is sorted!
[ 0 0 0 0 0 0 0 0 0 0 0 0 0 0 0 0 0 0 0 0 0 0 0 0 1 ]
[ 0 0 0 0 0 0 0 0 0 0 0 0 0 0 0 0 0 0 0 0 0 0 0 1 1 ]
[ 0 0 0 0 0 0 0 0 0 0 0 0 0 0 0 0 0 0 0 0 0 0 1 1 1 ]
[ 0 0 0 0 0 0 0 0 0 0 0 0 0 0 0 0 0 0 0 0 0 1 1 1 1 ]
[ 0 0 0 0 0 0 0 0 0 0 0 0 0 0 0 0 0 0 0 0 1 1 1 1 1 ]
[ 0 0 0 0 0 0 0 0 0 0 0 0 0 0 0 0 0 0 0 1 1 1 1 1 1 ]
[ 0 0 0 0 0 0 0 0 0 0 0 0 0 0 0 0 0 0 1 1 1 1 1 1 1 ]
[ 0 0 0 0 0 0 0 0 0 0 0 0 0 0 0 0 0 1 1 1 1 1 1 1 1 ]
[ 0 0 0 0 0 0 0 0 0 0 0 0 0 0 0 0 1 1 1 1 1 1 1 1 1 ]
[ 0 0 0 0 0 0 0 0 0 0 0 0 0 0 0 1 1 1 1 1 1 1 1 1 1 ]
[ 0 0 0 0 0 0 0 0 0 0 0 0 0 0 1 1 1 1 1 1 1 1 1 1 1 ]
[ 0 0 0 0 0 0 0 0 0 0 0 0 0 1 1 1 1 1 1 1 1 1 1 1 1 ]
[ 0 0 0 0 0 0 0 0 0 0 0 0 1 1 1 1 1 1 1 1 1 1 1 1 1 ]
[ 0 0 0 0 0 0 0 0 0 0 0 1 1 1 1 1 1 1 1 1 1 1 1 1 1 ]
[ 0 0 0 0 0 0 0 0 0 0 1 1 1 1 1 1 1 1 1 1 1 1 1 1 1 ]
[ 0 0 0 0 0 0 0 0 0 1 1 1 1 1 1 1 1 1 1 1 1 1 1 1 1 ]
[ 0 0 0 0 0 0 0 0 1 1 1 1 1 1 1 1 1 1 1 1 1 1 1 1 1 ]
[ 0 0 0 0 0 0 0 1 1 1 1 1 1 1 1 1 1 1 1 1 1 1 1 1 1 ]
[ 0 0 0 0 0 0 1 1 1 1 1 1 1 1 1 1 1 1 1 1 1 1 1 1 1 ]
[ 0 0 0 0 0 1 1 1 1 1 1 1 1 1 1 1 1 1 1 1 1 1 1 1 1 ]

Timer (generate): 13ms real	0ms user	0ms sys
[ 4000 4000 4000 4000 4000 4000 4000 4000 4000 4000 4000 4000 4000 4000 4000 4000 4000 4000 4000 4000 4000 4000 4000 4000 4000 ]
[ 3999 4000 4000 4000 4000 4000 4000 4000 4000 4000 4000 4000 4000 4000 4000 4000 4000 4000 4000 4000 4000 4000 4000 4000 4000 ]
[ 3999 3999 4000 4000 4000 4000 4000 4000 4000 4000 4000 4000 4000 4000 4000 4000 4000 4000 4000 4000 4000 4000 4000 4000 4000 ]
[ 3999 3999 3999 4000 4000 4000 4000 4000 4000 4000 4000 4000 4000 4000 4000 4000 4000 4000 4000 4000 4000 4000 4000 4000 4000 ]
[ 3999 3999 3999 3999 4000 4000 4000 4000 4000 4000 4000 4000 4000 4000 4000 4000 4000 4000 4000 4000 4000 4000 4000 4000 4000 ]
[ 3999 3999 3999 3999 3999 4000 4000 4000 4000 4000 4000 4000 4000 4000 4000 4000 4000 4000 4000 4000 4000 4000 4000 4000 4000 ]
[ 3999 3999 3999 3999 3999 3999 4000 4000 4000 4000 4000 4000 4000 4000 4000 4000 4000 4000 4000 4000 4000 4000 4000 4000 4000 ]
[ 3999 3999 3999 3999 3999 3999 3999 4000 4000 4000 4000 4000 4000 4000 4000 4000 4000 4000 4000 4000 4000 4000 4000 4000 4000 ]
[ 3999 3999 3999 3999 3999 3999 3999 3999 4000 4000 4000 4000 4000 4000 4000 4000 4000 4000 4000 4000 4000 4000 4000 4000 4000 ]
[ 3999 3999 3999 3999 3999 3999 3999 3999 3999 4000 4000 4000 4000 4000 4000 4000 4000 4000 4000 4000 4000 4000 4000 4000 4000 ]
[ 3999 3999 3999 3999 3999 3999 3999 3999 3999 3999 4000 4000 4000 4000 4000 4000 4000 4000 4000 4000 4000 4000 4000 4000 4000 ]
[ 3999 3999 3999 3999 3999 3999 3999 3999 3999 3999 3999 4000 4000 4000 4000 4000 4000 4000 4000 4000 4000 4000 4000 4000 4000 ]
[ 3999 3999 3999 3999 3999 3999 3999 3999 3999 3999 3999 3999 4000 4000 4000 4000 4000 4000 4000 4000 4000 4000 4000 4000 4000 ]
[ 3999 3999 3999 3999 3999 3999 3999 3999 3999 3999 3999 3999 3999 4000 4000 4000 4000 4000 4000 4000 4000 4000 4000 4000 4000 ]
[ 3999 3999 3999 3999 3999 3999 3999 3999 3999 3999 3999 3999 3999 3999 4000 4000 4000 4000 4000 4000 4000 4000 4000 4000 4000 ]
[ 3999 3999 3999 3999 3999 3999 3999 3999 3999 3999 3999 3999 3999 3999 3999 4000 4000 4000 4000 4000 4000 4000 4000 4000 4000 ]
[ 3999 3999 3999 3999 3999 3999 3999 3999 3999 3999 3999 3999 3999 3999 3999 3999 4000 4000 4000 4000 4000 4000 4000 4000 4000 ]
[ 3999 3999 3999 3999 3999 3999 3999 3999 3999 3999 3999 3999 3999 3999 3999 3999 3999 4000 4000 4000 4000 4000 4000 4000 4000 ]
[ 3999 3999 3999 3999 3999 3999 3999 3999 3999 3999 3999 3999 3999 3999 3999 3999 3999 3999 4000 4000 4000 4000 4000 4000 4000 ]
[ 3999 3999 3999 3999 3999 3999 3999 3999 3999 3999 3999 3999 3999 3999 3999 3999 3999 3999 3999 4000 4000 4000 4000 4000 4000 ]

Timer (sort): 17448ms real	16550ms user	10ms sys
The output is sorted!
[ 0 0 0 0 0 0 0 0 0 0 0 0 0 0 0 0 0 0 0 0 0 0 0 0 1 ]
[ 0 0 0 0 0 0 0 0 0 0 0 0 0 0 0 0 0 0 0 0 0 0 0 1 1 ]
[ 0 0 0 0 0 0 0 0 0 0 0 0 0 0 0 0 0 0 0 0 0 0 1 1 1 ]
[ 0 0 0 0 0 0 0 0 0 0 0 0 0 0 0 0 0 0 0 0 0 1 1 1 1 ]
[ 0 0 0 0 0 0 0 0 0 0 0 0 0 0 0 0 0 0 0 0 1 1 1 1 1 ]
[ 0 0 0 0 0 0 0 0 0 0 0 0 0 0 0 0 0 0 0 1 1 1 1 1 1 ]
[ 0 0 0 0 0 0 0 0 0 0 0 0 0 0 0 0 0 0 1 1 1 1 1 1 1 ]
[ 0 0 0 0 0 0 0 0 0 0 0 0 0 0 0 0 0 1 1 1 1 1 1 1 1 ]
[ 0 0 0 0 0 0 0 0 0 0 0 0 0 0 0 0 1 1 1 1 1 1 1 1 1 ]
[ 0 0 0 0 0 0 0 0 0 0 0 0 0 0 0 1 1 1 1 1 1 1 1 1 1 ]
[ 0 0 0 0 0 0 0 0 0 0 0 0 0 0 1 1 1 1 1 1 1 1 1 1 1 ]
[ 0 0 0 0 0 0 0 0 0 0 0 0 0 1 1 1 1 1 1 1 1 1 1 1 1 ]
[ 0 0 0 0 0 0 0 0 0 0 0 0 1 1 1 1 1 1 1 1 1 1 1 1 1 ]
[ 0 0 0 0 0 0 0 0 0 0 0 1 1 1 1 1 1 1 1 1 1 1 1 1 1 ]
[ 0 0 0 0 0 0 0 0 0 0 1 1 1 1 1 1 1 1 1 1 1 1 1 1 1 ]
[ 0 0 0 0 0 0 0 0 0 1 1 1 1 1 1 1 1 1 1 1 1 1 1 1 1 ]
[ 0 0 0 0 0 0 0 0 1 1 1 1 1 1 1 1 1 1 1 1 1 1 1 1 1 ]
[ 0 0 0 0 0 0 0 1 1 1 1 1 1 1 1 1 1 1 1 1 1 1 1 1 1 ]
[ 0 0 0 0 0 0 1 1 1 1 1 1 1 1 1 1 1 1 1 1 1 1 1 1 1 ]
[ 0 0 0 0 0 1 1 1 1 1 1 1 1 1 1 1 1 1 1 1 1 1 1 1 1 ]

Timer (generate): 13ms real	10ms user	0ms sys
[ 4000 4000 4000 4000 4000 4000 4000 4000 4000 4000 4000 4000 4000 4000 4000 4000 4000 4000 4000 4000 4000 4000 4000 4000 4000 ]
[ 3999 4000 4000 4000 4000 4000 4000 4000 4000 4000 4000 4000 4000 4000 4000 4000 4000 4000 4000 4000 4000 4000 4000 4000 4000 ]
[ 3999 3999 4000 4000 4000 4000 4000 4000 4000 4000 4000 4000 4000 4000 4000 4000 4000 4000 4000 4000 4000 4000 4000 4000 4000 ]
[ 3999 3999 3999 4000 4000 4000 4000 4000 4000 4000 4000 4000 4000 4000 4000 4000 4000 4000 4000 4000 4000 4000 4000 4000 4000 ]
[ 3999 3999 3999 3999 4000 4000 4000 4000 4000 4000 4000 4000 4000 4000 4000 4000 4000 4000 4000 4000 4000 4000 4000 4000 4000 ]
[ 3999 3999 3999 3999 3999 4000 4000 4000 4000 4000 4000 4000 4000 4000 4000 4000 4000 4000 4000 4000 4000 4000 4000 4000 4000 ]
[ 3999 3999 3999 3999 3999 3999 4000 4000 4000 4000 4000 4000 4000 4000 4000 4000 4000 4000 4000 4000 4000 4000 4000 4000 4000 ]
[ 3999 3999 3999 3999 3999 3999 3999 4000 4000 4000 4000 4000 4000 4000 4000 4000 4000 4000 4000 4000 4000 4000 4000 4000 4000 ]
[ 3999 3999 3999 3999 3999 3999 3999 3999 4000 4000 4000 4000 4000 4000 4000 4000 4000 4000 4000 4000 4000 4000 4000 4000 4000 ]
[ 3999 3999 3999 3999 3999 3999 3999 3999 3999 4000 4000 4000 4000 4000 4000 4000 4000 4000 4000 4000 4000 4000 4000 4000 4000 ]
[ 3999 3999 3999 3999 3999 3999 3999 3999 3999 3999 4000 4000 4000 4000 4000 4000 4000 4000 4000 4000 4000 4000 4000 4000 4000 ]
[ 3999 3999 3999 3999 3999 3999 3999 3999 3999 3999 3999 4000 4000 4000 4000 4000 4000 4000 4000 4000 4000 4000 4000 4000 4000 ]
[ 3999 3999 3999 3999 3999 3999 3999 3999 3999 3999 3999 3999 4000 4000 4000 4000 4000 4000 4000 4000 4000 4000 4000 4000 4000 ]
[ 3999 3999 3999 3999 3999 3999 3999 3999 3999 3999 3999 3999 3999 4000 4000 4000 4000 4000 4000 4000 4000 4000 4000 4000 4000 ]
[ 3999 3999 3999 3999 3999 3999 3999 3999 3999 3999 3999 3999 3999 3999 4000 4000 4000 4000 4000 4000 4000 4000 4000 4000 4000 ]
[ 3999 3999 3999 3999 3999 3999 3999 3999 3999 3999 3999 3999 3999 3999 3999 4000 4000 4000 4000 4000 4000 4000 4000 4000 4000 ]
[ 3999 3999 3999 3999 3999 3999 3999 3999 3999 3999 3999 3999 3999 3999 3999 3999 4000 4000 4000 4000 4000 4000 4000 4000 4000 ]
[ 3999 3999 3999 3999 3999 3999 3999 3999 3999 3999 3999 3999 3999 3999 3999 3999 3999 4000 4000 4000 4000 4000 4000 4000 4000 ]
[ 3999 3999 3999 3999 3999 3999 3999 3999 3999 3999 3999 3999 3999 3999 3999 3999 3999 3999 4000 4000 4000 4000 4000 4000 4000 ]
[ 3999 3999 3999 3999 3999 3999 3999 3999 3999 3999 3999 3999 3999 3999 3999 3999 3999 3999 3999 4000 4000 4000 4000 4000 4000 ]

Timer (sort): 17413ms real	16600ms user	0ms sys
The output is sorted!
[ 0 0 0 0 0 0 0 0 0 0 0 0 0 0 0 0 0 0 0 0 0 0 0 0 1 ]
[ 0 0 0 0 0 0 0 0 0 0 0 0 0 0 0 0 0 0 0 0 0 0 0 1 1 ]
[ 0 0 0 0 0 0 0 0 0 0 0 0 0 0 0 0 0 0 0 0 0 0 1 1 1 ]
[ 0 0 0 0 0 0 0 0 0 0 0 0 0 0 0 0 0 0 0 0 0 1 1 1 1 ]
[ 0 0 0 0 0 0 0 0 0 0 0 0 0 0 0 0 0 0 0 0 1 1 1 1 1 ]
[ 0 0 0 0 0 0 0 0 0 0 0 0 0 0 0 0 0 0 0 1 1 1 1 1 1 ]
[ 0 0 0 0 0 0 0 0 0 0 0 0 0 0 0 0 0 0 1 1 1 1 1 1 1 ]
[ 0 0 0 0 0 0 0 0 0 0 0 0 0 0 0 0 0 1 1 1 1 1 1 1 1 ]
[ 0 0 0 0 0 0 0 0 0 0 0 0 0 0 0 0 1 1 1 1 1 1 1 1 1 ]
[ 0 0 0 0 0 0 0 0 0 0 0 0 0 0 0 1 1 1 1 1 1 1 1 1 1 ]
[ 0 0 0 0 0 0 0 0 0 0 0 0 0 0 1 1 1 1 1 1 1 1 1 1 1 ]
[ 0 0 0 0 0 0 0 0 0 0 0 0 0 1 1 1 1 1 1 1 1 1 1 1 1 ]
[ 0 0 0 0 0 0 0 0 0 0 0 0 1 1 1 1 1 1 1 1 1 1 1 1 1 ]
[ 0 0 0 0 0 0 0 0 0 0 0 1 1 1 1 1 1 1 1 1 1 1 1 1 1 ]
[ 0 0 0 0 0 0 0 0 0 0 1 1 1 1 1 1 1 1 1 1 1 1 1 1 1 ]
[ 0 0 0 0 0 0 0 0 0 1 1 1 1 1 1 1 1 1 1 1 1 1 1 1 1 ]
[ 0 0 0 0 0 0 0 0 1 1 1 1 1 1 1 1 1 1 1 1 1 1 1 1 1 ]
[ 0 0 0 0 0 0 0 1 1 1 1 1 1 1 1 1 1 1 1 1 1 1 1 1 1 ]
[ 0 0 0 0 0 0 1 1 1 1 1 1 1 1 1 1 1 1 1 1 1 1 1 1 1 ]
[ 0 0 0 0 0 1 1 1 1 1 1 1 1 1 1 1 1 1 1 1 1 1 1 1 1 ]

Timer (generate): 14ms real	10ms user	0ms sys
[ 4000 4000 4000 4000 4000 4000 4000 4000 4000 4000 4000 4000 4000 4000 4000 4000 4000 4000 4000 4000 4000 4000 4000 4000 4000 ]
[ 3999 4000 4000 4000 4000 4000 4000 4000 4000 4000 4000 4000 4000 4000 4000 4000 4000 4000 4000 4000 4000 4000 4000 4000 4000 ]
[ 3999 3999 4000 4000 4000 4000 4000 4000 4000 4000 4000 4000 4000 4000 4000 4000 4000 4000 4000 4000 4000 4000 4000 4000 4000 ]
[ 3999 3999 3999 4000 4000 4000 4000 4000 4000 4000 4000 4000 4000 4000 4000 4000 4000 4000 4000 4000 4000 4000 4000 4000 4000 ]
[ 3999 3999 3999 3999 4000 4000 4000 4000 4000 4000 4000 4000 4000 4000 4000 4000 4000 4000 4000 4000 4000 4000 4000 4000 4000 ]
[ 3999 3999 3999 3999 3999 4000 4000 4000 4000 4000 4000 4000 4000 4000 4000 4000 4000 4000 4000 4000 4000 4000 4000 4000 4000 ]
[ 3999 3999 3999 3999 3999 3999 4000 4000 4000 4000 4000 4000 4000 4000 4000 4000 4000 4000 4000 4000 4000 4000 4000 4000 4000 ]
[ 3999 3999 3999 3999 3999 3999 3999 4000 4000 4000 4000 4000 4000 4000 4000 4000 4000 4000 4000 4000 4000 4000 4000 4000 4000 ]
[ 3999 3999 3999 3999 3999 3999 3999 3999 4000 4000 4000 4000 4000 4000 4000 4000 4000 4000 4000 4000 4000 4000 4000 4000 4000 ]
[ 3999 3999 3999 3999 3999 3999 3999 3999 3999 4000 4000 4000 4000 4000 4000 4000 4000 4000 4000 4000 4000 4000 4000 4000 4000 ]
[ 3999 3999 3999 3999 3999 3999 3999 3999 3999 3999 4000 4000 4000 4000 4000 4000 4000 4000 4000 4000 4000 4000 4000 4000 4000 ]
[ 3999 3999 3999 3999 3999 3999 3999 3999 3999 3999 3999 4000 4000 4000 4000 4000 4000 4000 4000 4000 4000 4000 4000 4000 4000 ]
[ 3999 3999 3999 3999 3999 3999 3999 3999 3999 3999 3999 3999 4000 4000 4000 4000 4000 4000 4000 4000 4000 4000 4000 4000 4000 ]
[ 3999 3999 3999 3999 3999 3999 3999 3999 3999 3999 3999 3999 3999 4000 4000 4000 4000 4000 4000 4000 4000 4000 4000 4000 4000 ]
[ 3999 3999 3999 3999 3999 3999 3999 3999 3999 3999 3999 3999 3999 3999 4000 4000 4000 4000 4000 4000 4000 4000 4000 4000 4000 ]
[ 3999 3999 3999 3999 3999 3999 3999 3999 3999 3999 3999 3999 3999 3999 3999 4000 4000 4000 4000 4000 4000 4000 4000 4000 4000 ]
[ 3999 3999 3999 3999 3999 3999 3999 3999 3999 3999 3999 3999 3999 3999 3999 3999 4000 4000 4000 4000 4000 4000 4000 4000 4000 ]
[ 3999 3999 3999 3999 3999 3999 3999 3999 3999 3999 3999 3999 3999 3999 3999 3999 3999 4000 4000 4000 4000 4000 4000 4000 4000 ]
[ 3999 3999 3999 3999 3999 3999 3999 3999 3999 3999 3999 3999 3999 3999 3999 3999 3999 3999 4000 4000 4000 4000 4000 4000 4000 ]
[ 3999 3999 3999 3999 3999 3999 3999 3999 3999 3999 3999 3999 3999 3999 3999 3999 3999 3999 3999 4000 4000 4000 4000 4000 4000 ]

Timer (sort): 17602ms real	16380ms user	40ms sys
The output is sorted!
[ 0 0 0 0 0 0 0 0 0 0 0 0 0 0 0 0 0 0 0 0 0 0 0 0 1 ]
[ 0 0 0 0 0 0 0 0 0 0 0 0 0 0 0 0 0 0 0 0 0 0 0 1 1 ]
[ 0 0 0 0 0 0 0 0 0 0 0 0 0 0 0 0 0 0 0 0 0 0 1 1 1 ]
[ 0 0 0 0 0 0 0 0 0 0 0 0 0 0 0 0 0 0 0 0 0 1 1 1 1 ]
[ 0 0 0 0 0 0 0 0 0 0 0 0 0 0 0 0 0 0 0 0 1 1 1 1 1 ]
[ 0 0 0 0 0 0 0 0 0 0 0 0 0 0 0 0 0 0 0 1 1 1 1 1 1 ]
[ 0 0 0 0 0 0 0 0 0 0 0 0 0 0 0 0 0 0 1 1 1 1 1 1 1 ]
[ 0 0 0 0 0 0 0 0 0 0 0 0 0 0 0 0 0 1 1 1 1 1 1 1 1 ]
[ 0 0 0 0 0 0 0 0 0 0 0 0 0 0 0 0 1 1 1 1 1 1 1 1 1 ]
[ 0 0 0 0 0 0 0 0 0 0 0 0 0 0 0 1 1 1 1 1 1 1 1 1 1 ]
[ 0 0 0 0 0 0 0 0 0 0 0 0 0 0 1 1 1 1 1 1 1 1 1 1 1 ]
[ 0 0 0 0 0 0 0 0 0 0 0 0 0 1 1 1 1 1 1 1 1 1 1 1 1 ]
[ 0 0 0 0 0 0 0 0 0 0 0 0 1 1 1 1 1 1 1 1 1 1 1 1 1 ]
[ 0 0 0 0 0 0 0 0 0 0 0 1 1 1 1 1 1 1 1 1 1 1 1 1 1 ]
[ 0 0 0 0 0 0 0 0 0 0 1 1 1 1 1 1 1 1 1 1 1 1 1 1 1 ]
[ 0 0 0 0 0 0 0 0 0 1 1 1 1 1 1 1 1 1 1 1 1 1 1 1 1 ]
[ 0 0 0 0 0 0 0 0 1 1 1 1 1 1 1 1 1 1 1 1 1 1 1 1 1 ]
[ 0 0 0 0 0 0 0 1 1 1 1 1 1 1 1 1 1 1 1 1 1 1 1 1 1 ]
[ 0 0 0 0 0 0 1 1 1 1 1 1 1 1 1 1 1 1 1 1 1 1 1 1 1 ]
[ 0 0 0 0 0 1 1 1 1 1 1 1 1 1 1 1 1 1 1 1 1 1 1 1 1 ]

Timer (generate): 12ms real	10ms user	0ms sys
[ 4000 4000 4000 4000 4000 4000 4000 4000 4000 4000 4000 4000 4000 4000 4000 4000 4000 4000 4000 4000 4000 4000 4000 4000 4000 ]
[ 3999 4000 4000 4000 4000 4000 4000 4000 4000 4000 4000 4000 4000 4000 4000 4000 4000 4000 4000 4000 4000 4000 4000 4000 4000 ]
[ 3999 3999 4000 4000 4000 4000 4000 4000 4000 4000 4000 4000 4000 4000 4000 4000 4000 4000 4000 4000 4000 4000 4000 4000 4000 ]
[ 3999 3999 3999 4000 4000 4000 4000 4000 4000 4000 4000 4000 4000 4000 4000 4000 4000 4000 4000 4000 4000 4000 4000 4000 4000 ]
[ 3999 3999 3999 3999 4000 4000 4000 4000 4000 4000 4000 4000 4000 4000 4000 4000 4000 4000 4000 4000 4000 4000 4000 4000 4000 ]
[ 3999 3999 3999 3999 3999 4000 4000 4000 4000 4000 4000 4000 4000 4000 4000 4000 4000 4000 4000 4000 4000 4000 4000 4000 4000 ]
[ 3999 3999 3999 3999 3999 3999 4000 4000 4000 4000 4000 4000 4000 4000 4000 4000 4000 4000 4000 4000 4000 4000 4000 4000 4000 ]
[ 3999 3999 3999 3999 3999 3999 3999 4000 4000 4000 4000 4000 4000 4000 4000 4000 4000 4000 4000 4000 4000 4000 4000 4000 4000 ]
[ 3999 3999 3999 3999 3999 3999 3999 3999 4000 4000 4000 4000 4000 4000 4000 4000 4000 4000 4000 4000 4000 4000 4000 4000 4000 ]
[ 3999 3999 3999 3999 3999 3999 3999 3999 3999 4000 4000 4000 4000 4000 4000 4000 4000 4000 4000 4000 4000 4000 4000 4000 4000 ]
[ 3999 3999 3999 3999 3999 3999 3999 3999 3999 3999 4000 4000 4000 4000 4000 4000 4000 4000 4000 4000 4000 4000 4000 4000 4000 ]
[ 3999 3999 3999 3999 3999 3999 3999 3999 3999 3999 3999 4000 4000 4000 4000 4000 4000 4000 4000 4000 4000 4000 4000 4000 4000 ]
[ 3999 3999 3999 3999 3999 3999 3999 3999 3999 3999 3999 3999 4000 4000 4000 4000 4000 4000 4000 4000 4000 4000 4000 4000 4000 ]
[ 3999 3999 3999 3999 3999 3999 3999 3999 3999 3999 3999 3999 3999 4000 4000 4000 4000 4000 4000 4000 4000 4000 4000 4000 4000 ]
[ 3999 3999 3999 3999 3999 3999 3999 3999 3999 3999 3999 3999 3999 3999 4000 4000 4000 4000 4000 4000 4000 4000 4000 4000 4000 ]
[ 3999 3999 3999 3999 3999 3999 3999 3999 3999 3999 3999 3999 3999 3999 3999 4000 4000 4000 4000 4000 4000 4000 4000 4000 4000 ]
[ 3999 3999 3999 3999 3999 3999 3999 3999 3999 3999 3999 3999 3999 3999 3999 3999 4000 4000 4000 4000 4000 4000 4000 4000 4000 ]
[ 3999 3999 3999 3999 3999 3999 3999 3999 3999 3999 3999 3999 3999 3999 3999 3999 3999 4000 4000 4000 4000 4000 4000 4000 4000 ]
[ 3999 3999 3999 3999 3999 3999 3999 3999 3999 3999 3999 3999 3999 3999 3999 3999 3999 3999 4000 4000 4000 4000 4000 4000 4000 ]
[ 3999 3999 3999 3999 3999 3999 3999 3999 3999 3999 3999 3999 3999 3999 3999 3999 3999 3999 3999 4000 4000 4000 4000 4000 4000 ]

Timer (sort): 17308ms real	16030ms user	430ms sys
The output is sorted!
[ 0 0 0 0 0 0 0 0 0 0 0 0 0 0 0 0 0 0 0 0 0 0 0 0 1 ]
[ 0 0 0 0 0 0 0 0 0 0 0 0 0 0 0 0 0 0 0 0 0 0 0 1 1 ]
[ 0 0 0 0 0 0 0 0 0 0 0 0 0 0 0 0 0 0 0 0 0 0 1 1 1 ]
[ 0 0 0 0 0 0 0 0 0 0 0 0 0 0 0 0 0 0 0 0 0 1 1 1 1 ]
[ 0 0 0 0 0 0 0 0 0 0 0 0 0 0 0 0 0 0 0 0 1 1 1 1 1 ]
[ 0 0 0 0 0 0 0 0 0 0 0 0 0 0 0 0 0 0 0 1 1 1 1 1 1 ]
[ 0 0 0 0 0 0 0 0 0 0 0 0 0 0 0 0 0 0 1 1 1 1 1 1 1 ]
[ 0 0 0 0 0 0 0 0 0 0 0 0 0 0 0 0 0 1 1 1 1 1 1 1 1 ]
[ 0 0 0 0 0 0 0 0 0 0 0 0 0 0 0 0 1 1 1 1 1 1 1 1 1 ]
[ 0 0 0 0 0 0 0 0 0 0 0 0 0 0 0 1 1 1 1 1 1 1 1 1 1 ]
[ 0 0 0 0 0 0 0 0 0 0 0 0 0 0 1 1 1 1 1 1 1 1 1 1 1 ]
[ 0 0 0 0 0 0 0 0 0 0 0 0 0 1 1 1 1 1 1 1 1 1 1 1 1 ]
[ 0 0 0 0 0 0 0 0 0 0 0 0 1 1 1 1 1 1 1 1 1 1 1 1 1 ]
[ 0 0 0 0 0 0 0 0 0 0 0 1 1 1 1 1 1 1 1 1 1 1 1 1 1 ]
[ 0 0 0 0 0 0 0 0 0 0 1 1 1 1 1 1 1 1 1 1 1 1 1 1 1 ]
[ 0 0 0 0 0 0 0 0 0 1 1 1 1 1 1 1 1 1 1 1 1 1 1 1 1 ]
[ 0 0 0 0 0 0 0 0 1 1 1 1 1 1 1 1 1 1 1 1 1 1 1 1 1 ]
[ 0 0 0 0 0 0 0 1 1 1 1 1 1 1 1 1 1 1 1 1 1 1 1 1 1 ]
[ 0 0 0 0 0 0 1 1 1 1 1 1 1 1 1 1 1 1 1 1 1 1 1 1 1 ]
[ 0 0 0 0 0 1 1 1 1 1 1 1 1 1 1 1 1 1 1 1 1 1 1 1 1 ]

Timer (generate): 17ms real	10ms user	0ms sys
[ 4000 4000 4000 4000 4000 4000 4000 4000 4000 4000 4000 4000 4000 4000 4000 4000 4000 4000 4000 4000 4000 4000 4000 4000 4000 ]
[ 3999 4000 4000 4000 4000 4000 4000 4000 4000 4000 4000 4000 4000 4000 4000 4000 4000 4000 4000 4000 4000 4000 4000 4000 4000 ]
[ 3999 3999 4000 4000 4000 4000 4000 4000 4000 4000 4000 4000 4000 4000 4000 4000 4000 4000 4000 4000 4000 4000 4000 4000 4000 ]
[ 3999 3999 3999 4000 4000 4000 4000 4000 4000 4000 4000 4000 4000 4000 4000 4000 4000 4000 4000 4000 4000 4000 4000 4000 4000 ]
[ 3999 3999 3999 3999 4000 4000 4000 4000 4000 4000 4000 4000 4000 4000 4000 4000 4000 4000 4000 4000 4000 4000 4000 4000 4000 ]
[ 3999 3999 3999 3999 3999 4000 4000 4000 4000 4000 4000 4000 4000 4000 4000 4000 4000 4000 4000 4000 4000 4000 4000 4000 4000 ]
[ 3999 3999 3999 3999 3999 3999 4000 4000 4000 4000 4000 4000 4000 4000 4000 4000 4000 4000 4000 4000 4000 4000 4000 4000 4000 ]
[ 3999 3999 3999 3999 3999 3999 3999 4000 4000 4000 4000 4000 4000 4000 4000 4000 4000 4000 4000 4000 4000 4000 4000 4000 4000 ]
[ 3999 3999 3999 3999 3999 3999 3999 3999 4000 4000 4000 4000 4000 4000 4000 4000 4000 4000 4000 4000 4000 4000 4000 4000 4000 ]
[ 3999 3999 3999 3999 3999 3999 3999 3999 3999 4000 4000 4000 4000 4000 4000 4000 4000 4000 4000 4000 4000 4000 4000 4000 4000 ]
[ 3999 3999 3999 3999 3999 3999 3999 3999 3999 3999 4000 4000 4000 4000 4000 4000 4000 4000 4000 4000 4000 4000 4000 4000 4000 ]
[ 3999 3999 3999 3999 3999 3999 3999 3999 3999 3999 3999 4000 4000 4000 4000 4000 4000 4000 4000 4000 4000 4000 4000 4000 4000 ]
[ 3999 3999 3999 3999 3999 3999 3999 3999 3999 3999 3999 3999 4000 4000 4000 4000 4000 4000 4000 4000 4000 4000 4000 4000 4000 ]
[ 3999 3999 3999 3999 3999 3999 3999 3999 3999 3999 3999 3999 3999 4000 4000 4000 4000 4000 4000 4000 4000 4000 4000 4000 4000 ]
[ 3999 3999 3999 3999 3999 3999 3999 3999 3999 3999 3999 3999 3999 3999 4000 4000 4000 4000 4000 4000 4000 4000 4000 4000 4000 ]
[ 3999 3999 3999 3999 3999 3999 3999 3999 3999 3999 3999 3999 3999 3999 3999 4000 4000 4000 4000 4000 4000 4000 4000 4000 4000 ]
[ 3999 3999 3999 3999 3999 3999 3999 3999 3999 3999 3999 3999 3999 3999 3999 3999 4000 4000 4000 4000 4000 4000 4000 4000 4000 ]
[ 3999 3999 3999 3999 3999 3999 3999 3999 3999 3999 3999 3999 3999 3999 3999 3999 3999 4000 4000 4000 4000 4000 4000 4000 4000 ]
[ 3999 3999 3999 3999 3999 3999 3999 3999 3999 3999 3999 3999 3999 3999 3999 3999 3999 3999 4000 4000 4000 4000 4000 4000 4000 ]
[ 3999 3999 3999 3999 3999 3999 3999 3999 3999 3999 3999 3999 3999 3999 3999 3999 3999 3999 3999 4000 4000 4000 4000 4000 4000 ]

Timer (sort): 19493ms real	16970ms user	650ms sys
The output is sorted!
[ 0 0 0 0 0 0 0 0 0 0 0 0 0 0 0 0 0 0 0 0 0 0 0 0 1 ]
[ 0 0 0 0 0 0 0 0 0 0 0 0 0 0 0 0 0 0 0 0 0 0 0 1 1 ]
[ 0 0 0 0 0 0 0 0 0 0 0 0 0 0 0 0 0 0 0 0 0 0 1 1 1 ]
[ 0 0 0 0 0 0 0 0 0 0 0 0 0 0 0 0 0 0 0 0 0 1 1 1 1 ]
[ 0 0 0 0 0 0 0 0 0 0 0 0 0 0 0 0 0 0 0 0 1 1 1 1 1 ]
[ 0 0 0 0 0 0 0 0 0 0 0 0 0 0 0 0 0 0 0 1 1 1 1 1 1 ]
[ 0 0 0 0 0 0 0 0 0 0 0 0 0 0 0 0 0 0 1 1 1 1 1 1 1 ]
[ 0 0 0 0 0 0 0 0 0 0 0 0 0 0 0 0 0 1 1 1 1 1 1 1 1 ]
[ 0 0 0 0 0 0 0 0 0 0 0 0 0 0 0 0 1 1 1 1 1 1 1 1 1 ]
[ 0 0 0 0 0 0 0 0 0 0 0 0 0 0 0 1 1 1 1 1 1 1 1 1 1 ]
[ 0 0 0 0 0 0 0 0 0 0 0 0 0 0 1 1 1 1 1 1 1 1 1 1 1 ]
[ 0 0 0 0 0 0 0 0 0 0 0 0 0 1 1 1 1 1 1 1 1 1 1 1 1 ]
[ 0 0 0 0 0 0 0 0 0 0 0 0 1 1 1 1 1 1 1 1 1 1 1 1 1 ]
[ 0 0 0 0 0 0 0 0 0 0 0 1 1 1 1 1 1 1 1 1 1 1 1 1 1 ]
[ 0 0 0 0 0 0 0 0 0 0 1 1 1 1 1 1 1 1 1 1 1 1 1 1 1 ]
[ 0 0 0 0 0 0 0 0 0 1 1 1 1 1 1 1 1 1 1 1 1 1 1 1 1 ]
[ 0 0 0 0 0 0 0 0 1 1 1 1 1 1 1 1 1 1 1 1 1 1 1 1 1 ]
[ 0 0 0 0 0 0 0 1 1 1 1 1 1 1 1 1 1 1 1 1 1 1 1 1 1 ]
[ 0 0 0 0 0 0 1 1 1 1 1 1 1 1 1 1 1 1 1 1 1 1 1 1 1 ]
[ 0 0 0 0 0 1 1 1 1 1 1 1 1 1 1 1 1 1 1 1 1 1 1 1 1 ]

Timer (generate): 16ms real	10ms user	0ms sys
[ 4000 4000 4000 4000 4000 4000 4000 4000 4000 4000 4000 4000 4000 4000 4000 4000 4000 4000 4000 4000 4000 4000 4000 4000 4000 ]
[ 3999 4000 4000 4000 4000 4000 4000 4000 4000 4000 4000 4000 4000 4000 4000 4000 4000 4000 4000 4000 4000 4000 4000 4000 4000 ]
[ 3999 3999 4000 4000 4000 4000 4000 4000 4000 4000 4000 4000 4000 4000 4000 4000 4000 4000 4000 4000 4000 4000 4000 4000 4000 ]
[ 3999 3999 3999 4000 4000 4000 4000 4000 4000 4000 4000 4000 4000 4000 4000 4000 4000 4000 4000 4000 4000 4000 4000 4000 4000 ]
[ 3999 3999 3999 3999 4000 4000 4000 4000 4000 4000 4000 4000 4000 4000 4000 4000 4000 4000 4000 4000 4000 4000 4000 4000 4000 ]
[ 3999 3999 3999 3999 3999 4000 4000 4000 4000 4000 4000 4000 4000 4000 4000 4000 4000 4000 4000 4000 4000 4000 4000 4000 4000 ]
[ 3999 3999 3999 3999 3999 3999 4000 4000 4000 4000 4000 4000 4000 4000 4000 4000 4000 4000 4000 4000 4000 4000 4000 4000 4000 ]
[ 3999 3999 3999 3999 3999 3999 3999 4000 4000 4000 4000 4000 4000 4000 4000 4000 4000 4000 4000 4000 4000 4000 4000 4000 4000 ]
[ 3999 3999 3999 3999 3999 3999 3999 3999 4000 4000 4000 4000 4000 4000 4000 4000 4000 4000 4000 4000 4000 4000 4000 4000 4000 ]
[ 3999 3999 3999 3999 3999 3999 3999 3999 3999 4000 4000 4000 4000 4000 4000 4000 4000 4000 4000 4000 4000 4000 4000 4000 4000 ]
[ 3999 3999 3999 3999 3999 3999 3999 3999 3999 3999 4000 4000 4000 4000 4000 4000 4000 4000 4000 4000 4000 4000 4000 4000 4000 ]
[ 3999 3999 3999 3999 3999 3999 3999 3999 3999 3999 3999 4000 4000 4000 4000 4000 4000 4000 4000 4000 4000 4000 4000 4000 4000 ]
[ 3999 3999 3999 3999 3999 3999 3999 3999 3999 3999 3999 3999 4000 4000 4000 4000 4000 4000 4000 4000 4000 4000 4000 4000 4000 ]
[ 3999 3999 3999 3999 3999 3999 3999 3999 3999 3999 3999 3999 3999 4000 4000 4000 4000 4000 4000 4000 4000 4000 4000 4000 4000 ]
[ 3999 3999 3999 3999 3999 3999 3999 3999 3999 3999 3999 3999 3999 3999 4000 4000 4000 4000 4000 4000 4000 4000 4000 4000 4000 ]
[ 3999 3999 3999 3999 3999 3999 3999 3999 3999 3999 3999 3999 3999 3999 3999 4000 4000 4000 4000 4000 4000 4000 4000 4000 4000 ]
[ 3999 3999 3999 3999 3999 3999 3999 3999 3999 3999 3999 3999 3999 3999 3999 3999 4000 4000 4000 4000 4000 4000 4000 4000 4000 ]
[ 3999 3999 3999 3999 3999 3999 3999 3999 3999 3999 3999 3999 3999 3999 3999 3999 3999 4000 4000 4000 4000 4000 4000 4000 4000 ]
[ 3999 3999 3999 3999 3999 3999 3999 3999 3999 3999 3999 3999 3999 3999 3999 3999 3999 3999 4000 4000 4000 4000 4000 4000 4000 ]
[ 3999 3999 3999 3999 3999 3999 3999 3999 3999 3999 3999 3999 3999 3999 3999 3999 3999 3999 3999 4000 4000 4000 4000 4000 4000 ]

Timer (sort): 17945ms real	16180ms user	170ms sys
The output is sorted!
[ 0 0 0 0 0 0 0 0 0 0 0 0 0 0 0 0 0 0 0 0 0 0 0 0 1 ]
[ 0 0 0 0 0 0 0 0 0 0 0 0 0 0 0 0 0 0 0 0 0 0 0 1 1 ]
[ 0 0 0 0 0 0 0 0 0 0 0 0 0 0 0 0 0 0 0 0 0 0 1 1 1 ]
[ 0 0 0 0 0 0 0 0 0 0 0 0 0 0 0 0 0 0 0 0 0 1 1 1 1 ]
[ 0 0 0 0 0 0 0 0 0 0 0 0 0 0 0 0 0 0 0 0 1 1 1 1 1 ]
[ 0 0 0 0 0 0 0 0 0 0 0 0 0 0 0 0 0 0 0 1 1 1 1 1 1 ]
[ 0 0 0 0 0 0 0 0 0 0 0 0 0 0 0 0 0 0 1 1 1 1 1 1 1 ]
[ 0 0 0 0 0 0 0 0 0 0 0 0 0 0 0 0 0 1 1 1 1 1 1 1 1 ]
[ 0 0 0 0 0 0 0 0 0 0 0 0 0 0 0 0 1 1 1 1 1 1 1 1 1 ]
[ 0 0 0 0 0 0 0 0 0 0 0 0 0 0 0 1 1 1 1 1 1 1 1 1 1 ]
[ 0 0 0 0 0 0 0 0 0 0 0 0 0 0 1 1 1 1 1 1 1 1 1 1 1 ]
[ 0 0 0 0 0 0 0 0 0 0 0 0 0 1 1 1 1 1 1 1 1 1 1 1 1 ]
[ 0 0 0 0 0 0 0 0 0 0 0 0 1 1 1 1 1 1 1 1 1 1 1 1 1 ]
[ 0 0 0 0 0 0 0 0 0 0 0 1 1 1 1 1 1 1 1 1 1 1 1 1 1 ]
[ 0 0 0 0 0 0 0 0 0 0 1 1 1 1 1 1 1 1 1 1 1 1 1 1 1 ]
[ 0 0 0 0 0 0 0 0 0 1 1 1 1 1 1 1 1 1 1 1 1 1 1 1 1 ]
[ 0 0 0 0 0 0 0 0 1 1 1 1 1 1 1 1 1 1 1 1 1 1 1 1 1 ]
[ 0 0 0 0 0 0 0 1 1 1 1 1 1 1 1 1 1 1 1 1 1 1 1 1 1 ]
[ 0 0 0 0 0 0 1 1 1 1 1 1 1 1 1 1 1 1 1 1 1 1 1 1 1 ]
[ 0 0 0 0 0 1 1 1 1 1 1 1 1 1 1 1 1 1 1 1 1 1 1 1 1 ]

