Timer (generate): 127ms real	110ms user	0ms sys
[ 40000 40000 40000 40000 40000 40000 40000 40000 40000 40000 40000 40000 40000 40000 40000 40000 40000 40000 40000 40000 40000 40000 40000 40000 40000 ]
[ 39999 40000 40000 40000 40000 40000 40000 40000 40000 40000 40000 40000 40000 40000 40000 40000 40000 40000 40000 40000 40000 40000 40000 40000 40000 ]
[ 39999 39999 40000 40000 40000 40000 40000 40000 40000 40000 40000 40000 40000 40000 40000 40000 40000 40000 40000 40000 40000 40000 40000 40000 40000 ]
[ 39999 39999 39999 40000 40000 40000 40000 40000 40000 40000 40000 40000 40000 40000 40000 40000 40000 40000 40000 40000 40000 40000 40000 40000 40000 ]
[ 39999 39999 39999 39999 40000 40000 40000 40000 40000 40000 40000 40000 40000 40000 40000 40000 40000 40000 40000 40000 40000 40000 40000 40000 40000 ]
[ 39999 39999 39999 39999 39999 40000 40000 40000 40000 40000 40000 40000 40000 40000 40000 40000 40000 40000 40000 40000 40000 40000 40000 40000 40000 ]
[ 39999 39999 39999 39999 39999 39999 40000 40000 40000 40000 40000 40000 40000 40000 40000 40000 40000 40000 40000 40000 40000 40000 40000 40000 40000 ]
[ 39999 39999 39999 39999 39999 39999 39999 40000 40000 40000 40000 40000 40000 40000 40000 40000 40000 40000 40000 40000 40000 40000 40000 40000 40000 ]
[ 39999 39999 39999 39999 39999 39999 39999 39999 40000 40000 40000 40000 40000 40000 40000 40000 40000 40000 40000 40000 40000 40000 40000 40000 40000 ]
[ 39999 39999 39999 39999 39999 39999 39999 39999 39999 40000 40000 40000 40000 40000 40000 40000 40000 40000 40000 40000 40000 40000 40000 40000 40000 ]
[ 39999 39999 39999 39999 39999 39999 39999 39999 39999 39999 40000 40000 40000 40000 40000 40000 40000 40000 40000 40000 40000 40000 40000 40000 40000 ]
[ 39999 39999 39999 39999 39999 39999 39999 39999 39999 39999 39999 40000 40000 40000 40000 40000 40000 40000 40000 40000 40000 40000 40000 40000 40000 ]
[ 39999 39999 39999 39999 39999 39999 39999 39999 39999 39999 39999 39999 40000 40000 40000 40000 40000 40000 40000 40000 40000 40000 40000 40000 40000 ]
[ 39999 39999 39999 39999 39999 39999 39999 39999 39999 39999 39999 39999 39999 40000 40000 40000 40000 40000 40000 40000 40000 40000 40000 40000 40000 ]
[ 39999 39999 39999 39999 39999 39999 39999 39999 39999 39999 39999 39999 39999 39999 40000 40000 40000 40000 40000 40000 40000 40000 40000 40000 40000 ]
[ 39999 39999 39999 39999 39999 39999 39999 39999 39999 39999 39999 39999 39999 39999 39999 40000 40000 40000 40000 40000 40000 40000 40000 40000 40000 ]
[ 39999 39999 39999 39999 39999 39999 39999 39999 39999 39999 39999 39999 39999 39999 39999 39999 40000 40000 40000 40000 40000 40000 40000 40000 40000 ]
[ 39999 39999 39999 39999 39999 39999 39999 39999 39999 39999 39999 39999 39999 39999 39999 39999 39999 40000 40000 40000 40000 40000 40000 40000 40000 ]
[ 39999 39999 39999 39999 39999 39999 39999 39999 39999 39999 39999 39999 39999 39999 39999 39999 39999 39999 40000 40000 40000 40000 40000 40000 40000 ]
[ 39999 39999 39999 39999 39999 39999 39999 39999 39999 39999 39999 39999 39999 39999 39999 39999 39999 39999 39999 40000 40000 40000 40000 40000 40000 ]

Timer (generate): 131ms real	110ms user	20ms sys
[ 40000 40000 40000 40000 40000 40000 40000 40000 40000 40000 40000 40000 40000 40000 40000 40000 40000 40000 40000 40000 40000 40000 40000 40000 40000 ]
[ 39999 40000 40000 40000 40000 40000 40000 40000 40000 40000 40000 40000 40000 40000 40000 40000 40000 40000 40000 40000 40000 40000 40000 40000 40000 ]
[ 39999 39999 40000 40000 40000 40000 40000 40000 40000 40000 40000 40000 40000 40000 40000 40000 40000 40000 40000 40000 40000 40000 40000 40000 40000 ]
[ 39999 39999 39999 40000 40000 40000 40000 40000 40000 40000 40000 40000 40000 40000 40000 40000 40000 40000 40000 40000 40000 40000 40000 40000 40000 ]
[ 39999 39999 39999 39999 40000 40000 40000 40000 40000 40000 40000 40000 40000 40000 40000 40000 40000 40000 40000 40000 40000 40000 40000 40000 40000 ]
[ 39999 39999 39999 39999 39999 40000 40000 40000 40000 40000 40000 40000 40000 40000 40000 40000 40000 40000 40000 40000 40000 40000 40000 40000 40000 ]
[ 39999 39999 39999 39999 39999 39999 40000 40000 40000 40000 40000 40000 40000 40000 40000 40000 40000 40000 40000 40000 40000 40000 40000 40000 40000 ]
[ 39999 39999 39999 39999 39999 39999 39999 40000 40000 40000 40000 40000 40000 40000 40000 40000 40000 40000 40000 40000 40000 40000 40000 40000 40000 ]
[ 39999 39999 39999 39999 39999 39999 39999 39999 40000 40000 40000 40000 40000 40000 40000 40000 40000 40000 40000 40000 40000 40000 40000 40000 40000 ]
[ 39999 39999 39999 39999 39999 39999 39999 39999 39999 40000 40000 40000 40000 40000 40000 40000 40000 40000 40000 40000 40000 40000 40000 40000 40000 ]
[ 39999 39999 39999 39999 39999 39999 39999 39999 39999 39999 40000 40000 40000 40000 40000 40000 40000 40000 40000 40000 40000 40000 40000 40000 40000 ]
[ 39999 39999 39999 39999 39999 39999 39999 39999 39999 39999 39999 40000 40000 40000 40000 40000 40000 40000 40000 40000 40000 40000 40000 40000 40000 ]
[ 39999 39999 39999 39999 39999 39999 39999 39999 39999 39999 39999 39999 40000 40000 40000 40000 40000 40000 40000 40000 40000 40000 40000 40000 40000 ]
[ 39999 39999 39999 39999 39999 39999 39999 39999 39999 39999 39999 39999 39999 40000 40000 40000 40000 40000 40000 40000 40000 40000 40000 40000 40000 ]
[ 39999 39999 39999 39999 39999 39999 39999 39999 39999 39999 39999 39999 39999 39999 40000 40000 40000 40000 40000 40000 40000 40000 40000 40000 40000 ]
[ 39999 39999 39999 39999 39999 39999 39999 39999 39999 39999 39999 39999 39999 39999 39999 40000 40000 40000 40000 40000 40000 40000 40000 40000 40000 ]
[ 39999 39999 39999 39999 39999 39999 39999 39999 39999 39999 39999 39999 39999 39999 39999 39999 40000 40000 40000 40000 40000 40000 40000 40000 40000 ]
[ 39999 39999 39999 39999 39999 39999 39999 39999 39999 39999 39999 39999 39999 39999 39999 39999 39999 40000 40000 40000 40000 40000 40000 40000 40000 ]
[ 39999 39999 39999 39999 39999 39999 39999 39999 39999 39999 39999 39999 39999 39999 39999 39999 39999 39999 40000 40000 40000 40000 40000 40000 40000 ]
[ 39999 39999 39999 39999 39999 39999 39999 39999 39999 39999 39999 39999 39999 39999 39999 39999 39999 39999 39999 40000 40000 40000 40000 40000 40000 ]

Timer (generate): 130ms real	120ms user	10ms sys
[ 40000 40000 40000 40000 40000 40000 40000 40000 40000 40000 40000 40000 40000 40000 40000 40000 40000 40000 40000 40000 40000 40000 40000 40000 40000 ]
[ 39999 40000 40000 40000 40000 40000 40000 40000 40000 40000 40000 40000 40000 40000 40000 40000 40000 40000 40000 40000 40000 40000 40000 40000 40000 ]
[ 39999 39999 40000 40000 40000 40000 40000 40000 40000 40000 40000 40000 40000 40000 40000 40000 40000 40000 40000 40000 40000 40000 40000 40000 40000 ]
[ 39999 39999 39999 40000 40000 40000 40000 40000 40000 40000 40000 40000 40000 40000 40000 40000 40000 40000 40000 40000 40000 40000 40000 40000 40000 ]
[ 39999 39999 39999 39999 40000 40000 40000 40000 40000 40000 40000 40000 40000 40000 40000 40000 40000 40000 40000 40000 40000 40000 40000 40000 40000 ]
[ 39999 39999 39999 39999 39999 40000 40000 40000 40000 40000 40000 40000 40000 40000 40000 40000 40000 40000 40000 40000 40000 40000 40000 40000 40000 ]
[ 39999 39999 39999 39999 39999 39999 40000 40000 40000 40000 40000 40000 40000 40000 40000 40000 40000 40000 40000 40000 40000 40000 40000 40000 40000 ]
[ 39999 39999 39999 39999 39999 39999 39999 40000 40000 40000 40000 40000 40000 40000 40000 40000 40000 40000 40000 40000 40000 40000 40000 40000 40000 ]
[ 39999 39999 39999 39999 39999 39999 39999 39999 40000 40000 40000 40000 40000 40000 40000 40000 40000 40000 40000 40000 40000 40000 40000 40000 40000 ]
[ 39999 39999 39999 39999 39999 39999 39999 39999 39999 40000 40000 40000 40000 40000 40000 40000 40000 40000 40000 40000 40000 40000 40000 40000 40000 ]
[ 39999 39999 39999 39999 39999 39999 39999 39999 39999 39999 40000 40000 40000 40000 40000 40000 40000 40000 40000 40000 40000 40000 40000 40000 40000 ]
[ 39999 39999 39999 39999 39999 39999 39999 39999 39999 39999 39999 40000 40000 40000 40000 40000 40000 40000 40000 40000 40000 40000 40000 40000 40000 ]
[ 39999 39999 39999 39999 39999 39999 39999 39999 39999 39999 39999 39999 40000 40000 40000 40000 40000 40000 40000 40000 40000 40000 40000 40000 40000 ]
[ 39999 39999 39999 39999 39999 39999 39999 39999 39999 39999 39999 39999 39999 40000 40000 40000 40000 40000 40000 40000 40000 40000 40000 40000 40000 ]
[ 39999 39999 39999 39999 39999 39999 39999 39999 39999 39999 39999 39999 39999 39999 40000 40000 40000 40000 40000 40000 40000 40000 40000 40000 40000 ]
[ 39999 39999 39999 39999 39999 39999 39999 39999 39999 39999 39999 39999 39999 39999 39999 40000 40000 40000 40000 40000 40000 40000 40000 40000 40000 ]
[ 39999 39999 39999 39999 39999 39999 39999 39999 39999 39999 39999 39999 39999 39999 39999 39999 40000 40000 40000 40000 40000 40000 40000 40000 40000 ]
[ 39999 39999 39999 39999 39999 39999 39999 39999 39999 39999 39999 39999 39999 39999 39999 39999 39999 40000 40000 40000 40000 40000 40000 40000 40000 ]
[ 39999 39999 39999 39999 39999 39999 39999 39999 39999 39999 39999 39999 39999 39999 39999 39999 39999 39999 40000 40000 40000 40000 40000 40000 40000 ]
[ 39999 39999 39999 39999 39999 39999 39999 39999 39999 39999 39999 39999 39999 39999 39999 39999 39999 39999 39999 40000 40000 40000 40000 40000 40000 ]

Timer (generate): 120ms real	110ms user	10ms sys
[ 40000 40000 40000 40000 40000 40000 40000 40000 40000 40000 40000 40000 40000 40000 40000 40000 40000 40000 40000 40000 40000 40000 40000 40000 40000 ]
[ 39999 40000 40000 40000 40000 40000 40000 40000 40000 40000 40000 40000 40000 40000 40000 40000 40000 40000 40000 40000 40000 40000 40000 40000 40000 ]
[ 39999 39999 40000 40000 40000 40000 40000 40000 40000 40000 40000 40000 40000 40000 40000 40000 40000 40000 40000 40000 40000 40000 40000 40000 40000 ]
[ 39999 39999 39999 40000 40000 40000 40000 40000 40000 40000 40000 40000 40000 40000 40000 40000 40000 40000 40000 40000 40000 40000 40000 40000 40000 ]
[ 39999 39999 39999 39999 40000 40000 40000 40000 40000 40000 40000 40000 40000 40000 40000 40000 40000 40000 40000 40000 40000 40000 40000 40000 40000 ]
[ 39999 39999 39999 39999 39999 40000 40000 40000 40000 40000 40000 40000 40000 40000 40000 40000 40000 40000 40000 40000 40000 40000 40000 40000 40000 ]
[ 39999 39999 39999 39999 39999 39999 40000 40000 40000 40000 40000 40000 40000 40000 40000 40000 40000 40000 40000 40000 40000 40000 40000 40000 40000 ]
[ 39999 39999 39999 39999 39999 39999 39999 40000 40000 40000 40000 40000 40000 40000 40000 40000 40000 40000 40000 40000 40000 40000 40000 40000 40000 ]
[ 39999 39999 39999 39999 39999 39999 39999 39999 40000 40000 40000 40000 40000 40000 40000 40000 40000 40000 40000 40000 40000 40000 40000 40000 40000 ]
[ 39999 39999 39999 39999 39999 39999 39999 39999 39999 40000 40000 40000 40000 40000 40000 40000 40000 40000 40000 40000 40000 40000 40000 40000 40000 ]
[ 39999 39999 39999 39999 39999 39999 39999 39999 39999 39999 40000 40000 40000 40000 40000 40000 40000 40000 40000 40000 40000 40000 40000 40000 40000 ]
[ 39999 39999 39999 39999 39999 39999 39999 39999 39999 39999 39999 40000 40000 40000 40000 40000 40000 40000 40000 40000 40000 40000 40000 40000 40000 ]
[ 39999 39999 39999 39999 39999 39999 39999 39999 39999 39999 39999 39999 40000 40000 40000 40000 40000 40000 40000 40000 40000 40000 40000 40000 40000 ]
[ 39999 39999 39999 39999 39999 39999 39999 39999 39999 39999 39999 39999 39999 40000 40000 40000 40000 40000 40000 40000 40000 40000 40000 40000 40000 ]
[ 39999 39999 39999 39999 39999 39999 39999 39999 39999 39999 39999 39999 39999 39999 40000 40000 40000 40000 40000 40000 40000 40000 40000 40000 40000 ]
[ 39999 39999 39999 39999 39999 39999 39999 39999 39999 39999 39999 39999 39999 39999 39999 40000 40000 40000 40000 40000 40000 40000 40000 40000 40000 ]
[ 39999 39999 39999 39999 39999 39999 39999 39999 39999 39999 39999 39999 39999 39999 39999 39999 40000 40000 40000 40000 40000 40000 40000 40000 40000 ]
[ 39999 39999 39999 39999 39999 39999 39999 39999 39999 39999 39999 39999 39999 39999 39999 39999 39999 40000 40000 40000 40000 40000 40000 40000 40000 ]
[ 39999 39999 39999 39999 39999 39999 39999 39999 39999 39999 39999 39999 39999 39999 39999 39999 39999 39999 40000 40000 40000 40000 40000 40000 40000 ]
[ 39999 39999 39999 39999 39999 39999 39999 39999 39999 39999 39999 39999 39999 39999 39999 39999 39999 39999 39999 40000 40000 40000 40000 40000 40000 ]

Timer (generate): 97ms real	70ms user	10ms sys
[ 40000 40000 40000 40000 40000 40000 40000 40000 40000 40000 40000 40000 40000 40000 40000 40000 40000 40000 40000 40000 40000 40000 40000 40000 40000 ]
[ 39999 40000 40000 40000 40000 40000 40000 40000 40000 40000 40000 40000 40000 40000 40000 40000 40000 40000 40000 40000 40000 40000 40000 40000 40000 ]
[ 39999 39999 40000 40000 40000 40000 40000 40000 40000 40000 40000 40000 40000 40000 40000 40000 40000 40000 40000 40000 40000 40000 40000 40000 40000 ]
[ 39999 39999 39999 40000 40000 40000 40000 40000 40000 40000 40000 40000 40000 40000 40000 40000 40000 40000 40000 40000 40000 40000 40000 40000 40000 ]
[ 39999 39999 39999 39999 40000 40000 40000 40000 40000 40000 40000 40000 40000 40000 40000 40000 40000 40000 40000 40000 40000 40000 40000 40000 40000 ]
[ 39999 39999 39999 39999 39999 40000 40000 40000 40000 40000 40000 40000 40000 40000 40000 40000 40000 40000 40000 40000 40000 40000 40000 40000 40000 ]
[ 39999 39999 39999 39999 39999 39999 40000 40000 40000 40000 40000 40000 40000 40000 40000 40000 40000 40000 40000 40000 40000 40000 40000 40000 40000 ]
[ 39999 39999 39999 39999 39999 39999 39999 40000 40000 40000 40000 40000 40000 40000 40000 40000 40000 40000 40000 40000 40000 40000 40000 40000 40000 ]
[ 39999 39999 39999 39999 39999 39999 39999 39999 40000 40000 40000 40000 40000 40000 40000 40000 40000 40000 40000 40000 40000 40000 40000 40000 40000 ]
[ 39999 39999 39999 39999 39999 39999 39999 39999 39999 40000 40000 40000 40000 40000 40000 40000 40000 40000 40000 40000 40000 40000 40000 40000 40000 ]
[ 39999 39999 39999 39999 39999 39999 39999 39999 39999 39999 40000 40000 40000 40000 40000 40000 40000 40000 40000 40000 40000 40000 40000 40000 40000 ]
[ 39999 39999 39999 39999 39999 39999 39999 39999 39999 39999 39999 40000 40000 40000 40000 40000 40000 40000 40000 40000 40000 40000 40000 40000 40000 ]
[ 39999 39999 39999 39999 39999 39999 39999 39999 39999 39999 39999 39999 40000 40000 40000 40000 40000 40000 40000 40000 40000 40000 40000 40000 40000 ]
[ 39999 39999 39999 39999 39999 39999 39999 39999 39999 39999 39999 39999 39999 40000 40000 40000 40000 40000 40000 40000 40000 40000 40000 40000 40000 ]
[ 39999 39999 39999 39999 39999 39999 39999 39999 39999 39999 39999 39999 39999 39999 40000 40000 40000 40000 40000 40000 40000 40000 40000 40000 40000 ]
[ 39999 39999 39999 39999 39999 39999 39999 39999 39999 39999 39999 39999 39999 39999 39999 40000 40000 40000 40000 40000 40000 40000 40000 40000 40000 ]
[ 39999 39999 39999 39999 39999 39999 39999 39999 39999 39999 39999 39999 39999 39999 39999 39999 40000 40000 40000 40000 40000 40000 40000 40000 40000 ]
[ 39999 39999 39999 39999 39999 39999 39999 39999 39999 39999 39999 39999 39999 39999 39999 39999 39999 40000 40000 40000 40000 40000 40000 40000 40000 ]
[ 39999 39999 39999 39999 39999 39999 39999 39999 39999 39999 39999 39999 39999 39999 39999 39999 39999 39999 40000 40000 40000 40000 40000 40000 40000 ]
[ 39999 39999 39999 39999 39999 39999 39999 39999 39999 39999 39999 39999 39999 39999 39999 39999 39999 39999 39999 40000 40000 40000 40000 40000 40000 ]

Timer (generate): 86ms real	70ms user	10ms sys
[ 40000 40000 40000 40000 40000 40000 40000 40000 40000 40000 40000 40000 40000 40000 40000 40000 40000 40000 40000 40000 40000 40000 40000 40000 40000 ]
[ 39999 40000 40000 40000 40000 40000 40000 40000 40000 40000 40000 40000 40000 40000 40000 40000 40000 40000 40000 40000 40000 40000 40000 40000 40000 ]
[ 39999 39999 40000 40000 40000 40000 40000 40000 40000 40000 40000 40000 40000 40000 40000 40000 40000 40000 40000 40000 40000 40000 40000 40000 40000 ]
[ 39999 39999 39999 40000 40000 40000 40000 40000 40000 40000 40000 40000 40000 40000 40000 40000 40000 40000 40000 40000 40000 40000 40000 40000 40000 ]
[ 39999 39999 39999 39999 40000 40000 40000 40000 40000 40000 40000 40000 40000 40000 40000 40000 40000 40000 40000 40000 40000 40000 40000 40000 40000 ]
[ 39999 39999 39999 39999 39999 40000 40000 40000 40000 40000 40000 40000 40000 40000 40000 40000 40000 40000 40000 40000 40000 40000 40000 40000 40000 ]
[ 39999 39999 39999 39999 39999 39999 40000 40000 40000 40000 40000 40000 40000 40000 40000 40000 40000 40000 40000 40000 40000 40000 40000 40000 40000 ]
[ 39999 39999 39999 39999 39999 39999 39999 40000 40000 40000 40000 40000 40000 40000 40000 40000 40000 40000 40000 40000 40000 40000 40000 40000 40000 ]
[ 39999 39999 39999 39999 39999 39999 39999 39999 40000 40000 40000 40000 40000 40000 40000 40000 40000 40000 40000 40000 40000 40000 40000 40000 40000 ]
[ 39999 39999 39999 39999 39999 39999 39999 39999 39999 40000 40000 40000 40000 40000 40000 40000 40000 40000 40000 40000 40000 40000 40000 40000 40000 ]
[ 39999 39999 39999 39999 39999 39999 39999 39999 39999 39999 40000 40000 40000 40000 40000 40000 40000 40000 40000 40000 40000 40000 40000 40000 40000 ]
[ 39999 39999 39999 39999 39999 39999 39999 39999 39999 39999 39999 40000 40000 40000 40000 40000 40000 40000 40000 40000 40000 40000 40000 40000 40000 ]
[ 39999 39999 39999 39999 39999 39999 39999 39999 39999 39999 39999 39999 40000 40000 40000 40000 40000 40000 40000 40000 40000 40000 40000 40000 40000 ]
[ 39999 39999 39999 39999 39999 39999 39999 39999 39999 39999 39999 39999 39999 40000 40000 40000 40000 40000 40000 40000 40000 40000 40000 40000 40000 ]
[ 39999 39999 39999 39999 39999 39999 39999 39999 39999 39999 39999 39999 39999 39999 40000 40000 40000 40000 40000 40000 40000 40000 40000 40000 40000 ]
[ 39999 39999 39999 39999 39999 39999 39999 39999 39999 39999 39999 39999 39999 39999 39999 40000 40000 40000 40000 40000 40000 40000 40000 40000 40000 ]
[ 39999 39999 39999 39999 39999 39999 39999 39999 39999 39999 39999 39999 39999 39999 39999 39999 40000 40000 40000 40000 40000 40000 40000 40000 40000 ]
[ 39999 39999 39999 39999 39999 39999 39999 39999 39999 39999 39999 39999 39999 39999 39999 39999 39999 40000 40000 40000 40000 40000 40000 40000 40000 ]
[ 39999 39999 39999 39999 39999 39999 39999 39999 39999 39999 39999 39999 39999 39999 39999 39999 39999 39999 40000 40000 40000 40000 40000 40000 40000 ]
[ 39999 39999 39999 39999 39999 39999 39999 39999 39999 39999 39999 39999 39999 39999 39999 39999 39999 39999 39999 40000 40000 40000 40000 40000 40000 ]

Timer (generate): 81ms real	70ms user	10ms sys
[ 40000 40000 40000 40000 40000 40000 40000 40000 40000 40000 40000 40000 40000 40000 40000 40000 40000 40000 40000 40000 40000 40000 40000 40000 40000 ]
[ 39999 40000 40000 40000 40000 40000 40000 40000 40000 40000 40000 40000 40000 40000 40000 40000 40000 40000 40000 40000 40000 40000 40000 40000 40000 ]
[ 39999 39999 40000 40000 40000 40000 40000 40000 40000 40000 40000 40000 40000 40000 40000 40000 40000 40000 40000 40000 40000 40000 40000 40000 40000 ]
[ 39999 39999 39999 40000 40000 40000 40000 40000 40000 40000 40000 40000 40000 40000 40000 40000 40000 40000 40000 40000 40000 40000 40000 40000 40000 ]
[ 39999 39999 39999 39999 40000 40000 40000 40000 40000 40000 40000 40000 40000 40000 40000 40000 40000 40000 40000 40000 40000 40000 40000 40000 40000 ]
[ 39999 39999 39999 39999 39999 40000 40000 40000 40000 40000 40000 40000 40000 40000 40000 40000 40000 40000 40000 40000 40000 40000 40000 40000 40000 ]
[ 39999 39999 39999 39999 39999 39999 40000 40000 40000 40000 40000 40000 40000 40000 40000 40000 40000 40000 40000 40000 40000 40000 40000 40000 40000 ]
[ 39999 39999 39999 39999 39999 39999 39999 40000 40000 40000 40000 40000 40000 40000 40000 40000 40000 40000 40000 40000 40000 40000 40000 40000 40000 ]
[ 39999 39999 39999 39999 39999 39999 39999 39999 40000 40000 40000 40000 40000 40000 40000 40000 40000 40000 40000 40000 40000 40000 40000 40000 40000 ]
[ 39999 39999 39999 39999 39999 39999 39999 39999 39999 40000 40000 40000 40000 40000 40000 40000 40000 40000 40000 40000 40000 40000 40000 40000 40000 ]
[ 39999 39999 39999 39999 39999 39999 39999 39999 39999 39999 40000 40000 40000 40000 40000 40000 40000 40000 40000 40000 40000 40000 40000 40000 40000 ]
[ 39999 39999 39999 39999 39999 39999 39999 39999 39999 39999 39999 40000 40000 40000 40000 40000 40000 40000 40000 40000 40000 40000 40000 40000 40000 ]
[ 39999 39999 39999 39999 39999 39999 39999 39999 39999 39999 39999 39999 40000 40000 40000 40000 40000 40000 40000 40000 40000 40000 40000 40000 40000 ]
[ 39999 39999 39999 39999 39999 39999 39999 39999 39999 39999 39999 39999 39999 40000 40000 40000 40000 40000 40000 40000 40000 40000 40000 40000 40000 ]
[ 39999 39999 39999 39999 39999 39999 39999 39999 39999 39999 39999 39999 39999 39999 40000 40000 40000 40000 40000 40000 40000 40000 40000 40000 40000 ]
[ 39999 39999 39999 39999 39999 39999 39999 39999 39999 39999 39999 39999 39999 39999 39999 40000 40000 40000 40000 40000 40000 40000 40000 40000 40000 ]
[ 39999 39999 39999 39999 39999 39999 39999 39999 39999 39999 39999 39999 39999 39999 39999 39999 40000 40000 40000 40000 40000 40000 40000 40000 40000 ]
[ 39999 39999 39999 39999 39999 39999 39999 39999 39999 39999 39999 39999 39999 39999 39999 39999 39999 40000 40000 40000 40000 40000 40000 40000 40000 ]
[ 39999 39999 39999 39999 39999 39999 39999 39999 39999 39999 39999 39999 39999 39999 39999 39999 39999 39999 40000 40000 40000 40000 40000 40000 40000 ]
[ 39999 39999 39999 39999 39999 39999 39999 39999 39999 39999 39999 39999 39999 39999 39999 39999 39999 39999 39999 40000 40000 40000 40000 40000 40000 ]

Timer (generate): 87ms real	50ms user	20ms sys
[ 40000 40000 40000 40000 40000 40000 40000 40000 40000 40000 40000 40000 40000 40000 40000 40000 40000 40000 40000 40000 40000 40000 40000 40000 40000 ]
[ 39999 40000 40000 40000 40000 40000 40000 40000 40000 40000 40000 40000 40000 40000 40000 40000 40000 40000 40000 40000 40000 40000 40000 40000 40000 ]
[ 39999 39999 40000 40000 40000 40000 40000 40000 40000 40000 40000 40000 40000 40000 40000 40000 40000 40000 40000 40000 40000 40000 40000 40000 40000 ]
[ 39999 39999 39999 40000 40000 40000 40000 40000 40000 40000 40000 40000 40000 40000 40000 40000 40000 40000 40000 40000 40000 40000 40000 40000 40000 ]
[ 39999 39999 39999 39999 40000 40000 40000 40000 40000 40000 40000 40000 40000 40000 40000 40000 40000 40000 40000 40000 40000 40000 40000 40000 40000 ]
[ 39999 39999 39999 39999 39999 40000 40000 40000 40000 40000 40000 40000 40000 40000 40000 40000 40000 40000 40000 40000 40000 40000 40000 40000 40000 ]
[ 39999 39999 39999 39999 39999 39999 40000 40000 40000 40000 40000 40000 40000 40000 40000 40000 40000 40000 40000 40000 40000 40000 40000 40000 40000 ]
[ 39999 39999 39999 39999 39999 39999 39999 40000 40000 40000 40000 40000 40000 40000 40000 40000 40000 40000 40000 40000 40000 40000 40000 40000 40000 ]
[ 39999 39999 39999 39999 39999 39999 39999 39999 40000 40000 40000 40000 40000 40000 40000 40000 40000 40000 40000 40000 40000 40000 40000 40000 40000 ]
[ 39999 39999 39999 39999 39999 39999 39999 39999 39999 40000 40000 40000 40000 40000 40000 40000 40000 40000 40000 40000 40000 40000 40000 40000 40000 ]
[ 39999 39999 39999 39999 39999 39999 39999 39999 39999 39999 40000 40000 40000 40000 40000 40000 40000 40000 40000 40000 40000 40000 40000 40000 40000 ]
[ 39999 39999 39999 39999 39999 39999 39999 39999 39999 39999 39999 40000 40000 40000 40000 40000 40000 40000 40000 40000 40000 40000 40000 40000 40000 ]
[ 39999 39999 39999 39999 39999 39999 39999 39999 39999 39999 39999 39999 40000 40000 40000 40000 40000 40000 40000 40000 40000 40000 40000 40000 40000 ]
[ 39999 39999 39999 39999 39999 39999 39999 39999 39999 39999 39999 39999 39999 40000 40000 40000 40000 40000 40000 40000 40000 40000 40000 40000 40000 ]
[ 39999 39999 39999 39999 39999 39999 39999 39999 39999 39999 39999 39999 39999 39999 40000 40000 40000 40000 40000 40000 40000 40000 40000 40000 40000 ]
[ 39999 39999 39999 39999 39999 39999 39999 39999 39999 39999 39999 39999 39999 39999 39999 40000 40000 40000 40000 40000 40000 40000 40000 40000 40000 ]
[ 39999 39999 39999 39999 39999 39999 39999 39999 39999 39999 39999 39999 39999 39999 39999 39999 40000 40000 40000 40000 40000 40000 40000 40000 40000 ]
[ 39999 39999 39999 39999 39999 39999 39999 39999 39999 39999 39999 39999 39999 39999 39999 39999 39999 40000 40000 40000 40000 40000 40000 40000 40000 ]
[ 39999 39999 39999 39999 39999 39999 39999 39999 39999 39999 39999 39999 39999 39999 39999 39999 39999 39999 40000 40000 40000 40000 40000 40000 40000 ]
[ 39999 39999 39999 39999 39999 39999 39999 39999 39999 39999 39999 39999 39999 39999 39999 39999 39999 39999 39999 40000 40000 40000 40000 40000 40000 ]

Timer (generate): 81ms real	40ms user	30ms sys
[ 40000 40000 40000 40000 40000 40000 40000 40000 40000 40000 40000 40000 40000 40000 40000 40000 40000 40000 40000 40000 40000 40000 40000 40000 40000 ]
[ 39999 40000 40000 40000 40000 40000 40000 40000 40000 40000 40000 40000 40000 40000 40000 40000 40000 40000 40000 40000 40000 40000 40000 40000 40000 ]
[ 39999 39999 40000 40000 40000 40000 40000 40000 40000 40000 40000 40000 40000 40000 40000 40000 40000 40000 40000 40000 40000 40000 40000 40000 40000 ]
[ 39999 39999 39999 40000 40000 40000 40000 40000 40000 40000 40000 40000 40000 40000 40000 40000 40000 40000 40000 40000 40000 40000 40000 40000 40000 ]
[ 39999 39999 39999 39999 40000 40000 40000 40000 40000 40000 40000 40000 40000 40000 40000 40000 40000 40000 40000 40000 40000 40000 40000 40000 40000 ]
[ 39999 39999 39999 39999 39999 40000 40000 40000 40000 40000 40000 40000 40000 40000 40000 40000 40000 40000 40000 40000 40000 40000 40000 40000 40000 ]
[ 39999 39999 39999 39999 39999 39999 40000 40000 40000 40000 40000 40000 40000 40000 40000 40000 40000 40000 40000 40000 40000 40000 40000 40000 40000 ]
[ 39999 39999 39999 39999 39999 39999 39999 40000 40000 40000 40000 40000 40000 40000 40000 40000 40000 40000 40000 40000 40000 40000 40000 40000 40000 ]
[ 39999 39999 39999 39999 39999 39999 39999 39999 40000 40000 40000 40000 40000 40000 40000 40000 40000 40000 40000 40000 40000 40000 40000 40000 40000 ]
[ 39999 39999 39999 39999 39999 39999 39999 39999 39999 40000 40000 40000 40000 40000 40000 40000 40000 40000 40000 40000 40000 40000 40000 40000 40000 ]
[ 39999 39999 39999 39999 39999 39999 39999 39999 39999 39999 40000 40000 40000 40000 40000 40000 40000 40000 40000 40000 40000 40000 40000 40000 40000 ]
[ 39999 39999 39999 39999 39999 39999 39999 39999 39999 39999 39999 40000 40000 40000 40000 40000 40000 40000 40000 40000 40000 40000 40000 40000 40000 ]
[ 39999 39999 39999 39999 39999 39999 39999 39999 39999 39999 39999 39999 40000 40000 40000 40000 40000 40000 40000 40000 40000 40000 40000 40000 40000 ]
[ 39999 39999 39999 39999 39999 39999 39999 39999 39999 39999 39999 39999 39999 40000 40000 40000 40000 40000 40000 40000 40000 40000 40000 40000 40000 ]
[ 39999 39999 39999 39999 39999 39999 39999 39999 39999 39999 39999 39999 39999 39999 40000 40000 40000 40000 40000 40000 40000 40000 40000 40000 40000 ]
[ 39999 39999 39999 39999 39999 39999 39999 39999 39999 39999 39999 39999 39999 39999 39999 40000 40000 40000 40000 40000 40000 40000 40000 40000 40000 ]
[ 39999 39999 39999 39999 39999 39999 39999 39999 39999 39999 39999 39999 39999 39999 39999 39999 40000 40000 40000 40000 40000 40000 40000 40000 40000 ]
[ 39999 39999 39999 39999 39999 39999 39999 39999 39999 39999 39999 39999 39999 39999 39999 39999 39999 40000 40000 40000 40000 40000 40000 40000 40000 ]
[ 39999 39999 39999 39999 39999 39999 39999 39999 39999 39999 39999 39999 39999 39999 39999 39999 39999 39999 40000 40000 40000 40000 40000 40000 40000 ]
[ 39999 39999 39999 39999 39999 39999 39999 39999 39999 39999 39999 39999 39999 39999 39999 39999 39999 39999 39999 40000 40000 40000 40000 40000 40000 ]

Timer (generate): 81ms real	60ms user	20ms sys
[ 40000 40000 40000 40000 40000 40000 40000 40000 40000 40000 40000 40000 40000 40000 40000 40000 40000 40000 40000 40000 40000 40000 40000 40000 40000 ]
[ 39999 40000 40000 40000 40000 40000 40000 40000 40000 40000 40000 40000 40000 40000 40000 40000 40000 40000 40000 40000 40000 40000 40000 40000 40000 ]
[ 39999 39999 40000 40000 40000 40000 40000 40000 40000 40000 40000 40000 40000 40000 40000 40000 40000 40000 40000 40000 40000 40000 40000 40000 40000 ]
[ 39999 39999 39999 40000 40000 40000 40000 40000 40000 40000 40000 40000 40000 40000 40000 40000 40000 40000 40000 40000 40000 40000 40000 40000 40000 ]
[ 39999 39999 39999 39999 40000 40000 40000 40000 40000 40000 40000 40000 40000 40000 40000 40000 40000 40000 40000 40000 40000 40000 40000 40000 40000 ]
[ 39999 39999 39999 39999 39999 40000 40000 40000 40000 40000 40000 40000 40000 40000 40000 40000 40000 40000 40000 40000 40000 40000 40000 40000 40000 ]
[ 39999 39999 39999 39999 39999 39999 40000 40000 40000 40000 40000 40000 40000 40000 40000 40000 40000 40000 40000 40000 40000 40000 40000 40000 40000 ]
[ 39999 39999 39999 39999 39999 39999 39999 40000 40000 40000 40000 40000 40000 40000 40000 40000 40000 40000 40000 40000 40000 40000 40000 40000 40000 ]
[ 39999 39999 39999 39999 39999 39999 39999 39999 40000 40000 40000 40000 40000 40000 40000 40000 40000 40000 40000 40000 40000 40000 40000 40000 40000 ]
[ 39999 39999 39999 39999 39999 39999 39999 39999 39999 40000 40000 40000 40000 40000 40000 40000 40000 40000 40000 40000 40000 40000 40000 40000 40000 ]
[ 39999 39999 39999 39999 39999 39999 39999 39999 39999 39999 40000 40000 40000 40000 40000 40000 40000 40000 40000 40000 40000 40000 40000 40000 40000 ]
[ 39999 39999 39999 39999 39999 39999 39999 39999 39999 39999 39999 40000 40000 40000 40000 40000 40000 40000 40000 40000 40000 40000 40000 40000 40000 ]
[ 39999 39999 39999 39999 39999 39999 39999 39999 39999 39999 39999 39999 40000 40000 40000 40000 40000 40000 40000 40000 40000 40000 40000 40000 40000 ]
[ 39999 39999 39999 39999 39999 39999 39999 39999 39999 39999 39999 39999 39999 40000 40000 40000 40000 40000 40000 40000 40000 40000 40000 40000 40000 ]
[ 39999 39999 39999 39999 39999 39999 39999 39999 39999 39999 39999 39999 39999 39999 40000 40000 40000 40000 40000 40000 40000 40000 40000 40000 40000 ]
[ 39999 39999 39999 39999 39999 39999 39999 39999 39999 39999 39999 39999 39999 39999 39999 40000 40000 40000 40000 40000 40000 40000 40000 40000 40000 ]
[ 39999 39999 39999 39999 39999 39999 39999 39999 39999 39999 39999 39999 39999 39999 39999 39999 40000 40000 40000 40000 40000 40000 40000 40000 40000 ]
[ 39999 39999 39999 39999 39999 39999 39999 39999 39999 39999 39999 39999 39999 39999 39999 39999 39999 40000 40000 40000 40000 40000 40000 40000 40000 ]
[ 39999 39999 39999 39999 39999 39999 39999 39999 39999 39999 39999 39999 39999 39999 39999 39999 39999 39999 40000 40000 40000 40000 40000 40000 40000 ]
[ 39999 39999 39999 39999 39999 39999 39999 39999 39999 39999 39999 39999 39999 39999 39999 39999 39999 39999 39999 40000 40000 40000 40000 40000 40000 ]

