Timer (generate): 15ms real	20ms user	0ms sys
[ 28 67 33 54 55 59 25 64 67 91 52 94 89 18 79 63 53 18 42 1 67 83 82 29 80 ]
[ 41 96 97 6 73 74 34 92 7 40 0 66 66 64 85 57 68 79 98 86 11 61 91 81 3 ]
[ 44 48 87 26 29 19 20 26 16 26 51 42 13 95 49 53 95 67 71 11 5 80 32 36 78 ]
[ 70 47 39 62 28 95 6 28 82 85 10 1 57 88 69 83 91 12 96 86 13 2 82 33 73 ]
[ 45 38 54 77 74 32 48 74 24 62 54 19 20 35 53 57 45 6 14 33 27 50 76 39 46 ]
[ 62 5 0 96 38 74 42 28 80 71 54 12 71 28 88 85 35 7 6 70 60 15 15 66 30 ]
[ 0 94 80 76 85 78 90 42 79 87 32 5 81 60 85 4 67 49 76 95 38 13 82 97 71 ]
[ 52 58 87 19 76 17 71 22 49 47 60 79 90 2 58 77 87 15 10 99 52 14 66 2 42 ]
[ 14 92 56 96 89 27 49 47 14 20 76 83 92 50 84 91 10 64 81 65 74 58 4 90 20 ]
[ 3 42 35 70 44 29 84 88 85 32 78 65 81 77 79 2 53 15 46 56 99 37 18 63 19 ]
[ 35 38 29 39 80 50 43 22 37 13 19 66 49 7 4 81 85 69 15 15 0 69 20 15 15 ]
[ 76 67 52 95 82 71 30 20 1 22 52 3 65 75 40 78 46 58 79 53 62 60 91 83 27 ]
[ 6 84 96 78 51 11 55 18 16 2 1 87 84 73 40 6 26 43 71 53 35 1 99 46 32 ]
[ 4 8 93 47 92 72 53 28 69 84 79 32 39 50 48 93 3 88 77 28 80 36 6 76 59 ]
[ 59 63 13 10 9 45 15 70 38 62 14 63 68 42 32 52 73 16 43 23 17 88 78 57 65 ]
[ 7 37 53 65 65 13 25 29 26 87 38 71 54 8 62 69 22 25 89 16 9 93 90 77 36 ]
[ 65 94 76 44 51 41 3 41 47 68 6 12 45 35 38 33 26 61 39 86 75 8 9 52 49 ]
[ 77 13 42 67 91 30 85 85 6 29 89 0 84 82 47 52 88 59 98 76 49 83 54 62 74 ]
[ 40 90 35 1 42 84 79 56 27 98 99 9 83 36 16 12 25 68 96 59 67 1 48 78 51 ]
[ 76 79 34 30 41 60 22 31 95 24 26 80 55 34 59 53 33 68 37 69 36 1 47 56 50 ]

Running merge sort algorithm: 
Timer (sort): 7ms real	10ms user	0ms sys
The output is sorted!
[ 17 67 23 18 38 50 21 1 5 19 6 42 17 17 19 15 5 26 1 24 21 0 17 97 12 ]
[ 82 77 61 42 18 1 7 14 15 24 49 13 16 1 24 13 34 20 50 6 22 11 4 50 0 ]
[ 10 13 55 33 19 32 24 12 19 10 50 7 24 2 6 43 8 54 24 36 29 87 5 2 82 ]
[ 39 19 31 2 3 40 83 50 24 24 23 72 3 19 11 18 4 48 19 17 46 42 10 5 52 ]
[ 42 4 35 41 23 29 45 74 20 53 20 13 18 5 36 11 43 27 38 43 21 26 8 10 48 ]
[ 47 16 22 16 1 52 44 53 70 4 33 45 55 9 8 11 1 0 48 57 64 17 11 26 23 ]
[ 18 13 64 17 0 47 3 56 1 28 79 72 41 3 38 10 1 25 5 22 32 28 49 84 3 ]
[ 2 1 23 60 22 12 61 63 42 11 4 17 22 59 10 80 62 28 24 21 39 22 26 27 1 ]
[ 38 20 0 3 34 25 12 10 21 10 16 70 59 36 57 64 32 62 39 6 2 13 66 33 15 ]
[ 39 3 12 66 55 44 6 8 11 7 64 36 21 76 62 34 5 1 45 29 10 31 59 18 10 ]
[ 85 12 78 5 61 52 9 34 49 5 20 0 19 65 47 12 21 8 0 8 74 34 10 47 2 ]
[ 6 15 6 98 50 42 43 12 2 14 79 3 49 12 26 0 18 77 40 9 9 64 15 66 6 ]
[ 59 21 39 84 21 26 7 35 23 33 27 25 22 58 48 2 24 34 34 6 18 16 15 66 20 ]
[ 11 26 52 23 85 6 55 23 16 11 54 45 1 0 25 4 60 56 18 18 6 35 80 21 35 ]
[ 24 77 8 35 61 19 43 43 3 5 41 95 31 33 0 12 87 57 15 10 10 1 24 11 26 ]
[ 14 6 60 2 89 85 52 12 5 36 64 9 0 12 12 63 30 69 1 0 23 31 2 24 73 ]
[ 72 15 12 83 51 1 15 37 35 15 52 7 2 62 27 24 21 22 26 31 4 35 73 33 22 ]
[ 14 17 16 21 4 24 73 19 63 7 3 43 8 79 61 25 34 5 15 43 47 16 15 88 37 ]
[ 70 34 34 22 4 92 13 18 22 74 12 14 28 31 27 21 17 12 34 49 45 20 18 33 36 ]
[ 20 62 41 42 37 34 11 23 14 19 35 48 17 28 76 38 31 4 64 14 46 18 39 11 10 ]

Timer (generate): 33ms real	30ms user	0ms sys
[ 79 48 22 75 12 36 88 96 29 88 54 83 48 88 31 1 99 64 9 17 1 1 91 58 84 ]
[ 20 12 63 76 64 15 7 12 37 83 24 25 23 72 54 11 26 38 11 66 21 64 66 85 74 ]
[ 83 38 75 26 96 11 47 8 26 75 72 41 82 84 30 17 60 56 40 33 62 3 11 0 15 ]
[ 78 73 79 44 58 5 79 48 32 58 44 43 57 4 21 32 28 62 14 12 93 32 25 1 24 ]
[ 58 63 28 21 16 43 99 89 74 95 0 80 27 48 12 37 93 8 94 49 29 26 78 92 92 ]
[ 90 37 24 67 38 49 25 53 29 99 69 72 50 59 46 98 59 78 25 59 91 14 52 99 8 ]
[ 2 28 34 80 72 26 22 61 3 42 51 4 19 5 33 18 74 57 69 85 3 67 96 82 44 ]
[ 56 25 58 60 24 66 14 4 52 46 29 78 21 90 33 63 42 37 82 99 70 1 25 79 22 ]
[ 11 35 41 59 69 85 15 94 95 28 70 13 42 74 17 41 3 95 62 46 81 25 88 18 7 ]
[ 39 41 60 64 72 82 27 7 75 87 76 60 54 70 7 82 92 72 77 67 89 18 22 37 32 ]
[ 20 18 9 60 88 68 99 81 29 64 54 63 91 61 39 78 38 51 85 60 11 19 53 83 96 ]
[ 72 73 66 46 10 50 67 80 59 27 68 28 27 2 57 43 56 72 34 17 63 65 7 15 2 ]
[ 68 26 21 21 61 70 45 34 36 91 96 87 58 28 98 38 49 26 65 51 83 60 7 8 46 ]
[ 76 71 63 84 86 65 4 64 87 25 26 57 70 12 45 13 61 84 72 89 83 10 90 9 27 ]
[ 41 45 87 48 5 85 77 76 49 61 15 14 65 79 53 42 57 62 64 22 8 77 35 44 49 ]
[ 76 79 11 67 41 90 8 38 77 9 43 15 86 19 64 47 34 30 64 66 84 6 75 98 22 ]
[ 49 58 99 84 3 1 61 34 64 28 75 55 88 13 84 97 8 99 35 28 63 34 14 46 98 ]
[ 32 82 56 60 80 30 9 39 30 46 42 83 7 28 47 87 4 2 27 69 87 77 78 86 12 ]
[ 58 2 47 24 48 97 57 30 6 69 10 36 78 49 18 76 43 1 83 72 49 22 28 51 50 ]
[ 49 38 27 79 77 91 37 79 90 62 27 40 71 9 46 92 19 34 22 21 5 99 16 6 82 ]

Running merge sort algorithm: 
Timer (sort): 11ms real	10ms user	10ms sys
The output is sorted!
[ 33 3 57 8 11 59 26 4 1 24 92 41 45 37 28 30 4 33 7 33 51 3 4 1 11 ]
[ 9 22 59 34 6 1 83 25 0 38 32 22 46 5 55 23 46 5 3 3 52 27 4 43 24 ]
[ 28 14 47 3 19 9 32 41 74 99 16 15 14 19 3 15 24 45 81 3 29 22 1 4 15 ]
[ 1 28 37 0 29 1 2 32 5 33 76 5 25 22 3 30 23 28 51 67 64 46 2 5 60 ]
[ 56 85 36 12 0 2 30 15 45 36 23 1 2 5 1 99 4 4 4 39 8 87 50 31 13 ]
[ 1 2 81 1 14 26 5 31 81 18 74 59 20 13 22 37 7 30 36 62 8 10 20 14 28 ]
[ 5 20 8 35 21 12 28 78 47 3 7 77 4 26 4 9 5 49 54 25 4 39 38 94 16 ]
[ 37 40 27 25 35 4 65 4 16 2 58 5 73 16 26 4 5 28 7 29 26 5 45 78 51 ]
[ 4 45 27 26 30 29 6 22 2 70 0 15 44 8 13 29 22 5 60 35 18 66 95 39 4 ]
[ 39 66 28 90 16 8 4 37 22 3 23 3 32 60 25 58 31 42 17 24 3 37 35 0 30 ]
[ 37 40 27 1 10 6 23 22 77 53 20 0 17 49 15 58 36 31 57 2 7 44 63 12 27 ]
[ 5 5 55 26 22 53 18 74 1 72 7 12 48 1 26 16 9 21 56 64 42 32 22 7 45 ]
[ 56 29 57 49 52 13 21 40 4 10 0 40 9 8 16 87 27 28 25 22 64 66 0 2 19 ]
[ 21 41 51 17 30 12 2 59 0 15 75 9 74 4 5 85 3 20 23 47 33 22 59 36 6 ]
[ 9 2 15 10 1 61 1 38 1 59 17 15 88 91 92 17 0 20 31 1 21 28 38 11 86 ]
[ 32 9 5 53 59 6 24 17 77 30 42 28 15 32 66 27 15 50 46 23 20 13 4 47 18 ]
[ 40 47 30 29 39 48 23 17 9 3 0 28 13 51 45 14 62 58 18 57 23 4 11 89 2 ]
[ 17 21 51 20 0 4 71 5 17 36 45 20 25 20 20 31 30 5 69 11 40 18 93 93 0 ]
[ 26 7 20 25 0 56 1 70 28 83 2 12 28 82 42 48 33 9 52 59 18 8 2 14 37 ]
[ 73 12 57 13 59 0 19 12 24 16 8 38 98 27 67 9 5 88 1 25 5 1 56 15 38 ]

Timer (generate): 23ms real	20ms user	0ms sys
[ 44 39 49 89 13 54 36 25 8 88 96 84 8 88 53 5 52 55 10 57 5 24 87 63 59 ]
[ 9 88 72 85 61 25 29 52 26 70 66 32 7 91 40 47 87 25 55 27 30 12 79 85 22 ]
[ 88 91 46 75 54 5 84 43 78 69 56 55 50 9 34 73 75 66 32 18 7 79 57 84 86 ]
[ 84 14 50 15 51 72 4 94 18 31 49 75 16 44 53 37 52 61 40 13 95 13 40 13 45 ]
[ 58 72 76 67 8 14 51 22 64 19 26 36 23 20 6 54 21 81 22 17 87 60 70 0 0 ]
[ 83 95 65 24 60 62 34 33 38 2 41 52 5 16 68 76 42 56 99 14 62 6 36 95 80 ]
[ 53 34 92 23 34 44 59 81 9 35 42 71 21 27 9 75 20 13 81 88 33 57 30 89 9 ]
[ 97 3 67 33 51 99 86 85 92 62 72 36 21 53 46 8 47 69 29 26 31 5 47 96 38 ]
[ 35 30 47 18 19 8 15 75 27 48 26 27 86 63 19 48 35 7 21 41 53 81 88 75 11 ]
[ 67 6 68 14 2 58 1 32 57 19 4 66 86 31 93 86 57 72 73 20 43 73 8 51 47 ]
[ 49 56 28 89 31 91 56 37 11 70 40 69 24 24 27 95 80 45 82 11 90 20 68 63 45 ]
[ 41 6 71 49 9 18 50 66 98 39 49 42 96 87 53 18 79 75 42 55 54 38 36 99 72 ]
[ 47 89 92 68 4 38 61 63 9 62 72 79 12 38 29 51 88 71 99 27 77 18 58 52 12 ]
[ 13 6 2 49 57 74 49 46 19 69 3 9 30 66 70 92 38 49 4 29 78 7 17 2 59 ]
[ 96 79 77 54 31 41 67 89 44 69 46 70 70 44 89 39 47 98 69 65 68 61 4 69 17 ]
[ 33 48 76 2 2 35 98 81 64 4 64 6 23 53 2 92 51 72 62 47 62 1 47 12 22 ]
[ 12 33 83 16 2 52 1 2 81 55 4 16 53 85 33 9 1 91 33 6 93 25 57 17 40 ]
[ 57 31 93 4 44 16 16 77 51 85 31 56 86 34 37 42 38 5 47 76 38 57 77 81 42 ]
[ 84 74 19 93 92 59 50 75 53 54 19 69 23 48 72 8 80 28 46 66 65 40 4 71 88 ]
[ 32 61 97 62 43 39 98 69 58 91 13 70 94 89 23 0 8 44 23 9 68 83 41 97 30 ]

Running merge sort algorithm: 
Timer (sort): 5ms real	0ms user	0ms sys
The output is sorted!
[ 7 32 16 14 0 89 10 6 30 52 1 34 3 12 94 17 24 4 92 8 13 19 26 30 6 ]
[ 31 2 3 21 8 26 11 18 22 27 89 8 1 4 65 1 16 46 18 61 10 14 82 36 54 ]
[ 8 7 27 37 79 20 13 2 28 1 0 49 18 7 21 34 24 6 32 47 98 72 66 9 19 ]
[ 24 61 18 43 70 17 41 41 77 32 7 30 6 68 39 6 23 0 19 31 51 7 19 5 2 ]
[ 49 0 15 95 20 16 31 15 1 27 5 21 40 23 4 1 23 13 84 2 59 34 37 84 50 ]
[ 16 56 17 8 5 97 32 9 18 24 15 21 58 24 45 13 12 17 10 74 61 10 14 56 37 ]
[ 97 45 3 13 17 4 61 20 10 45 29 12 7 28 48 94 5 19 52 19 50 17 18 22 23 ]
[ 60 73 12 15 27 31 23 12 5 7 59 17 17 50 7 5 65 75 40 5 3 31 6 86 30 ]
[ 65 62 53 41 23 0 76 3 23 10 36 9 11 12 45 33 6 85 43 11 1 67 43 1 8 ]
[ 7 19 1 18 27 77 67 22 1 16 5 1 79 74 20 65 40 44 5 1 41 30 2 75 33 ]
[ 10 52 8 24 22 34 60 24 49 37 42 5 25 65 10 70 11 24 50 14 13 21 47 47 7 ]
[ 23 18 21 36 8 56 15 11 14 81 14 0 46 66 29 2 6 90 7 10 21 84 10 99 9 ]
[ 38 55 20 19 74 21 10 80 5 15 5 10 34 16 59 14 30 43 23 96 10 15 50 4 32 ]
[ 14 3 76 30 20 2 39 22 20 18 3 32 45 52 0 5 53 40 15 34 37 63 48 87 20 ]
[ 27 64 3 15 30 37 13 73 44 41 45 49 13 2 14 12 13 14 80 76 21 0 79 7 11 ]
[ 15 35 45 11 47 44 34 16 47 52 49 12 2 13 65 19 0 93 16 24 29 10 47 38 21 ]
[ 58 55 0 0 22 1 86 43 14 72 28 12 9 30 77 3 0 93 87 5 32 8 6 26 20 ]
[ 10 27 57 21 8 63 22 2 30 33 48 95 3 56 17 10 30 45 7 45 24 20 1 59 54 ]
[ 32 33 8 8 96 61 87 41 8 59 11 0 70 14 39 14 14 30 7 0 87 58 0 10 1 ]
[ 16 64 23 52 74 80 80 31 1 51 9 17 11 0 42 64 25 3 0 0 31 29 43 35 9 ]

Timer (generate): 9ms real	10ms user	0ms sys
[ 46 7 94 77 4 92 67 23 25 35 88 79 98 84 30 69 92 33 23 33 35 76 58 3 10 ]
[ 12 53 36 91 16 23 90 75 17 67 31 9 35 54 87 22 95 66 20 31 48 41 23 33 16 ]
[ 57 69 93 15 24 55 27 77 91 18 45 14 8 20 83 28 52 45 15 58 84 37 5 2 9 ]
[ 36 50 3 60 36 19 69 57 64 36 81 19 63 58 10 33 56 76 42 76 60 22 80 57 37 ]
[ 91 41 26 96 43 87 85 45 90 97 81 62 66 38 26 2 19 46 17 30 8 50 86 37 44 ]
[ 14 49 66 95 6 55 38 47 81 34 90 69 71 87 11 68 69 73 34 7 0 88 79 98 5 ]
[ 9 6 8 95 95 52 9 44 71 56 50 26 94 97 8 81 39 29 52 27 40 21 48 66 7 ]
[ 7 18 48 86 16 53 95 74 13 42 70 66 4 14 89 60 17 15 7 66 75 40 58 56 92 ]
[ 85 49 65 85 15 25 92 33 73 79 1 78 26 27 92 69 49 10 25 16 99 37 33 66 44 ]
[ 99 94 84 57 50 29 94 99 46 79 66 71 24 99 96 55 52 27 81 80 71 2 29 81 27 ]
[ 45 32 65 30 50 61 30 44 98 39 47 79 34 46 25 65 13 49 89 64 45 44 17 24 78 ]
[ 49 95 80 30 28 60 76 12 77 58 63 38 88 59 88 28 6 67 14 53 93 79 18 94 69 ]
[ 82 39 65 51 16 43 52 11 76 83 40 88 11 52 65 69 15 55 58 27 44 38 33 63 52 ]
[ 38 8 31 56 2 52 91 94 18 94 10 13 47 21 41 30 13 29 41 66 94 10 33 2 20 ]
[ 60 98 58 94 61 10 84 70 94 41 72 46 84 66 16 78 28 82 25 50 23 55 63 53 48 ]
[ 81 99 59 15 53 79 27 51 38 73 13 0 58 35 94 99 59 41 35 26 9 13 6 91 39 ]
[ 56 15 46 72 20 95 53 71 6 20 25 37 48 76 27 21 41 28 79 76 22 30 36 15 65 ]
[ 14 77 31 20 68 22 29 35 20 1 7 67 6 79 73 27 56 11 75 84 38 48 26 18 80 ]
[ 54 93 10 42 8 28 8 37 59 81 6 33 10 93 53 63 1 21 69 32 94 48 88 57 23 ]
[ 72 48 72 50 66 52 5 59 14 99 20 94 8 57 5 89 15 38 51 9 92 66 62 65 87 ]

Running merge sort algorithm: 
Timer (sort): 5ms real	10ms user	0ms sys
The output is sorted!
[ 16 17 56 24 2 10 28 5 67 16 21 25 4 84 22 54 0 5 9 46 21 32 38 0 39 ]
[ 22 16 39 63 63 12 1 2 56 9 2 38 16 1 8 22 10 56 9 3 27 52 6 25 97 ]
[ 41 75 0 20 14 20 14 13 47 10 17 69 83 49 2 17 0 23 2 29 8 18 25 17 91 ]
[ 53 63 12 14 8 40 11 38 72 26 56 36 21 1 7 16 2 39 15 69 6 38 34 9 20 ]
[ 14 19 30 0 19 15 98 30 0 0 14 7 13 53 29 11 39 38 66 7 63 55 21 22 66 ]
[ 11 16 20 5 34 56 47 36 17 75 17 0 33 35 29 36 14 21 30 9 70 30 18 16 61 ]
[ 12 10 25 7 15 10 20 5 28 64 11 22 18 14 1 24 75 46 36 16 27 68 67 89 30 ]
[ 46 12 65 7 19 34 62 12 24 0 53 47 49 22 91 4 25 8 21 0 87 7 26 0 28 ]
[ 64 39 8 1 41 12 49 1 28 31 52 2 30 3 42 32 21 13 2 98 25 23 70 65 0 ]
[ 52 44 28 25 82 65 24 36 3 26 14 19 38 41 13 7 2 0 0 1 79 58 22 69 5 ]
[ 1 32 8 67 38 7 61 1 44 43 23 51 96 43 3 12 24 0 20 81 6 41 21 28 8 ]
[ 13 32 5 5 31 55 23 25 0 10 72 38 14 61 18 41 31 78 11 34 46 11 59 42 6 ]
[ 0 50 64 18 38 25 47 51 59 59 11 11 40 2 9 26 26 12 63 15 1 12 79 5 39 ]
[ 96 1 35 14 13 11 19 4 23 59 9 18 62 2 8 21 53 71 78 5 38 53 7 20 49 ]
[ 36 92 4 21 24 7 75 40 0 33 7 5 45 54 12 27 11 2 10 8 82 70 49 55 0 ]
[ 35 22 52 13 78 52 11 28 2 22 4 76 41 13 18 50 89 13 2 21 69 46 1 16 2 ]
[ 79 22 26 1 63 80 59 6 59 29 19 30 94 5 10 45 44 13 4 27 10 13 27 0 11 ]
[ 40 7 64 42 43 52 15 1 2 17 16 0 30 96 49 74 11 73 34 23 43 5 17 24 1 ]
[ 25 73 56 23 53 42 24 60 15 58 12 2 5 17 75 45 9 56 6 30 0 8 36 9 43 ]
[ 12 15 28 80 38 38 3 2 15 82 9 33 2 69 24 20 62 78 4 31 49 12 4 9 65 ]

Timer (generate): 9ms real	10ms user	0ms sys
[ 78 47 97 4 30 93 96 92 34 52 27 54 33 73 82 16 73 36 3 27 34 85 45 11 57 ]
[ 49 41 13 35 57 92 13 56 41 70 38 34 66 31 20 70 58 74 55 83 56 72 57 44 75 ]
[ 36 78 12 82 41 70 83 83 35 18 92 79 83 0 72 53 38 6 71 69 78 94 79 53 49 ]
[ 63 61 73 20 6 48 56 36 13 90 78 35 73 61 70 43 5 2 27 5 74 32 95 33 56 ]
[ 65 11 50 44 64 51 7 26 25 79 84 25 88 20 38 78 98 25 4 11 48 47 68 50 26 ]
[ 73 24 59 21 57 15 38 69 17 82 85 20 42 63 45 73 47 23 13 20 61 44 70 39 48 ]
[ 82 87 47 2 37 74 76 61 85 49 71 52 87 92 21 21 77 41 63 93 87 89 92 10 2 ]
[ 12 23 98 83 62 98 17 49 46 19 38 72 47 0 9 96 23 61 35 15 34 57 44 75 72 ]
[ 89 14 61 82 76 16 46 52 66 81 66 65 98 68 63 70 6 35 69 58 96 18 81 57 53 ]
[ 48 43 10 93 18 83 82 85 96 16 61 64 63 13 31 44 80 96 95 48 59 17 6 46 86 ]
[ 65 42 56 46 51 10 47 94 72 92 64 7 26 49 56 43 63 20 6 28 3 2 8 51 97 ]
[ 8 10 14 67 8 53 32 2 9 30 53 71 77 99 96 69 16 3 96 65 11 91 80 84 49 ]
[ 9 87 51 69 39 49 30 1 15 97 10 68 29 64 30 59 18 1 89 69 97 10 85 53 6 ]
[ 3 16 49 83 0 98 44 88 50 14 79 51 44 80 66 41 42 87 22 7 69 33 77 22 22 ]
[ 46 20 33 84 25 91 87 41 41 22 94 91 67 82 41 81 61 92 25 93 11 18 36 50 40 ]
[ 43 71 73 20 93 48 18 65 81 2 90 24 89 84 17 12 78 9 79 12 50 12 25 95 89 ]
[ 18 58 7 6 60 99 1 31 24 21 76 72 40 42 5 42 84 30 84 68 99 48 98 8 79 ]
[ 62 11 91 39 58 32 10 68 91 16 28 90 18 11 14 91 87 39 83 29 44 78 14 26 62 ]
[ 34 26 10 85 34 41 99 97 84 39 55 16 1 23 7 17 3 97 87 14 63 79 54 2 14 ]
[ 35 99 92 1 25 54 88 3 16 25 90 9 24 87 93 15 43 9 16 66 16 86 70 65 25 ]

Running merge sort algorithm: 
Timer (sort): 4ms real	0ms user	0ms sys
The output is sorted!
[ 69 32 9 7 7 31 12 0 63 2 25 64 16 1 20 41 21 6 3 52 77 40 0 0 52 ]
[ 35 23 61 3 25 37 3 35 31 34 15 9 0 17 5 16 11 7 73 4 76 13 7 28 84 ]
[ 6 35 21 18 0 44 38 33 55 27 6 3 3 91 7 27 25 37 39 3 10 65 17 52 4 ]
[ 22 65 1 51 13 0 12 2 30 53 12 90 14 6 1 32 5 17 18 26 97 14 30 58 40 ]
[ 41 26 5 29 1 22 15 1 3 12 3 45 8 15 21 61 62 25 35 81 2 75 21 50 73 ]
[ 25 4 45 13 49 15 61 8 93 59 59 20 11 17 10 10 11 43 19 0 6 36 32 12 80 ]
[ 5 4 30 44 48 8 25 59 29 73 35 67 32 88 7 48 2 11 61 13 5 20 17 12 14 ]
[ 11 7 18 20 8 27 13 51 16 46 27 38 7 81 42 25 35 1 64 18 44 0 39 97 27 ]
[ 5 44 28 68 36 40 48 2 7 33 9 20 41 5 73 9 53 27 1 26 37 5 36 46 64 ]
[ 10 52 48 8 41 3 54 21 42 10 11 65 34 12 46 2 40 78 19 46 58 2 19 35 7 ]
[ 63 17 12 32 6 12 53 5 25 58 0 88 52 58 1 8 4 1 58 13 0 94 32 44 36 ]
[ 40 12 51 34 81 4 77 87 32 27 1 20 3 10 3 40 19 18 32 36 22 22 0 53 49 ]
[ 14 11 22 35 58 41 7 12 51 64 14 6 33 41 21 9 77 23 97 27 10 1 9 66 27 ]
[ 23 36 64 19 3 50 6 48 41 10 32 42 2 14 16 12 16 29 92 79 15 5 50 38 35 ]
[ 60 28 54 24 12 59 23 46 23 2 36 32 13 24 39 27 56 68 1 28 24 3 42 21 35 ]
[ 38 10 10 22 12 45 38 2 45 16 6 9 53 0 40 63 86 88 25 65 24 30 5 46 4 ]
[ 66 18 39 15 25 98 17 44 94 8 7 36 4 24 38 27 54 9 6 6 20 17 55 0 56 ]
[ 4 63 15 18 64 12 20 0 8 31 95 29 44 20 16 43 50 33 4 9 7 42 68 7 85 ]
[ 47 26 10 2 81 57 1 11 34 4 20 40 58 96 24 19 5 65 48 6 23 6 21 69 17 ]
[ 22 5 10 8 55 0 7 4 16 39 49 29 45 91 4 42 79 37 8 43 4 79 77 16 23 ]

Timer (generate): 10ms real	10ms user	0ms sys
[ 29 59 50 66 8 58 21 12 84 6 34 98 54 76 92 67 65 22 30 35 14 92 80 51 87 ]
[ 44 78 88 50 76 57 31 87 7 97 95 65 70 59 2 28 46 0 34 22 45 1 39 67 84 ]
[ 74 33 76 7 85 15 3 15 3 5 43 12 36 30 20 85 25 37 7 37 91 36 83 44 70 ]
[ 5 41 24 44 60 8 70 46 84 29 31 51 84 98 54 89 41 18 77 71 90 14 48 28 22 ]
[ 85 71 10 20 67 32 77 8 56 21 21 16 44 67 0 25 50 3 10 48 57 51 89 28 29 ]
[ 12 18 95 12 46 17 50 70 79 70 37 12 48 98 20 21 19 37 17 86 89 95 36 93 5 ]
[ 36 2 8 77 30 89 41 49 85 53 47 54 55 17 34 78 7 98 26 5 18 99 76 55 69 ]
[ 14 45 64 2 90 21 38 92 29 15 23 19 56 72 56 61 19 10 17 37 96 95 96 94 73 ]
[ 53 65 24 29 72 93 95 69 57 97 59 78 35 52 60 2 75 31 10 47 87 23 66 49 92 ]
[ 55 46 39 51 92 64 56 9 89 85 82 82 80 3 92 29 63 70 64 15 82 18 90 13 80 ]
[ 89 0 4 7 2 96 63 0 88 66 44 52 23 54 41 60 88 76 93 91 68 22 54 90 39 ]
[ 21 73 57 63 38 90 52 91 94 60 93 42 23 93 30 41 37 83 64 43 76 25 83 4 18 ]
[ 75 72 92 81 15 31 3 40 41 66 78 31 71 21 77 31 14 71 6 59 2 47 49 37 64 ]
[ 92 65 41 28 70 11 3 94 3 36 9 87 91 1 28 10 32 11 81 53 88 64 20 59 70 ]
[ 79 13 69 28 2 85 73 68 26 1 38 89 56 84 45 92 46 32 36 47 60 46 31 71 79 ]
[ 85 11 43 57 70 65 36 84 86 65 86 72 90 6 50 91 96 40 99 81 85 43 27 17 79 ]
[ 26 29 77 58 52 56 95 63 51 52 85 16 40 21 3 57 60 27 47 66 77 38 63 17 89 ]
[ 44 54 33 23 23 12 49 52 90 59 56 98 6 71 50 58 57 18 51 30 73 8 90 0 56 ]
[ 57 78 46 20 47 36 16 2 69 39 25 33 40 30 75 0 38 26 6 10 76 17 19 46 20 ]
[ 49 72 28 40 72 84 49 2 83 69 50 71 37 4 40 28 81 25 68 63 1 20 2 27 79 ]

Running merge sort algorithm: 
Timer (sort): 5ms real	10ms user	0ms sys
The output is sorted!
[ 29 16 44 38 26 2 41 17 14 32 2 10 23 48 41 7 18 19 19 5 55 22 97 26 64 ]
[ 17 11 20 51 3 27 74 12 21 51 76 52 25 9 33 9 4 10 27 86 17 11 39 49 4 ]
[ 32 62 8 34 6 12 14 35 74 5 22 61 15 45 21 92 10 53 23 7 53 39 11 5 7 ]
[ 56 32 6 32 26 71 45 28 8 35 32 22 33 37 8 5 87 1 6 36 28 66 2 24 24 ]
[ 38 56 36 13 9 64 12 32 55 8 41 26 41 4 6 40 36 89 0 0 0 91 15 43 2 ]
[ 1 50 39 40 3 4 73 50 25 6 3 77 18 23 11 11 1 80 9 40 6 22 30 63 73 ]
[ 88 38 12 1 23 65 81 19 7 4 61 25 30 8 34 16 6 10 89 18 67 14 4 44 1 ]
[ 39 13 12 34 12 17 76 29 20 6 42 61 84 6 26 1 3 32 91 9 37 32 44 31 10 ]
[ 26 32 63 49 1 16 40 4 65 28 24 15 26 5 37 24 61 32 31 2 72 52 3 26 39 ]
[ 56 83 73 5 28 27 6 81 5 3 58 26 2 16 18 2 32 70 15 24 14 4 39 86 3 ]
[ 19 33 78 16 7 40 9 6 73 28 0 28 65 82 40 19 2 20 31 19 11 57 15 43 35 ]
[ 24 19 32 0 2 47 85 2 56 36 61 61 8 12 25 27 68 56 9 7 4 68 46 4 18 ]
[ 68 94 10 73 19 23 73 29 32 4 11 34 32 19 20 50 5 34 55 28 24 1 29 5 9 ]
[ 53 5 28 57 69 12 29 29 1 60 10 56 67 28 12 31 54 27 16 54 0 19 44 10 11 ]
[ 93 65 6 14 78 34 17 34 8 38 16 19 4 31 56 36 6 27 29 37 54 38 17 21 5 ]
[ 5 4 22 3 31 74 67 26 29 18 27 21 43 24 42 38 91 39 11 38 5 39 42 32 17 ]
[ 10 17 10 17 38 78 25 70 60 47 17 1 1 64 8 36 1 27 5 67 24 99 1 46 20 ]
[ 41 1 94 22 14 8 34 44 11 72 27 38 88 28 35 13 12 40 11 50 2 91 2 12 0 ]
[ 10 3 10 11 18 53 4 5 94 14 80 38 12 10 59 53 23 6 82 15 46 18 35 85 7 ]
[ 0 59 7 13 60 1 67 37 14 14 51 26 66 84 20 2 7 28 16 94 10 8 91 12 5 ]

Timer (generate): 8ms real	10ms user	0ms sys
[ 59 93 51 98 94 94 48 19 8 99 63 5 89 7 80 36 35 30 73 25 0 50 21 85 34 ]
[ 17 0 75 80 79 43 91 73 46 89 67 93 89 86 1 88 2 59 77 61 91 13 97 21 39 ]
[ 74 73 89 95 10 24 12 10 51 44 89 47 35 14 45 76 82 90 65 20 44 53 22 55 83 ]
[ 84 46 96 33 67 87 7 40 77 54 2 53 66 12 56 63 53 55 50 68 1 27 2 91 44 ]
[ 74 35 50 97 90 33 33 88 81 18 55 21 25 47 98 31 49 3 49 13 59 12 19 67 15 ]
[ 87 68 42 41 11 38 15 99 40 64 41 73 97 30 7 15 37 28 92 37 78 75 86 81 25 ]
[ 52 92 37 71 59 52 10 79 46 51 43 37 18 94 77 83 35 3 32 17 62 0 7 42 92 ]
[ 44 20 20 82 53 45 34 45 34 57 57 39 67 88 37 70 31 74 41 25 4 76 13 7 8 ]
[ 82 69 8 89 63 53 85 83 73 20 36 70 6 33 4 64 42 43 83 31 81 6 62 7 47 ]
[ 40 11 23 5 70 83 87 39 92 29 54 97 66 37 22 86 25 92 93 11 96 9 53 92 92 ]
[ 36 73 50 99 80 97 91 44 72 96 14 56 35 6 0 16 60 97 83 98 19 69 75 63 14 ]
[ 86 59 75 92 51 20 28 76 70 79 9 68 22 53 92 70 67 48 6 73 48 22 86 97 57 ]
[ 36 16 27 11 31 93 50 91 69 42 94 89 22 71 11 54 32 79 76 85 24 47 4 72 5 ]
[ 78 73 27 16 70 85 52 39 64 63 70 9 13 13 30 7 8 71 82 31 83 36 63 14 64 ]
[ 0 38 11 4 11 16 34 36 96 50 6 33 2 97 49 66 68 10 31 81 41 91 41 12 73 ]
[ 24 95 61 87 10 25 39 0 89 44 63 57 78 99 53 29 58 38 31 55 87 97 23 98 81 ]
[ 57 91 72 50 3 97 75 51 58 14 13 35 54 13 24 98 77 82 76 76 87 57 34 26 89 ]
[ 90 65 38 65 15 19 22 6 43 25 62 92 0 13 50 14 26 38 20 91 14 70 68 96 99 ]
[ 97 36 56 83 14 97 25 31 36 91 47 7 65 5 51 90 67 95 42 80 46 9 58 36 29 ]
[ 50 50 0 70 99 99 67 87 7 3 1 5 28 32 41 71 31 0 37 37 3 79 4 99 22 ]

Running merge sort algorithm: 
Timer (sort): 5ms real	0ms user	0ms sys
The output is sorted!
[ 20 4 32 2 1 74 81 52 19 9 64 26 8 4 34 23 92 13 22 21 64 4 3 11 12 ]
[ 78 0 17 39 13 9 59 58 8 88 15 2 4 2 56 9 12 40 8 14 34 72 2 46 12 ]
[ 0 11 16 15 54 52 47 7 15 7 23 45 29 3 12 87 37 37 18 15 0 76 35 67 43 ]
[ 49 79 14 7 14 0 79 8 17 18 2 0 63 9 3 42 97 26 34 33 36 15 22 91 0 ]
[ 12 15 5 27 27 70 20 74 15 34 28 64 20 42 61 47 48 9 4 22 8 37 44 20 11 ]
[ 75 10 1 37 9 57 10 19 64 14 18 55 33 41 4 53 19 24 3 4 27 51 30 64 47 ]
[ 30 91 81 13 1 10 65 18 30 25 90 12 6 39 0 27 46 14 37 38 59 13 5 20 1 ]
[ 22 14 18 9 2 97 0 24 11 29 93 18 34 49 47 17 5 8 66 30 12 64 97 3 4 ]
[ 71 11 60 5 25 60 7 51 24 14 16 28 12 4 37 1 23 60 17 96 16 40 50 7 43 ]
[ 28 60 66 21 25 23 0 36 99 6 53 1 0 5 62 19 22 20 8 8 37 60 96 13 12 ]
[ 8 46 6 4 15 9 31 67 30 54 86 48 2 29 47 83 0 6 12 30 30 44 60 19 16 ]
[ 44 4 41 23 0 82 47 2 37 6 17 21 77 7 7 2 73 41 5 21 91 1 86 31 18 ]
[ 74 25 27 55 62 3 53 20 4 19 4 37 20 12 16 51 41 7 2 5 53 83 21 84 7 ]
[ 22 7 8 18 60 35 98 24 34 13 6 13 58 5 20 48 45 3 2 54 0 80 20 17 96 ]
[ 7 70 0 32 33 1 37 30 5 41 30 1 33 1 19 11 37 59 60 50 37 31 66 65 34 ]
[ 61 22 29 32 56 9 10 71 21 17 4 22 29 47 34 35 77 27 34 21 3 72 32 4 23 ]
[ 4 31 58 17 6 2 22 2 47 12 19 71 21 9 18 16 42 90 31 69 20 14 43 74 55 ]
[ 50 62 14 43 33 7 59 1 3 7 77 74 0 13 32 45 2 60 43 8 20 20 24 64 34 ]
[ 93 35 50 50 23 11 98 2 58 35 78 7 9 3 13 50 17 14 21 0 22 21 34 20 36 ]
[ 14 17 32 3 83 39 15 15 72 33 29 34 5 20 47 30 15 38 60 48 45 84 5 6 16 ]

Timer (generate): 9ms real	10ms user	0ms sys
[ 77 62 86 22 37 37 34 45 34 36 24 38 43 82 43 65 32 56 15 3 20 72 64 61 81 ]
[ 7 97 95 12 91 11 89 53 50 11 90 87 45 35 73 33 11 12 29 45 55 46 77 63 13 ]
[ 32 84 86 49 97 19 8 47 14 21 38 78 10 91 28 74 33 67 19 20 40 5 84 52 86 ]
[ 29 59 32 59 23 46 43 59 84 92 8 3 1 7 69 22 45 99 32 88 27 6 73 46 78 ]
[ 94 87 35 30 91 21 11 3 5 70 78 51 14 89 87 58 49 42 59 57 64 33 54 63 18 ]
[ 43 43 76 68 89 54 62 28 41 44 20 62 56 75 68 78 5 71 92 94 59 51 43 1 62 ]
[ 52 65 48 7 81 66 50 24 42 18 13 49 33 42 90 29 14 5 85 41 25 64 46 96 8 ]
[ 92 7 11 87 9 26 40 26 74 47 7 40 49 31 82 19 97 83 4 39 74 34 5 79 19 ]
[ 46 4 35 44 52 44 36 60 7 75 21 33 15 99 7 14 59 99 63 42 82 83 39 17 39 ]
[ 30 91 73 35 22 45 33 78 80 77 31 76 65 43 84 41 16 17 8 67 77 23 26 76 38 ]
[ 69 10 73 8 28 13 39 71 86 26 94 31 60 72 64 37 55 40 55 50 76 96 18 46 56 ]
[ 86 23 79 12 51 18 33 62 91 42 42 4 33 13 43 59 7 74 19 32 38 9 39 31 64 ]
[ 42 7 60 60 53 16 46 28 48 11 80 18 44 94 9 38 36 66 71 49 9 31 9 35 50 ]
[ 93 26 59 84 57 75 26 16 35 39 22 4 37 2 4 48 34 22 45 28 83 83 16 49 55 ]
[ 66 10 38 27 98 40 72 24 52 56 33 27 83 49 15 74 23 19 11 26 75 12 60 97 57 ]
[ 41 80 92 57 82 99 75 92 37 2 90 78 74 66 82 31 99 9 66 1 24 92 24 95 3 ]
[ 2 70 67 15 67 24 56 0 69 13 82 68 89 26 58 43 69 88 70 35 70 53 87 79 19 ]
[ 40 4 63 64 99 66 19 70 34 34 89 10 42 89 31 7 71 0 96 50 10 92 19 98 62 ]
[ 54 68 15 93 47 86 33 3 49 50 55 67 69 25 53 55 66 16 97 56 47 56 79 99 5 ]
[ 29 9 97 48 7 11 55 75 26 0 75 64 34 30 65 36 85 32 57 62 38 12 29 54 61 ]

Running merge sort algorithm: 
Timer (sort): 4ms real	0ms user	0ms sys
The output is sorted!
[ 66 82 13 21 6 25 3 40 71 1 43 33 31 7 42 30 2 68 17 10 20 19 34 2 8 ]
[ 20 29 89 60 49 1 25 21 9 0 9 9 83 62 34 37 23 2 40 9 2 25 18 52 4 ]
[ 22 30 0 11 9 18 14 58 20 8 29 40 42 2 55 40 50 27 17 80 26 16 14 60 40 ]
[ 43 1 14 94 30 5 26 5 99 13 22 45 21 35 82 93 0 26 10 18 1 16 3 28 6 ]
[ 34 18 6 60 11 34 42 80 41 78 11 12 48 45 3 39 16 2 13 72 1 42 24 0 15 ]
[ 13 3 3 44 39 8 3 9 95 51 46 66 20 35 47 26 63 2 52 7 7 30 26 0 59 ]
[ 13 99 22 40 16 60 13 17 89 18 3 1 82 15 5 17 1 0 10 17 27 65 89 56 3 ]
[ 7 2 41 21 28 70 91 6 21 27 54 11 8 98 47 12 8 77 30 6 40 13 13 21 26 ]
[ 4 61 58 23 24 3 35 53 8 29 56 61 70 0 4 12 1 7 69 18 68 33 11 53 18 ]
[ 10 9 35 38 80 5 55 30 21 11 34 30 39 0 9 35 25 70 98 48 35 2 32 24 11 ]
[ 1 0 42 35 40 41 5 2 61 48 3 30 53 52 9 22 4 37 11 42 29 19 63 50 90 ]
[ 16 68 10 10 64 13 49 36 54 34 33 47 54 8 22 51 2 24 81 8 8 1 59 26 11 ]
[ 14 2 0 2 89 71 23 11 40 20 2 89 5 8 32 81 37 42 41 99 6 4 3 32 37 ]
[ 7 52 36 24 65 13 56 23 73 23 20 19 12 31 7 87 3 21 6 25 3 78 2 12 98 ]
[ 66 8 39 50 29 46 24 27 25 25 8 2 4 23 79 12 26 7 34 57 29 23 52 45 58 ]
[ 62 54 0 13 14 56 8 25 5 11 44 35 45 35 61 32 8 6 6 56 97 12 49 26 38 ]
[ 41 83 88 48 42 40 3 22 1 4 26 2 15 42 53 9 26 2 49 45 21 56 74 4 3 ]
[ 14 0 1 32 91 96 87 28 23 11 69 6 51 11 20 91 2 0 18 2 13 10 4 64 55 ]
[ 65 43 1 0 15 29 0 4 15 2 46 17 95 61 24 16 4 32 30 13 86 42 74 34 52 ]
[ 20 14 31 22 50 46 24 16 22 91 10 47 6 40 12 75 5 26 87 93 4 15 6 18 20 ]

Timer (generate): 19ms real	20ms user	0ms sys
[ 95 22 44 52 53 10 35 81 67 23 50 5 38 16 82 53 33 16 89 3 99 68 59 77 99 ]
[ 45 80 23 10 19 89 57 42 34 61 95 96 96 76 63 71 79 21 10 95 55 15 81 24 5 ]
[ 84 75 25 95 4 24 41 84 99 3 4 41 60 98 27 22 93 23 70 22 38 42 53 11 52 ]
[ 0 19 67 81 43 24 18 70 49 13 74 25 6 10 25 9 14 66 70 64 93 44 58 68 14 ]
[ 32 6 56 37 70 60 37 89 80 71 84 56 89 54 6 54 28 83 61 38 8 70 5 26 92 ]
[ 69 19 36 79 39 51 63 46 59 0 16 20 90 57 52 61 41 8 2 95 66 56 75 50 17 ]
[ 65 58 88 22 37 80 92 8 69 23 48 20 87 46 31 39 14 51 29 71 55 90 12 64 92 ]
[ 59 30 1 34 32 18 99 43 58 74 80 91 66 88 60 41 36 80 80 82 11 20 96 15 49 ]
[ 19 22 92 31 86 36 90 69 37 76 1 8 76 96 66 50 76 57 68 65 17 61 1 49 42 ]
[ 36 13 14 84 80 15 4 2 59 35 89 96 78 10 85 54 63 93 82 60 12 84 36 69 4 ]
[ 1 39 66 55 88 60 43 1 74 27 81 89 31 84 49 19 25 97 49 87 82 3 50 28 38 ]
[ 10 40 22 99 61 27 52 0 45 7 89 5 2 42 31 30 76 20 13 12 21 84 89 18 33 ]
[ 76 53 89 78 33 27 89 73 49 40 34 28 92 87 25 52 76 30 54 70 61 84 98 34 50 ]
[ 62 55 34 51 26 20 79 31 9 58 64 88 99 89 89 39 75 18 31 62 43 83 38 26 38 ]
[ 61 39 74 11 25 76 74 81 11 77 59 83 9 42 44 67 6 32 66 95 21 57 22 91 88 ]
[ 85 87 72 23 65 62 36 4 88 0 30 65 74 63 28 3 74 11 12 16 55 31 74 39 97 ]
[ 21 12 54 43 4 95 28 43 19 4 8 81 92 64 69 92 46 34 18 9 62 22 35 25 86 ]
[ 3 32 18 77 71 67 50 84 74 94 88 69 74 83 88 78 91 21 71 55 42 15 2 77 34 ]
[ 63 91 8 51 69 94 54 1 64 84 73 32 34 57 58 28 97 79 55 32 19 33 23 40 56 ]
[ 30 34 72 84 63 58 0 55 66 51 24 12 5 25 77 41 50 61 76 59 19 56 8 98 11 ]

Running merge sort algorithm: 
Timer (sort): 10ms real	0ms user	0ms sys
The output is sorted!
[ 5 33 12 14 19 0 2 70 60 41 88 19 44 85 6 8 6 10 2 15 0 45 64 15 3 ]
[ 67 14 56 43 3 37 80 19 13 6 2 22 47 22 7 5 8 26 40 68 9 33 24 52 9 ]
[ 0 15 18 51 34 10 54 70 77 50 11 34 2 30 35 50 14 13 69 18 3 17 19 14 34 ]
[ 11 26 5 20 14 55 69 88 32 42 6 14 8 12 2 1 13 79 82 6 46 66 27 8 10 ]
[ 25 2 23 15 30 22 93 37 2 31 12 4 42 18 90 17 7 14 75 54 30 67 8 7 26 ]
[ 1 85 9 28 25 34 46 15 6 1 38 45 57 1 25 42 41 4 67 38 12 6 48 46 35 ]
[ 28 13 42 14 29 22 74 74 48 21 21 18 47 4 68 35 8 37 20 19 14 1 9 46 45 ]
[ 74 46 24 10 1 81 14 1 2 18 40 66 29 2 25 31 21 34 1 55 8 84 84 1 8 ]
[ 2 62 33 44 45 80 0 55 4 7 0 98 46 28 13 18 1 80 29 1 4 91 8 2 11 ]
[ 14 34 3 48 40 20 28 71 48 16 9 4 59 29 17 38 4 25 29 46 4 6 90 52 31 ]
[ 5 21 1 39 84 8 38 71 46 1 28 0 55 34 49 91 39 13 3 18 2 4 69 32 22 ]
[ 6 26 55 1 85 9 78 20 91 47 11 33 13 39 3 12 7 37 38 23 61 0 2 43 34 ]
[ 20 29 42 13 17 22 5 81 40 5 45 33 2 34 61 56 3 56 28 41 42 12 15 27 48 ]
[ 41 23 19 31 41 20 4 25 79 37 17 19 56 34 32 37 24 0 4 7 26 82 46 7 66 ]
[ 53 42 73 6 8 15 73 36 71 68 42 1 6 17 49 3 8 51 11 24 34 21 8 13 49 ]
[ 10 46 31 19 5 2 58 43 75 19 39 17 21 14 1 60 6 1 14 67 56 10 94 4 72 ]
[ 4 84 69 6 36 52 70 18 4 30 70 15 3 6 17 33 16 47 33 15 10 38 57 44 14 ]
[ 89 73 47 0 0 24 85 15 37 62 19 18 30 15 54 6 82 0 5 17 10 16 12 73 2 ]
[ 29 10 88 13 3 0 17 22 42 46 6 91 35 13 52 0 18 78 4 9 26 75 63 18 35 ]
[ 54 1 45 59 35 77 12 2 34 10 3 78 5 70 13 1 39 35 8 88 33 0 43 38 11 ]

Timer (generate): 11ms real	10ms user	0ms sys
[ 27 40 66 92 69 5 15 36 93 51 51 40 38 37 23 43 86 1 46 28 22 78 48 57 15 ]
[ 94 83 24 33 82 6 12 74 72 4 43 29 20 31 23 23 35 63 13 72 39 56 10 40 55 ]
[ 90 15 33 90 24 0 36 8 24 70 42 83 82 17 7 39 12 37 59 96 12 34 31 27 47 ]
[ 55 66 4 17 59 11 7 74 44 98 50 96 34 10 72 56 53 55 39 22 63 78 86 52 89 ]
[ 82 64 23 65 91 70 72 10 26 89 69 89 97 95 85 47 45 81 33 56 54 90 61 61 81 ]
[ 83 24 11 69 76 0 4 40 23 69 84 45 94 94 24 83 15 13 32 10 99 79 55 32 13 ]
[ 63 86 55 24 48 36 7 24 47 29 53 47 33 45 22 54 29 19 0 75 95 84 90 61 16 ]
[ 52 12 96 60 44 61 23 83 16 48 83 52 55 7 51 36 60 98 21 58 72 28 87 43 28 ]
[ 15 39 12 57 0 81 10 12 29 70 8 90 93 91 58 93 74 10 1 34 61 37 46 11 11 ]
[ 4 35 39 44 78 67 59 69 32 68 69 13 78 33 42 0 42 84 46 85 42 39 60 52 40 ]
[ 46 65 30 92 28 41 97 63 32 93 93 99 52 63 83 20 84 48 51 70 90 3 64 26 1 ]
[ 49 68 41 61 72 33 7 89 15 0 17 56 49 32 88 42 26 40 46 41 75 66 77 24 69 ]
[ 47 66 25 63 93 26 13 61 19 74 34 5 34 23 20 34 93 29 83 25 69 77 3 61 23 ]
[ 96 37 41 74 61 63 73 79 88 37 72 14 2 34 86 28 20 91 62 95 11 48 40 92 83 ]
[ 18 62 60 73 75 83 70 12 77 96 25 40 21 5 28 10 77 94 12 63 80 93 35 71 55 ]
[ 83 35 4 23 27 87 93 41 0 67 17 35 37 81 12 85 59 52 58 64 80 69 93 75 33 ]
[ 9 7 26 96 79 34 79 14 38 55 93 77 48 87 29 15 56 65 4 37 77 41 48 30 0 ]
[ 64 62 69 58 89 54 19 97 81 67 76 15 47 42 5 54 87 34 54 74 64 70 82 29 26 ]
[ 72 58 68 20 88 20 85 3 89 95 92 95 14 89 76 81 17 43 80 11 48 86 99 35 41 ]
[ 25 99 11 8 80 89 80 38 9 0 79 29 85 82 70 32 26 66 98 68 42 80 85 38 12 ]

Running merge sort algorithm: 
Timer (sort): 5ms real	0ms user	0ms sys
The output is sorted!
[ 1 30 68 8 4 1 19 16 17 0 32 46 17 26 16 23 92 8 63 19 97 63 2 8 17 ]
[ 1 42 78 0 22 31 21 33 5 32 19 72 18 56 1 22 80 15 2 16 32 8 28 55 26 ]
[ 1 59 1 24 3 18 71 38 31 19 1 86 7 42 18 45 6 93 40 25 6 40 26 4 23 ]
[ 66 31 14 2 17 97 14 3 24 4 11 40 1 31 54 52 12 70 26 14 85 11 16 11 40 ]
[ 16 7 27 24 61 6 31 38 50 0 44 4 50 46 38 70 30 92 29 4 11 40 6 4 25 ]
[ 83 15 59 61 36 7 0 8 1 9 33 42 6 8 55 41 58 17 7 55 15 7 90 1 52 ]
[ 64 28 9 1 8 10 13 41 17 87 2 32 71 49 18 9 5 7 26 92 73 3 71 36 1 ]
[ 7 96 12 57 2 29 99 31 41 0 11 39 39 29 20 0 1 21 8 10 50 38 22 56 56 ]
[ 16 19 85 30 27 34 3 21 48 10 19 42 38 73 35 27 18 13 35 15 26 38 1 66 36 ]
[ 14 83 29 39 36 0 0 48 28 29 38 13 40 87 9 32 49 30 10 21 43 2 23 46 27 ]
[ 14 18 44 0 27 98 1 52 12 99 65 11 8 57 36 1 55 10 22 23 31 21 61 14 4 ]
[ 5 37 34 61 26 58 7 13 14 74 79 7 82 33 24 30 12 11 21 66 44 5 7 13 21 ]
[ 15 9 9 27 19 18 36 5 77 50 50 19 43 9 39 66 28 28 11 76 21 41 13 61 15 ]
[ 39 10 71 15 47 57 0 63 10 44 4 30 35 37 16 60 8 27 76 36 51 32 6 3 11 ]
[ 9 28 11 11 50 23 24 59 75 34 58 40 53 22 5 2 45 46 13 44 15 6 58 15 44 ]
[ 2 3 40 19 0 2 30 74 79 52 12 35 75 17 24 3 53 32 82 22 24 24 50 35 1 ]
[ 4 40 1 84 91 39 43 6 5 21 18 0 23 33 5 32 54 44 20 1 59 22 79 63 6 ]
[ 30 95 53 35 17 57 31 21 32 68 21 80 27 22 10 8 17 6 40 9 72 14 2 11 16 ]
[ 19 9 78 35 50 42 57 12 6 69 66 3 25 65 19 45 35 92 0 14 27 13 8 0 7 ]
[ 81 40 7 2 28 87 63 11 13 15 11 12 26 20 28 27 35 23 21 78 99 12 26 10 25 ]

