Timer (generate): 324ms real	290ms user	30ms sys
[ 14 94 21 27 3 48 94 83 17 31 37 21 85 53 0 93 41 0 20 86 35 38 58 78 23 ]
[ 15 34 95 54 48 93 20 42 15 99 97 15 94 32 85 77 70 6 62 23 58 8 64 58 80 ]
[ 2 45 18 12 23 94 27 58 41 33 58 34 54 52 1 5 49 17 51 81 54 28 51 60 43 ]
[ 27 70 3 43 28 83 46 74 53 10 49 47 38 59 88 23 17 75 77 21 76 83 70 45 86 ]
[ 4 99 15 7 11 10 86 81 13 30 10 96 28 36 49 38 37 49 28 97 89 52 66 64 29 ]
[ 88 41 64 10 38 51 66 38 18 26 49 80 12 83 93 42 93 41 70 81 42 9 18 43 89 ]
[ 67 33 41 34 49 71 74 90 87 84 81 90 3 19 60 29 20 40 41 3 85 36 48 26 6 ]
[ 81 21 67 52 64 57 19 49 98 5 99 21 79 89 61 16 22 3 19 41 64 0 14 56 41 ]
[ 69 42 77 70 20 36 51 41 55 3 58 12 75 7 63 80 6 36 12 48 97 80 70 53 99 ]
[ 64 17 99 78 73 92 47 15 22 69 88 58 21 29 13 76 87 78 3 95 93 36 53 29 48 ]
[ 1 79 28 72 32 79 36 49 30 66 74 74 65 42 96 35 30 54 56 11 20 84 51 98 88 ]
[ 46 91 24 99 72 24 53 51 4 25 83 35 13 84 65 79 11 39 44 53 88 79 35 42 87 ]
[ 46 62 24 97 12 12 95 55 88 47 28 64 0 79 20 77 15 55 90 51 72 69 14 63 65 ]
[ 67 51 97 54 46 84 53 60 60 2 73 24 50 28 12 97 56 28 49 88 48 26 55 55 68 ]
[ 58 27 37 73 91 54 92 94 51 47 40 88 0 1 48 54 26 73 4 54 37 53 63 18 2 ]
[ 3 66 80 10 22 48 68 1 37 41 44 92 86 39 43 33 31 83 85 84 32 39 10 57 96 ]
[ 17 46 49 32 64 52 35 83 32 97 5 33 65 58 70 59 3 62 45 94 58 30 25 41 15 ]
[ 62 25 6 72 34 2 41 81 52 73 97 56 60 80 88 57 37 73 75 96 44 34 99 58 31 ]
[ 45 16 61 70 10 28 32 87 34 57 22 89 98 55 93 72 52 49 84 33 89 42 22 63 17 ]
[ 18 7 3 69 65 34 14 34 47 37 96 75 21 83 61 78 5 50 29 12 95 53 65 44 37 ]

Running merge sort algorithm: 
Timer (sort): 225ms real	230ms user	0ms sys
The output is sorted!
[ 0 5 41 19 3 16 13 93 22 40 17 55 0 13 33 1 21 77 6 1 46 8 14 35 6 ]
[ 20 8 2 24 18 5 94 4 51 19 13 46 49 19 31 6 18 2 13 65 11 35 0 63 3 ]
[ 40 18 29 80 42 28 11 64 13 9 38 6 21 20 0 26 18 5 21 40 3 30 15 34 11 ]
[ 45 21 11 32 55 16 59 6 28 17 58 69 8 27 28 9 22 31 12 27 5 5 5 10 16 ]
[ 11 30 57 26 2 96 13 0 1 18 3 6 44 1 46 95 4 24 38 6 38 15 2 43 3 ]
[ 5 27 3 1 42 11 65 40 46 0 81 9 35 13 10 46 52 21 19 30 15 22 5 3 23 ]
[ 69 18 3 7 2 27 49 28 1 32 56 8 58 35 21 7 6 28 1 9 11 9 26 73 43 ]
[ 13 11 4 49 2 6 7 24 4 56 58 5 6 34 16 70 20 28 41 12 24 88 14 11 27 ]
[ 21 63 3 6 25 20 9 11 11 9 20 72 3 2 92 0 41 17 13 24 3 83 28 38 21 ]
[ 5 55 25 15 54 37 0 27 63 1 4 6 70 17 34 19 71 5 16 12 15 56 26 8 0 ]
[ 2 17 10 15 47 17 21 10 18 91 21 33 9 43 5 15 9 26 54 37 18 39 12 55 22 ]
[ 28 34 6 3 19 14 10 35 7 34 83 14 17 41 3 2 11 31 34 1 83 22 45 53 17 ]
[ 3 35 50 44 1 17 4 23 28 16 9 1 7 15 14 13 82 60 58 12 41 9 43 49 13 ]
[ 11 57 71 24 5 53 26 6 1 6 47 4 62 29 24 6 32 5 41 13 21 47 41 17 2 ]
[ 6 66 2 15 20 27 69 9 5 20 4 7 9 91 78 33 3 18 0 14 16 49 46 41 3 ]
[ 35 49 3 19 7 5 37 35 22 58 41 48 11 38 9 64 2 5 34 31 3 22 23 43 8 ]
[ 66 42 8 28 23 17 52 17 16 40 27 46 35 40 32 24 30 3 27 18 0 2 31 5 24 ]
[ 34 2 41 27 49 0 26 10 17 8 25 30 17 67 29 0 6 34 2 20 20 74 0 68 49 ]
[ 3 21 43 61 26 2 40 12 31 24 41 68 50 2 38 6 52 5 35 1 26 25 0 40 4 ]
[ 30 6 16 19 30 12 12 36 43 4 82 35 43 14 24 11 24 20 27 57 20 19 53 15 4 ]

Timer (generate): 361ms real	340ms user	20ms sys
[ 80 13 39 75 95 41 49 64 29 52 49 56 41 90 22 72 35 76 62 68 15 41 55 12 14 ]
[ 15 31 4 17 21 66 97 86 57 24 33 51 73 97 80 77 98 89 70 40 63 42 75 92 4 ]
[ 95 7 97 51 71 12 66 3 68 83 76 34 33 62 92 57 95 43 83 44 75 60 43 16 31 ]
[ 35 32 73 11 24 30 6 83 79 9 55 91 27 10 60 63 86 46 96 48 90 5 95 85 88 ]
[ 39 13 1 34 29 84 70 61 9 81 37 39 39 73 19 1 28 62 28 90 74 91 76 73 39 ]
[ 76 63 97 71 1 85 10 14 38 45 43 22 15 57 84 48 46 23 39 19 94 40 99 9 69 ]
[ 89 83 12 65 8 52 41 72 49 64 73 86 27 39 77 24 34 51 91 91 35 39 90 11 78 ]
[ 9 5 19 9 66 40 98 2 52 16 10 56 9 34 57 74 59 96 53 98 73 77 33 24 68 ]
[ 76 12 59 66 23 37 28 80 8 89 47 48 39 49 53 55 59 9 17 46 19 43 5 15 96 ]
[ 4 88 73 89 64 93 65 28 52 84 51 89 12 84 50 1 31 50 40 32 3 48 43 65 65 ]
[ 89 84 60 95 51 56 51 91 81 40 55 74 57 36 26 93 39 67 5 23 17 58 6 20 51 ]
[ 38 75 99 34 40 16 23 76 76 70 79 84 73 70 65 65 78 39 23 14 65 16 53 32 74 ]
[ 77 2 84 83 22 35 74 97 86 8 90 54 83 18 30 6 98 66 79 68 31 45 46 70 20 ]
[ 12 87 88 66 72 14 95 74 99 30 48 34 4 97 73 64 39 27 48 58 10 6 56 76 37 ]
[ 76 8 82 75 30 54 87 70 95 53 42 9 48 68 8 79 16 95 35 65 20 0 5 47 0 ]
[ 63 9 58 71 86 95 99 46 30 74 28 36 62 98 31 67 40 41 68 8 1 99 76 48 86 ]
[ 42 68 38 47 68 90 62 77 48 33 63 44 84 61 74 59 90 10 73 88 94 92 81 35 60 ]
[ 41 88 11 18 37 98 60 57 36 59 25 27 21 3 75 6 18 71 90 80 97 1 22 60 74 ]
[ 62 54 19 43 41 79 85 81 43 3 70 41 15 28 29 26 53 56 99 8 84 57 27 7 47 ]
[ 59 5 1 81 17 27 95 23 46 39 64 26 24 45 69 79 68 62 46 96 91 24 1 0 23 ]

Running merge sort algorithm: 
Timer (sort): 223ms real	210ms user	0ms sys
The output is sorted!
[ 5 16 27 10 40 51 6 12 2 3 4 17 23 23 14 17 20 19 4 46 32 8 25 0 88 ]
[ 5 49 5 20 6 3 23 3 47 21 12 39 16 4 11 68 0 4 21 8 55 38 29 33 12 ]
[ 16 14 11 2 58 0 48 6 32 8 1 11 45 51 28 5 23 0 17 0 29 51 26 19 48 ]
[ 16 13 6 8 8 76 17 15 60 5 12 22 4 23 35 0 15 39 19 56 7 28 69 14 21 ]
[ 32 23 29 22 3 26 15 45 7 36 82 12 12 8 32 10 35 27 18 45 7 4 0 43 17 ]
[ 12 38 21 14 19 8 27 7 18 9 54 10 15 44 12 5 46 7 18 10 48 1 65 83 25 ]
[ 1 45 51 38 7 1 8 6 13 5 30 8 15 3 11 88 43 60 9 36 22 9 63 7 43 ]
[ 2 5 65 29 2 11 24 24 11 25 9 17 28 76 20 84 0 26 5 1 3 59 32 19 50 ]
[ 18 36 68 39 40 1 35 17 2 18 5 3 30 3 5 38 3 5 40 8 11 54 66 12 74 ]
[ 99 33 15 50 17 35 8 73 4 0 76 4 3 30 25 27 40 38 0 5 7 5 1 20 16 ]
[ 28 14 6 80 49 9 4 13 1 8 6 67 65 13 14 29 3 16 12 9 7 71 49 4 60 ]
[ 49 81 39 0 1 23 8 53 17 43 39 4 63 10 0 15 8 4 9 19 45 33 5 70 2 ]
[ 35 16 53 28 10 9 8 11 4 0 45 27 32 27 20 3 9 63 6 75 63 34 3 17 45 ]
[ 20 58 20 26 6 12 2 27 19 61 18 88 4 54 28 5 49 28 31 4 8 35 12 20 10 ]
[ 15 3 28 0 37 62 12 13 20 17 2 3 79 81 10 27 4 4 37 25 60 3 33 23 51 ]
[ 20 38 7 11 19 25 27 7 0 11 46 73 58 18 29 28 18 69 0 15 53 29 1 41 12 ]
[ 17 11 21 2 56 15 10 30 3 84 25 73 39 3 19 12 13 60 16 36 16 36 0 41 18 ]
[ 50 48 2 27 36 9 88 12 1 0 19 2 15 15 90 23 14 19 25 27 49 3 22 15 46 ]
[ 28 17 5 2 3 11 9 62 18 26 73 84 8 21 62 7 19 1 37 79 37 17 4 19 9 ]
[ 5 31 86 11 11 16 4 25 59 21 48 97 2 26 43 28 12 6 2 1 41 2 40 4 39 ]

Timer (generate): 351ms real	280ms user	70ms sys
[ 25 63 24 6 90 99 88 20 93 83 62 2 82 28 52 79 77 51 89 93 50 87 80 14 0 ]
[ 3 43 23 11 62 73 89 25 49 95 67 1 35 88 94 18 2 48 53 83 1 32 60 52 73 ]
[ 53 54 60 86 69 13 89 64 36 0 27 62 41 4 11 89 72 64 24 12 59 95 14 7 48 ]
[ 49 60 32 9 12 6 15 67 66 1 88 31 90 52 68 42 31 30 84 36 93 25 8 10 1 ]
[ 72 69 96 86 28 96 88 41 29 97 53 87 12 72 5 13 60 37 55 65 5 98 96 87 34 ]
[ 84 32 59 92 42 60 64 63 9 3 44 57 91 85 38 40 38 25 5 63 83 18 75 20 74 ]
[ 92 25 24 89 64 58 73 96 69 18 91 81 34 54 42 89 98 52 80 83 90 73 74 68 78 ]
[ 89 51 48 64 71 74 57 48 98 98 64 8 23 12 29 41 3 11 76 58 5 65 56 57 98 ]
[ 92 48 23 18 68 1 7 71 1 23 94 76 80 42 26 30 58 87 54 70 16 95 74 79 23 ]
[ 32 85 41 40 42 91 84 42 14 2 62 67 61 33 68 85 27 96 17 21 75 48 31 62 54 ]
[ 2 30 1 76 10 77 60 47 18 52 89 61 89 84 27 43 98 94 5 32 14 42 11 63 59 ]
[ 85 38 59 16 52 13 18 82 67 46 92 44 58 39 62 63 81 75 52 17 2 95 15 96 52 ]
[ 99 62 94 11 77 6 96 15 17 64 19 83 83 2 50 81 46 94 40 38 8 3 71 83 55 ]
[ 88 85 2 55 33 7 55 47 53 18 25 59 66 40 77 30 12 60 13 14 62 47 12 56 87 ]
[ 50 64 90 21 99 97 61 84 51 17 69 58 24 16 64 42 41 23 8 34 52 90 46 64 56 ]
[ 12 26 3 24 82 90 27 98 32 48 97 81 10 33 32 79 54 43 3 71 7 45 64 82 5 ]
[ 50 35 95 96 99 51 60 26 6 85 60 96 64 11 28 12 60 9 74 46 94 53 0 89 8 ]
[ 23 96 53 88 30 10 38 65 58 87 17 9 47 95 68 84 7 64 48 18 45 13 79 6 87 ]
[ 77 52 93 77 41 1 1 89 7 41 20 69 31 37 27 18 54 89 18 1 57 54 9 21 55 ]
[ 27 18 68 58 77 7 35 29 52 65 71 6 66 12 65 59 32 34 90 22 62 61 76 51 31 ]

Running merge sort algorithm: 
Timer (sort): 223ms real	210ms user	0ms sys
The output is sorted!
[ 5 45 37 4 11 24 14 33 13 86 22 41 7 20 7 23 38 14 6 15 13 28 7 77 0 ]
[ 21 15 18 0 19 77 49 29 27 18 31 35 5 43 19 3 14 17 66 7 7 18 14 32 19 ]
[ 49 24 2 4 31 9 24 19 20 61 34 27 3 33 22 1 34 55 53 16 47 33 2 2 13 ]
[ 35 26 5 23 19 72 10 4 89 37 15 10 17 6 35 34 26 3 31 14 0 10 14 64 23 ]
[ 45 16 19 13 56 6 28 60 4 13 1 2 55 24 6 64 20 20 9 48 12 2 57 15 37 ]
[ 68 7 23 13 7 48 39 7 12 76 52 25 16 35 2 0 86 20 2 1 10 28 7 7 46 ]
[ 78 55 43 11 1 3 75 8 6 29 41 40 9 23 20 54 56 34 12 2 10 10 13 9 0 ]
[ 10 7 9 19 6 26 37 42 35 16 38 3 52 55 12 15 57 67 5 15 38 2 1 31 44 ]
[ 8 10 74 34 22 42 77 9 14 71 8 9 2 32 1 6 76 0 46 5 14 56 10 11 6 ]
[ 44 10 21 21 74 15 0 12 7 2 11 67 5 67 13 4 27 10 61 97 14 8 12 25 17 ]
[ 30 8 11 77 39 46 3 3 18 20 11 31 73 17 20 26 10 26 68 9 6 44 36 8 5 ]
[ 32 50 17 15 15 56 44 37 16 12 53 21 16 49 11 13 31 10 11 17 9 28 25 55 3 ]
[ 35 69 93 60 0 15 0 27 39 41 29 5 18 27 13 8 38 35 12 53 8 0 7 9 6 ]
[ 57 16 18 62 8 13 14 38 18 0 4 11 47 31 51 2 0 58 2 90 54 10 27 5 12 ]
[ 7 52 22 26 9 25 4 15 45 30 5 56 13 19 3 23 57 6 9 20 45 22 17 95 23 ]
[ 10 2 51 45 7 27 16 88 74 24 83 1 41 12 0 3 2 8 35 5 18 12 2 15 68 ]
[ 16 7 10 4 12 20 3 96 14 6 96 5 26 17 36 62 1 52 13 3 32 6 11 24 78 ]
[ 71 14 42 10 49 20 4 21 29 54 20 49 24 16 57 7 1 38 7 39 23 10 2 19 24 ]
[ 8 1 55 1 44 11 17 60 6 10 19 5 3 95 2 32 29 50 31 66 14 16 8 30 37 ]
[ 20 7 72 6 34 72 4 6 67 46 25 51 17 6 49 14 14 17 35 4 0 36 20 22 7 ]

Timer (generate): 277ms real	240ms user	20ms sys
[ 80 39 62 13 71 68 54 52 30 87 81 7 91 30 62 70 39 0 33 34 6 27 71 48 43 ]
[ 36 80 92 86 17 59 18 56 73 84 79 42 38 32 72 25 65 31 68 96 93 39 35 93 24 ]
[ 22 51 51 45 99 47 33 32 39 72 1 50 90 9 24 74 88 18 65 72 42 42 38 73 63 ]
[ 34 66 2 21 11 78 95 62 82 40 14 29 74 98 20 46 99 71 88 8 47 15 48 17 80 ]
[ 21 59 74 11 32 37 45 50 91 18 61 22 14 75 4 54 41 85 80 39 5 26 90 28 67 ]
[ 98 27 82 99 96 14 72 55 40 83 87 78 80 89 21 98 2 43 64 78 47 71 71 32 51 ]
[ 11 90 30 1 70 97 52 50 31 3 46 45 75 2 37 58 41 15 38 83 37 88 85 80 53 ]
[ 15 80 24 87 64 75 50 54 57 51 77 54 55 27 85 58 25 82 33 79 72 43 73 87 81 ]
[ 56 76 22 93 9 75 61 89 51 48 5 78 98 12 36 1 89 42 9 68 80 67 45 62 53 ]
[ 25 34 96 50 74 30 6 2 52 51 63 79 12 4 30 60 10 8 10 22 96 64 11 39 73 ]
[ 31 19 92 76 33 45 53 20 94 3 46 24 9 48 76 13 12 55 25 16 37 38 26 97 48 ]
[ 0 94 64 11 33 89 94 4 82 71 37 79 24 57 73 28 55 97 89 4 25 2 68 32 28 ]
[ 84 69 66 63 67 66 63 13 83 27 98 72 73 2 54 44 91 86 21 1 59 1 56 9 90 ]
[ 60 86 45 80 19 25 17 40 43 80 59 61 95 72 44 74 70 17 48 24 23 44 16 9 17 ]
[ 17 21 18 73 30 61 86 16 58 66 87 83 83 28 26 15 87 87 63 12 84 89 82 1 89 ]
[ 7 76 86 75 38 3 92 59 74 17 41 35 55 9 93 74 49 76 57 77 54 25 16 41 40 ]
[ 28 25 29 11 78 71 70 7 57 45 45 60 89 56 34 6 97 21 62 58 14 36 7 42 45 ]
[ 36 48 22 53 42 14 81 19 96 44 50 67 66 57 24 63 2 84 52 10 71 11 59 92 25 ]
[ 17 59 13 77 53 10 13 2 33 18 44 99 52 15 95 96 65 62 15 22 86 78 76 23 83 ]
[ 86 94 94 45 86 19 15 97 32 92 51 94 57 5 27 76 1 27 28 16 74 76 82 37 91 ]

Running merge sort algorithm: 
Timer (sort): 202ms real	200ms user	20ms sys
The output is sorted!
[ 7 21 38 31 69 14 38 32 55 3 25 20 1 58 26 5 12 9 3 19 26 0 50 31 9 ]
[ 34 1 0 13 18 40 28 6 11 30 14 45 38 96 45 26 0 31 4 0 24 27 9 52 16 ]
[ 10 31 17 0 59 44 35 20 37 47 30 15 3 13 1 20 1 3 0 12 13 51 38 64 46 ]
[ 80 20 6 17 6 7 51 88 89 17 54 10 15 1 7 9 15 15 6 8 11 17 6 50 7 ]
[ 31 5 10 4 17 40 7 52 62 0 61 47 82 44 9 5 0 10 5 6 6 74 20 2 15 ]
[ 28 2 2 66 16 45 97 31 6 14 17 32 27 27 26 0 80 27 0 3 18 21 11 28 3 ]
[ 9 5 15 1 75 6 3 70 11 3 8 29 3 68 25 42 16 81 1 2 48 56 35 16 5 ]
[ 17 43 1 55 43 3 2 1 63 90 17 18 6 21 1 26 28 16 97 18 2 52 15 4 1 ]
[ 2 98 15 40 3 39 9 21 8 80 85 0 16 13 79 10 7 4 2 54 17 1 21 7 15 ]
[ 22 0 30 3 62 52 11 6 37 21 7 2 11 20 64 24 9 56 9 12 51 29 46 35 27 ]
[ 29 20 89 51 48 5 15 24 8 24 1 38 3 60 25 17 5 15 19 12 45 40 6 0 48 ]
[ 7 0 74 13 78 9 9 48 8 33 51 25 14 61 9 8 0 9 32 8 29 69 9 2 45 ]
[ 38 17 51 5 24 5 5 86 17 38 66 34 9 31 3 51 17 0 1 19 11 8 90 6 18 ]
[ 13 65 31 11 18 15 8 8 5 6 25 5 11 14 22 85 2 85 16 63 11 28 0 78 27 ]
[ 0 13 20 1 37 25 56 2 50 50 75 17 61 24 16 10 32 19 9 6 3 21 28 63 16 ]
[ 32 22 34 6 27 0 8 19 8 18 98 1 8 60 16 51 42 25 34 0 1 68 73 1 2 ]
[ 0 50 22 33 14 93 18 35 25 42 11 27 7 35 35 79 7 15 28 11 4 13 14 4 34 ]
[ 13 48 35 12 6 13 26 51 5 21 2 9 33 41 11 39 27 20 90 23 28 5 66 5 29 ]
[ 41 11 17 60 12 20 38 75 0 28 8 10 27 35 63 4 49 4 11 66 34 11 0 21 16 ]
[ 75 17 98 11 2 31 95 32 49 3 3 15 17 29 3 34 5 9 1 30 14 11 37 38 3 ]

Timer (generate): 273ms real	220ms user	50ms sys
[ 71 90 66 58 83 69 0 2 39 40 49 52 58 55 27 13 9 41 11 88 19 20 74 46 70 ]
[ 80 91 36 26 59 25 97 1 91 7 36 12 7 90 51 99 39 55 58 46 83 23 55 76 34 ]
[ 44 96 6 70 94 77 50 85 13 28 96 90 26 49 34 33 85 46 93 27 50 92 67 5 2 ]
[ 65 40 25 21 17 11 17 13 70 87 7 47 90 44 12 18 41 3 44 90 37 30 28 83 75 ]
[ 55 33 19 74 91 22 40 31 99 61 48 63 78 13 33 17 72 80 7 17 44 26 10 47 22 ]
[ 0 84 4 80 20 79 88 5 99 62 96 73 2 80 72 15 80 87 45 94 20 15 66 52 22 ]
[ 35 97 0 45 96 23 98 81 79 78 53 59 18 58 10 81 7 35 35 39 7 3 19 47 48 ]
[ 13 67 63 32 72 38 19 21 38 65 17 13 15 98 93 45 3 4 64 14 66 45 21 1 80 ]
[ 60 60 83 31 7 84 97 27 99 29 51 37 0 72 28 65 89 41 80 40 86 26 43 42 90 ]
[ 57 8 87 30 61 19 42 22 55 74 81 39 71 8 38 52 59 28 52 83 56 70 73 97 50 ]
[ 65 36 28 60 78 70 70 87 57 0 48 29 95 22 84 69 4 23 92 64 13 96 76 93 48 ]
[ 59 49 18 84 99 21 1 35 1 62 13 72 32 52 81 84 53 10 31 27 46 52 83 69 44 ]
[ 48 35 40 76 28 41 87 30 11 24 29 84 25 64 86 39 29 10 71 34 43 8 39 6 39 ]
[ 66 52 44 50 74 88 50 9 81 26 89 22 13 19 85 37 48 70 15 64 56 54 46 18 78 ]
[ 32 13 38 71 19 77 37 72 73 39 46 62 89 7 95 67 96 17 81 68 2 70 16 24 85 ]
[ 33 32 92 79 50 70 11 64 8 34 35 37 71 7 11 63 5 25 52 64 20 20 13 37 53 ]
[ 81 91 75 49 68 13 82 0 5 13 3 75 76 19 35 10 54 72 34 14 83 97 71 60 1 ]
[ 36 80 21 49 69 26 82 61 2 31 29 15 14 81 20 79 84 47 56 3 82 18 58 6 4 ]
[ 24 42 1 95 2 3 31 83 76 32 52 3 14 65 5 46 46 72 12 28 44 91 64 91 99 ]
[ 68 25 70 78 31 74 2 73 76 97 28 31 81 11 59 13 15 62 28 81 19 26 27 43 38 ]

Running merge sort algorithm: 
Timer (sort): 237ms real	240ms user	0ms sys
The output is sorted!
[ 40 6 0 30 18 0 6 1 15 29 71 8 8 31 26 52 96 19 34 16 9 17 22 2 5 ]
[ 11 32 86 28 6 79 0 36 2 0 0 17 11 65 6 23 47 23 3 6 7 56 0 12 9 ]
[ 75 8 25 4 68 14 16 20 8 23 24 21 9 6 53 51 9 34 13 33 16 5 30 8 11 ]
[ 60 17 5 24 25 83 11 80 3 11 52 19 19 56 1 6 7 29 4 1 60 0 21 1 1 ]
[ 7 4 26 22 6 14 29 18 7 33 73 41 9 13 51 12 29 26 87 33 12 20 18 10 2 ]
[ 21 11 1 22 42 31 58 55 4 11 10 23 0 34 14 52 35 44 15 0 46 23 10 24 20 ]
[ 15 38 13 12 8 10 73 54 9 39 44 20 34 13 44 8 52 0 5 20 18 10 56 13 3 ]
[ 25 17 10 63 5 15 18 44 35 15 12 17 52 17 41 19 11 12 22 80 7 23 40 5 7 ]
[ 36 0 21 69 2 45 27 12 12 41 7 0 16 10 6 67 17 6 2 50 3 12 80 46 31 ]
[ 27 24 4 9 23 57 19 61 0 31 26 98 40 5 51 22 6 37 1 23 21 4 20 16 11 ]
[ 19 36 59 53 37 36 27 8 10 30 41 10 7 49 9 38 25 12 5 4 27 15 49 24 8 ]
[ 12 42 38 86 20 25 17 21 29 21 33 6 11 54 8 30 24 21 28 29 25 18 11 2 30 ]
[ 14 4 17 15 28 16 25 7 17 1 14 56 0 0 32 13 7 45 64 21 1 61 52 68 67 ]
[ 56 12 18 8 65 0 20 17 10 36 24 19 61 2 42 59 20 10 35 23 2 21 54 19 13 ]
[ 15 9 6 11 20 5 25 5 60 93 77 19 18 48 2 48 33 10 15 1 79 9 10 26 3 ]
[ 16 7 30 19 5 10 45 68 7 32 9 42 18 31 11 18 30 25 18 21 81 17 21 32 34 ]
[ 9 22 67 9 79 9 52 4 46 16 0 13 47 0 14 77 13 44 5 61 9 21 19 2 10 ]
[ 9 8 21 89 18 4 52 19 22 12 23 27 21 17 7 31 40 0 12 17 97 25 17 1 60 ]
[ 0 11 74 19 78 13 30 55 9 40 21 38 17 2 43 7 15 0 64 12 8 78 5 5 6 ]
[ 8 3 3 9 32 30 4 40 19 65 17 15 73 5 39 18 12 18 8 2 20 80 94 5 32 ]

Timer (generate): 297ms real	250ms user	30ms sys
[ 40 75 62 71 72 6 5 10 1 32 2 23 31 18 56 6 1 34 78 13 58 10 49 63 90 ]
[ 99 13 39 28 40 96 69 67 59 92 92 17 49 2 70 82 56 93 13 74 1 72 27 35 50 ]
[ 40 93 12 90 8 54 41 73 94 69 65 90 38 33 1 83 77 70 32 79 40 14 87 33 80 ]
[ 61 86 52 88 21 54 81 14 18 71 74 72 12 47 66 33 65 9 72 98 62 7 75 33 39 ]
[ 6 25 6 93 11 86 54 97 90 94 19 44 75 85 14 98 12 86 62 11 5 96 76 66 20 ]
[ 74 28 27 1 13 66 59 91 24 52 2 10 58 99 52 5 70 48 32 8 62 31 20 49 93 ]
[ 31 6 41 8 72 61 34 0 88 88 66 7 47 57 31 52 59 94 62 10 46 67 33 95 0 ]
[ 41 9 83 13 58 28 96 16 70 4 88 31 91 41 72 79 7 79 78 64 62 30 75 56 93 ]
[ 37 55 12 22 50 64 15 11 47 28 70 76 25 38 98 81 27 29 72 68 53 3 75 32 82 ]
[ 91 47 64 18 3 57 55 58 22 78 60 86 45 72 86 74 94 62 51 32 60 32 11 41 57 ]
[ 79 95 60 6 79 42 49 26 7 67 82 16 75 92 90 5 5 77 50 29 63 76 75 77 27 ]
[ 7 89 60 71 82 17 50 77 29 9 9 72 58 87 31 78 69 99 53 62 90 58 19 19 60 ]
[ 48 82 37 23 11 64 82 0 76 53 82 93 56 12 23 65 73 47 75 60 30 53 30 29 6 ]
[ 44 71 16 63 90 29 11 24 66 34 87 82 68 39 59 22 74 4 78 86 27 95 11 26 22 ]
[ 71 56 76 1 38 34 97 61 3 60 4 32 23 80 98 9 68 80 78 7 39 0 81 44 30 ]
[ 19 23 77 30 2 99 54 10 75 7 0 62 5 62 65 17 66 97 41 46 95 50 66 27 80 ]
[ 74 19 32 7 15 62 79 38 91 61 92 91 15 3 18 23 3 80 28 65 45 97 83 94 38 ]
[ 82 89 41 48 69 21 74 88 6 82 55 68 13 93 12 74 38 3 42 41 73 65 44 54 45 ]
[ 62 51 42 97 46 33 79 87 26 28 56 99 2 96 5 36 51 74 1 97 86 76 35 41 70 ]
[ 28 14 35 72 20 32 86 72 26 84 18 59 15 5 37 43 14 37 98 62 42 86 14 68 88 ]

Running merge sort algorithm: 
Timer (sort): 193ms real	200ms user	10ms sys
The output is sorted!
[ 23 27 2 1 28 10 12 0 24 4 17 45 0 22 69 15 86 36 18 16 4 71 10 18 20 ]
[ 15 0 4 19 7 7 27 23 44 30 35 20 29 24 73 13 43 27 0 33 59 10 11 34 16 ]
[ 12 2 60 40 49 66 3 10 3 11 90 15 58 4 20 39 16 4 10 10 8 22 8 45 1 ]
[ 61 6 29 11 3 10 10 3 93 24 8 21 5 28 29 3 18 9 38 6 37 60 74 4 17 ]
[ 37 68 37 2 58 24 6 35 32 19 6 8 1 9 10 23 58 13 70 6 2 43 6 3 32 ]
[ 7 1 40 24 13 27 24 15 18 10 15 18 4 7 5 62 36 39 21 14 57 82 60 15 2 ]
[ 43 4 38 45 14 6 9 23 4 29 7 33 92 37 4 43 0 49 8 49 10 24 33 13 2 ]
[ 41 36 68 26 50 14 71 4 22 8 15 17 21 14 14 23 24 4 2 1 30 27 30 32 32 ]
[ 18 0 8 55 45 20 25 1 14 54 50 3 28 8 16 1 9 27 1 93 24 39 28 20 42 ]
[ 1 4 37 1 8 37 30 25 66 68 1 29 8 91 2 7 0 6 21 38 15 30 37 54 21 ]
[ 20 0 57 41 11 4 7 1 42 51 53 6 32 21 65 16 1 13 32 28 62 9 29 29 7 ]
[ 13 11 14 69 3 41 0 0 20 15 71 28 30 35 4 18 8 1 0 55 71 37 29 56 11 ]
[ 3 21 10 20 49 0 42 24 19 2 19 7 0 85 2 28 46 51 62 52 29 21 13 35 3 ]
[ 13 9 36 5 19 8 21 6 15 6 2 50 93 53 44 78 21 50 29 7 1 26 15 32 7 ]
[ 8 13 0 45 64 33 9 12 6 8 12 12 72 56 16 11 5 4 98 53 29 6 32 8 35 ]
[ 34 19 7 0 2 4 13 4 24 37 23 44 15 63 33 13 20 22 79 33 27 20 91 6 15 ]
[ 6 19 84 22 33 22 37 7 16 23 84 3 23 14 0 8 18 11 98 35 6 57 0 10 12 ]
[ 3 56 45 39 14 68 1 16 52 4 50 13 31 23 33 2 29 0 14 45 5 40 7 41 18 ]
[ 30 38 3 1 54 7 19 18 8 15 11 58 47 10 45 26 21 47 2 22 12 30 23 67 35 ]
[ 50 7 53 34 29 17 31 0 4 18 19 30 61 17 18 5 21 73 2 1 62 38 0 19 44 ]

Timer (generate): 290ms real	270ms user	20ms sys
[ 83 58 52 43 51 32 95 8 6 30 30 87 13 55 25 95 76 1 78 55 17 43 14 14 73 ]
[ 83 2 53 22 85 40 6 96 92 49 47 24 96 55 83 78 38 22 43 45 47 91 21 1 69 ]
[ 28 18 13 43 32 38 78 35 92 0 72 84 58 68 28 60 68 52 8 75 87 87 65 9 82 ]
[ 10 9 73 31 10 43 12 28 8 55 12 46 33 99 90 85 24 74 44 44 2 4 12 7 64 ]
[ 40 46 51 5 56 34 16 17 7 99 27 2 11 7 10 18 71 9 3 23 51 89 47 26 85 ]
[ 91 80 41 56 39 5 96 38 57 1 94 43 69 11 2 69 90 57 32 49 67 51 20 28 54 ]
[ 43 80 43 90 58 80 34 90 21 90 82 27 86 20 36 39 66 79 9 29 33 30 19 90 62 ]
[ 68 10 13 40 90 68 36 70 63 26 80 44 12 71 17 2 53 44 40 73 80 80 39 11 41 ]
[ 68 97 71 39 87 33 59 49 47 99 40 67 35 62 82 14 43 78 26 14 96 81 67 92 21 ]
[ 92 25 53 83 36 94 51 85 65 42 25 99 1 74 98 52 66 17 88 29 51 54 72 30 32 ]
[ 86 78 13 5 70 35 97 95 88 80 84 35 83 69 0 25 46 51 26 21 1 78 87 18 18 ]
[ 16 22 72 40 52 57 26 82 70 83 52 57 80 0 98 12 84 33 95 5 33 72 52 37 50 ]
[ 25 38 29 64 9 99 33 31 24 73 35 81 52 17 3 35 69 61 68 21 59 80 5 44 28 ]
[ 63 29 0 67 66 51 92 5 32 56 14 31 41 45 7 15 80 88 67 49 92 54 18 5 22 ]
[ 40 64 3 97 60 31 12 89 83 79 56 34 23 61 18 32 27 50 73 24 57 88 56 98 7 ]
[ 5 42 62 75 47 36 67 63 39 17 23 22 29 12 58 61 68 92 84 81 11 16 8 13 90 ]
[ 32 22 30 40 72 90 45 14 4 21 61 40 88 24 32 5 47 54 87 60 12 48 80 57 32 ]
[ 62 20 1 22 85 43 7 7 25 47 80 15 93 46 71 66 8 12 6 32 44 64 32 50 51 ]
[ 44 15 99 24 24 83 86 44 36 9 81 79 16 40 5 15 20 72 8 19 44 26 27 8 33 ]
[ 11 52 97 43 54 0 87 21 51 64 45 86 2 41 23 11 22 2 79 63 59 95 35 84 55 ]

Running merge sort algorithm: 
Timer (sort): 197ms real	190ms user	0ms sys
The output is sorted!
[ 2 71 5 2 13 87 41 2 13 41 0 67 32 8 6 3 13 3 16 50 9 8 3 1 54 ]
[ 25 34 48 40 77 1 28 15 8 16 12 24 6 38 16 22 11 38 38 1 9 3 47 19 3 ]
[ 25 50 0 2 50 22 3 32 23 18 0 17 18 26 23 14 2 46 68 22 12 54 11 25 18 ]
[ 34 15 25 22 82 10 51 23 1 44 5 2 57 32 37 5 3 4 35 7 20 47 3 13 6 ]
[ 13 5 10 54 15 0 36 16 17 30 15 54 21 1 51 6 19 12 5 43 27 15 85 43 3 ]
[ 2 66 5 8 25 18 37 24 30 9 10 10 60 72 11 8 8 0 55 2 53 14 19 32 28 ]
[ 96 54 0 1 6 10 2 15 2 71 19 9 13 34 80 17 14 3 0 12 4 33 54 30 34 ]
[ 7 5 35 56 50 19 98 3 32 40 23 14 14 34 4 6 27 30 10 49 2 9 3 5 49 ]
[ 47 16 18 66 20 12 7 81 77 30 16 2 55 17 4 26 10 6 27 15 4 3 12 11 53 ]
[ 14 30 42 56 3 24 29 28 15 7 2 16 3 44 45 14 1 47 37 14 39 55 60 5 6 ]
[ 54 0 2 34 12 40 7 40 84 11 2 40 25 37 2 8 40 50 10 8 7 14 37 49 27 ]
[ 8 11 52 0 90 53 66 13 47 98 25 27 10 31 1 6 5 12 1 27 19 5 14 3 17 ]
[ 36 33 16 17 26 24 21 28 10 8 55 23 1 9 37 50 60 6 23 37 22 3 76 22 2 ]
[ 19 27 15 28 23 75 8 21 10 14 30 2 8 48 10 35 44 0 39 2 60 5 14 52 61 ]
[ 5 7 3 3 10 17 26 17 17 72 13 12 9 36 56 14 71 76 33 4 22 61 47 16 8 ]
[ 10 7 22 1 20 60 42 20 3 4 56 18 36 60 35 10 72 4 40 47 20 42 4 25 1 ]
[ 42 28 36 11 0 0 53 2 8 25 29 21 75 85 71 21 32 15 20 9 9 1 10 56 1 ]
[ 22 11 14 23 9 0 1 30 38 22 71 27 18 6 19 74 31 68 77 0 14 50 0 32 4 ]
[ 7 10 29 5 61 9 26 23 16 5 0 0 35 94 34 24 39 41 34 37 35 36 22 5 34 ]
[ 75 34 60 4 44 15 13 37 2 4 76 1 21 56 14 13 15 8 1 10 2 24 48 83 3 ]

Timer (generate): 299ms real	250ms user	50ms sys
[ 45 13 26 15 3 23 60 66 30 78 65 96 83 80 0 98 18 23 77 50 9 64 78 30 65 ]
[ 79 2 21 74 77 68 19 42 94 86 45 17 98 64 99 28 81 48 11 62 48 61 32 23 38 ]
[ 82 32 55 13 14 72 92 69 45 66 98 13 37 40 59 75 37 28 73 1 28 53 83 28 16 ]
[ 97 76 29 29 52 20 64 36 75 77 51 47 21 72 45 39 70 58 76 10 70 3 47 98 28 ]
[ 1 78 81 36 6 49 85 83 78 14 87 98 30 23 73 7 26 73 28 98 18 67 20 28 95 ]
[ 30 98 50 30 97 78 83 75 11 71 34 60 56 17 39 22 56 37 53 79 63 60 58 36 41 ]
[ 8 54 60 29 34 8 11 33 58 41 82 89 76 57 0 47 43 61 3 60 52 26 68 89 79 ]
[ 0 52 91 58 40 84 66 46 97 95 81 5 7 14 15 0 48 4 29 57 57 76 1 18 32 ]
[ 13 70 58 82 11 89 82 16 32 92 56 17 58 55 14 6 36 71 65 2 38 17 50 43 46 ]
[ 7 0 75 60 70 7 74 92 65 56 3 6 90 19 38 82 28 7 92 83 21 98 71 44 15 ]
[ 73 83 33 75 78 31 34 30 6 95 52 13 69 44 30 77 47 88 67 19 27 49 47 34 41 ]
[ 82 8 92 53 52 7 78 87 92 5 17 76 39 47 82 86 51 48 7 95 30 84 43 19 3 ]
[ 14 46 52 61 32 46 43 40 90 48 45 49 26 84 42 31 2 18 22 1 52 9 53 52 68 ]
[ 0 83 53 95 2 8 9 0 13 22 32 59 17 25 49 65 22 98 91 6 92 22 60 62 45 ]
[ 62 15 6 67 67 74 67 2 79 63 4 88 24 56 1 47 89 12 64 66 61 30 88 11 21 ]
[ 94 56 96 55 18 93 69 85 99 36 5 25 55 7 5 70 12 45 95 68 46 42 9 58 6 ]
[ 75 71 36 63 34 10 10 90 58 17 9 51 86 94 2 74 99 27 29 59 84 52 71 29 47 ]
[ 91 27 89 53 85 47 28 8 36 44 43 98 6 33 56 23 94 59 9 41 61 35 92 40 64 ]
[ 51 77 68 74 6 15 66 86 56 19 71 4 99 32 92 95 75 90 53 60 98 76 55 57 37 ]
[ 96 70 72 88 10 89 40 39 57 14 98 73 32 84 81 3 55 85 55 39 29 2 14 19 56 ]

Running merge sort algorithm: 
Timer (sort): 213ms real	210ms user	0ms sys
The output is sorted!
[ 3 11 29 37 25 12 0 3 28 38 47 34 4 66 8 30 82 4 11 24 5 27 5 40 6 ]
[ 20 98 10 2 1 5 5 17 39 41 7 6 2 69 23 25 2 64 23 19 12 8 40 8 34 ]
[ 46 12 21 24 23 48 50 9 33 32 0 23 2 44 1 20 24 13 5 7 13 52 9 55 17 ]
[ 17 42 18 2 5 32 29 17 4 60 6 0 23 89 78 35 27 4 23 2 1 1 21 50 5 ]
[ 60 14 7 9 16 55 24 30 72 0 24 25 39 12 32 6 16 10 31 8 30 47 2 21 6 ]
[ 17 38 56 35 19 3 32 17 43 53 0 27 28 12 2 10 21 14 69 46 2 19 27 11 0 ]
[ 16 8 67 21 29 49 38 24 10 3 26 85 4 9 30 5 2 79 5 16 6 15 27 22 17 ]
[ 12 12 36 0 16 8 14 16 5 15 5 4 49 88 3 28 30 11 32 68 2 44 2 53 73 ]
[ 7 6 5 5 0 43 4 8 79 56 32 38 7 7 3 78 11 38 16 13 65 45 36 5 19 ]
[ 3 1 49 0 3 42 14 17 31 27 33 59 30 69 47 19 40 51 16 3 5 5 9 12 50 ]
[ 1 13 0 43 22 25 39 28 23 11 57 27 99 32 37 37 13 2 0 40 20 2 28 39 2 ]
[ 11 5 2 35 92 10 12 51 10 9 38 3 43 30 19 16 35 21 3 71 13 18 35 29 31 ]
[ 26 38 43 1 27 7 12 25 9 20 9 6 18 31 73 24 76 16 95 24 16 32 3 8 8 ]
[ 8 49 77 26 15 8 12 34 55 39 24 16 3 51 13 0 59 59 14 8 17 7 7 1 47 ]
[ 27 15 2 9 15 33 1 47 8 7 81 1 42 55 28 25 3 8 56 27 0 75 25 43 19 ]
[ 69 13 17 22 40 27 14 46 30 84 1 5 23 49 15 10 22 34 12 15 19 9 39 15 25 ]
[ 15 42 10 24 64 80 21 12 26 3 3 46 31 13 18 7 18 12 5 7 5 34 88 41 30 ]
[ 1 38 3 10 60 22 4 5 78 2 24 44 2 47 9 13 63 23 95 62 6 8 10 18 18 ]
[ 0 28 20 8 13 40 0 19 30 18 14 58 1 49 35 38 19 55 2 56 24 42 61 24 12 ]
[ 13 9 56 8 24 8 31 56 11 33 68 23 48 25 4 38 11 22 5 66 17 36 16 22 17 ]

Timer (generate): 306ms real	280ms user	20ms sys
[ 87 25 58 54 33 86 17 8 48 54 69 27 19 98 32 46 87 74 33 85 76 10 10 85 4 ]
[ 48 89 88 21 16 95 9 41 54 15 74 92 32 34 92 86 55 20 58 53 4 4 41 79 37 ]
[ 78 7 47 41 92 51 89 34 92 62 50 39 71 91 45 38 17 90 71 3 82 9 59 54 67 ]
[ 12 59 24 5 90 61 84 97 61 25 42 64 66 76 56 28 78 48 52 21 93 90 38 83 13 ]
[ 93 18 23 52 72 42 17 31 66 74 21 80 58 71 41 35 13 5 53 41 14 82 19 14 34 ]
[ 40 59 76 30 43 90 75 13 65 80 85 7 97 17 74 71 90 54 82 13 47 69 26 4 23 ]
[ 19 70 57 38 84 43 30 96 19 12 39 61 88 52 26 68 89 86 17 6 12 40 49 18 22 ]
[ 62 65 44 41 21 19 60 92 76 51 28 19 81 24 90 46 15 52 34 19 30 54 9 16 71 ]
[ 67 28 11 68 46 86 31 63 30 24 85 1 84 29 77 87 9 48 21 86 90 67 1 42 53 ]
[ 73 25 59 82 93 30 49 74 93 70 72 31 1 36 13 77 73 14 13 54 43 1 63 91 22 ]
[ 49 82 41 3 76 46 76 53 5 10 47 87 11 21 80 81 93 64 82 81 77 11 6 44 25 ]
[ 12 87 26 76 79 0 77 13 93 32 41 39 60 95 44 70 42 83 82 15 15 63 60 79 98 ]
[ 94 57 9 0 1 34 13 40 12 41 19 12 70 84 57 55 26 96 15 73 92 86 15 75 68 ]
[ 82 91 31 94 70 29 88 79 91 41 32 25 6 73 90 99 44 54 69 29 12 24 7 60 92 ]
[ 80 53 78 47 28 46 81 71 29 75 94 11 64 73 2 5 58 79 11 83 69 10 27 76 31 ]
[ 8 88 8 15 48 0 47 1 30 46 82 28 27 5 57 3 99 20 67 25 22 24 83 54 87 ]
[ 18 75 49 45 51 32 6 39 40 73 40 92 21 93 22 67 27 50 95 33 60 50 32 80 17 ]
[ 9 55 93 44 9 80 62 84 81 8 88 13 14 79 6 87 19 98 60 65 73 80 92 75 75 ]
[ 25 35 25 10 16 94 71 71 39 16 32 71 78 68 52 38 56 17 4 88 23 44 7 22 4 ]
[ 72 47 84 17 22 11 42 58 88 4 26 34 76 49 73 92 33 96 22 1 48 61 10 66 65 ]

Running merge sort algorithm: 
Timer (sort): 196ms real	200ms user	0ms sys
The output is sorted!
[ 66 23 5 16 1 13 9 1 26 5 97 17 21 6 22 9 1 0 3 1 47 46 97 6 25 ]
[ 6 7 37 18 38 1 3 3 5 40 50 11 4 1 8 65 17 23 83 7 25 64 16 27 25 ]
[ 2 99 2 10 6 1 1 0 65 1 72 36 31 24 45 39 0 26 59 0 38 35 1 2 17 ]
[ 1 27 1 12 3 31 41 22 21 78 26 7 64 2 43 2 8 65 24 74 36 19 6 4 6 ]
[ 21 5 48 2 40 51 37 64 76 32 28 6 26 52 18 1 0 30 13 12 14 13 17 17 2 ]
[ 33 12 4 16 17 21 22 33 15 26 85 11 26 11 16 3 17 31 10 33 17 33 49 68 18 ]
[ 2 2 32 64 41 67 11 84 33 11 45 2 49 1 23 36 12 8 17 20 14 28 7 10 11 ]
[ 75 3 6 3 8 53 60 8 0 29 27 24 10 45 18 51 89 25 18 18 10 1 12 17 22 ]
[ 19 11 4 79 15 62 3 65 3 0 14 43 21 47 38 25 11 3 3 3 35 83 3 41 5 ]
[ 3 75 45 50 1 10 3 31 20 0 70 14 10 29 56 7 64 13 22 85 7 4 11 7 1 ]
[ 43 17 17 11 35 14 0 33 24 56 41 1 29 8 92 16 8 25 34 45 67 0 9 5 8 ]
[ 22 18 0 27 51 18 16 31 0 22 4 1 10 6 9 47 35 30 49 51 38 95 2 0 65 ]
[ 15 13 86 27 6 13 28 0 18 46 72 3 31 17 14 25 5 39 20 24 84 21 7 32 6 ]
[ 5 4 36 4 27 69 36 6 1 45 11 21 46 7 21 48 18 45 22 33 27 15 33 44 29 ]
[ 6 57 0 1 19 47 25 28 23 58 38 40 12 40 5 2 7 9 25 34 53 10 49 25 41 ]
[ 18 4 43 8 43 7 6 2 87 45 5 27 8 25 7 4 63 4 8 63 23 9 82 13 51 ]
[ 61 14 8 9 6 28 82 25 49 12 36 19 4 26 29 29 8 77 54 2 10 3 33 2 30 ]
[ 1 15 76 9 25 22 36 14 67 53 22 33 51 2 55 5 0 87 0 43 8 16 13 2 3 ]
[ 23 9 93 79 42 48 8 2 63 19 14 39 1 31 7 7 30 35 0 24 6 24 1 16 37 ]
[ 34 17 6 4 10 6 8 74 46 34 20 10 60 10 32 0 54 5 20 26 7 45 74 37 20 ]

Timer (generate): 258ms real	230ms user	10ms sys
[ 96 63 59 23 65 46 49 4 25 82 92 44 44 75 80 42 55 46 70 66 83 59 49 91 96 ]
[ 96 92 44 65 63 39 61 78 98 36 44 96 85 48 74 19 92 18 16 20 50 58 27 97 80 ]
[ 93 32 40 43 23 88 39 67 32 56 82 71 70 13 69 6 57 18 44 57 92 63 2 62 79 ]
[ 22 12 89 1 61 70 95 93 62 38 16 50 29 36 34 37 18 57 7 31 78 14 40 96 10 ]
[ 50 88 73 52 50 5 26 15 94 27 76 16 74 70 78 12 38 80 93 26 66 31 45 23 38 ]
[ 28 2 4 21 98 14 71 39 40 75 41 45 53 56 39 32 85 56 7 7 86 71 45 19 65 ]
[ 72 85 48 69 9 38 49 11 95 70 61 9 93 52 1 68 94 46 73 2 38 6 87 94 65 ]
[ 94 32 36 92 51 53 16 37 53 37 98 92 86 61 87 9 74 48 2 27 50 23 73 48 96 ]
[ 75 86 54 15 32 71 61 65 8 5 68 13 21 57 67 10 55 11 49 68 50 58 43 50 12 ]
[ 70 0 35 95 1 84 70 87 90 85 20 62 47 37 22 52 5 87 26 63 6 88 70 17 37 ]
[ 91 19 47 34 70 60 56 22 47 51 23 31 73 11 74 59 31 36 58 20 10 62 25 97 40 ]
[ 40 4 29 63 73 66 54 93 66 40 15 26 96 37 73 99 61 57 72 24 31 83 7 19 41 ]
[ 27 81 4 4 78 96 45 34 25 60 8 44 14 53 10 54 68 36 2 57 61 1 18 70 25 ]
[ 94 53 9 1 72 50 80 5 6 85 84 3 30 70 80 90 78 24 56 83 34 62 51 22 64 ]
[ 61 84 17 31 54 42 26 8 51 79 32 54 60 38 12 45 74 67 75 44 48 17 23 72 25 ]
[ 58 59 87 62 81 51 23 65 68 54 72 62 80 80 66 12 64 20 72 2 84 17 76 52 44 ]
[ 21 52 13 96 24 38 6 35 25 68 17 76 91 34 96 98 6 10 30 38 76 42 3 96 14 ]
[ 57 33 83 86 85 27 59 37 40 7 13 30 13 49 55 82 18 83 25 4 31 75 11 42 6 ]
[ 1 18 0 56 67 67 14 0 50 52 37 30 11 26 22 18 39 53 31 40 8 65 10 44 43 ]
[ 15 75 18 78 69 76 79 88 77 88 7 44 2 59 46 6 48 76 17 74 99 35 65 52 18 ]

Running merge sort algorithm: 
Timer (sort): 195ms real	200ms user	0ms sys
The output is sorted!
[ 1 18 74 39 10 9 2 20 44 12 8 10 29 0 18 13 15 54 88 22 6 24 3 2 0 ]
[ 13 11 23 23 58 16 11 40 38 9 1 0 22 53 5 25 5 44 35 29 67 21 0 10 13 ]
[ 3 11 18 8 55 18 2 26 4 71 15 5 38 93 25 17 35 21 11 52 0 26 13 7 2 ]
[ 13 34 44 5 14 29 19 0 39 8 11 19 16 14 1 13 33 38 18 66 24 28 19 51 22 ]
[ 25 22 11 34 29 75 3 7 37 10 5 22 19 1 22 0 12 46 1 22 55 24 40 48 39 ]
[ 21 40 17 23 29 28 52 73 5 50 1 3 19 4 14 6 47 4 19 23 5 7 14 22 86 ]
[ 3 3 16 38 59 38 22 29 16 32 3 52 4 18 6 29 25 28 15 37 33 33 9 23 45 ]
[ 68 69 5 24 22 50 4 3 57 4 14 0 23 21 20 0 45 51 62 21 4 10 23 16 4 ]
[ 4 56 21 49 18 11 37 15 66 3 6 15 4 46 11 21 18 88 13 38 10 27 1 39 8 ]
[ 39 61 19 5 16 34 12 10 8 24 10 11 8 12 18 47 0 0 19 56 19 78 1 42 77 ]
[ 61 13 48 89 6 9 1 6 5 8 9 12 9 8 44 31 55 4 8 58 5 57 21 43 16 ]
[ 67 6 35 8 54 3 41 23 25 24 6 21 36 5 50 15 2 64 43 21 29 3 13 35 4 ]
[ 37 25 34 15 56 22 26 23 60 8 1 77 87 9 27 0 2 24 0 28 5 15 27 4 23 ]
[ 96 13 4 23 55 40 1 61 25 46 12 1 7 4 90 0 4 23 7 11 19 15 15 37 26 ]
[ 49 2 54 34 7 28 51 61 0 0 4 24 49 20 18 7 21 26 54 26 4 13 58 9 23 ]
[ 14 20 4 65 18 1 6 0 35 96 17 1 21 15 57 63 11 56 7 18 58 21 3 9 28 ]
[ 20 60 42 23 6 14 30 19 35 30 26 28 12 9 21 4 33 24 29 36 24 7 36 4 73 ]
[ 10 26 12 20 16 4 38 20 38 19 45 14 35 33 80 1 7 10 76 28 54 57 4 0 0 ]
[ 39 26 57 1 63 31 13 0 10 14 21 10 92 35 22 19 8 10 0 12 60 12 36 54 3 ]
[ 69 2 25 4 25 58 23 40 49 3 33 10 2 42 34 45 3 53 2 3 67 24 3 5 26 ]

