Timer (generate): 108ms real	110ms user	0ms sys
[ 68 42 94 58 43 6 38 83 56 36 87 8 8 83 32 81 99 53 65 81 92 1 45 32 43 ]
[ 83 58 83 14 39 77 34 33 71 44 77 78 34 60 34 70 47 94 30 83 26 63 34 79 80 ]
[ 16 24 82 13 8 77 48 19 60 14 58 89 48 91 13 44 68 91 78 29 77 48 28 71 30 ]
[ 11 49 46 46 80 26 14 56 60 27 65 38 28 36 50 42 94 40 91 85 53 35 6 96 66 ]
[ 87 25 66 67 48 97 79 97 43 77 29 21 43 86 82 22 3 20 50 39 70 93 33 62 36 ]
[ 70 67 23 28 15 89 15 40 56 83 88 5 14 37 0 43 19 21 86 5 3 60 60 75 11 ]
[ 99 98 56 84 60 92 6 80 67 35 95 9 2 88 17 37 28 22 51 66 74 46 37 95 84 ]
[ 94 51 45 54 26 56 5 24 12 89 85 56 47 17 75 82 12 84 37 0 53 74 29 27 26 ]
[ 47 1 24 84 97 9 78 48 54 32 26 62 37 51 74 78 88 82 25 5 9 60 17 46 97 ]
[ 70 99 71 99 27 49 98 80 74 82 29 35 12 29 89 96 56 51 85 7 77 63 95 11 40 ]
[ 52 20 0 69 18 49 39 18 21 90 97 22 88 77 96 22 59 31 86 88 72 82 44 75 67 ]
[ 3 52 82 50 15 75 2 36 75 72 54 25 63 24 98 6 73 20 46 3 69 21 62 52 7 ]
[ 50 25 42 47 0 61 50 5 96 1 20 71 3 8 98 27 15 75 43 39 73 1 13 46 47 ]
[ 16 15 20 78 19 80 80 44 22 27 97 83 30 2 31 31 74 2 86 83 1 66 98 28 61 ]
[ 37 54 62 2 0 61 70 67 82 0 86 62 81 83 84 60 32 19 90 34 51 73 60 5 12 ]
[ 43 58 78 41 87 39 31 41 53 85 93 14 8 12 96 8 98 58 41 33 94 54 65 66 44 ]
[ 51 69 70 12 74 82 7 33 12 49 20 3 32 13 56 17 6 70 25 70 19 86 68 29 27 ]
[ 54 24 81 71 42 78 23 11 48 87 37 82 94 70 46 95 42 49 27 55 5 97 13 27 74 ]
[ 83 46 60 4 76 40 10 52 73 81 94 51 56 57 51 43 94 85 38 65 31 85 59 80 13 ]
[ 67 37 10 80 65 36 16 11 97 72 87 37 34 39 62 15 85 66 72 42 17 67 37 55 57 ]

Running merge sort algorithm: 
Timer (sort): 69ms real	70ms user	0ms sys
The output is sorted!
[ 0 3 38 9 23 45 49 11 64 34 8 1 6 29 8 43 33 31 25 8 28 29 14 26 80 ]
[ 6 27 10 1 2 7 26 80 1 36 91 24 5 8 11 26 18 46 31 0 31 56 20 56 39 ]
[ 30 41 92 58 9 5 10 52 21 17 44 31 12 12 11 67 11 21 26 26 30 9 3 6 21 ]
[ 20 6 5 10 20 39 21 53 70 26 15 20 5 8 82 16 57 50 3 17 22 4 22 53 21 ]
[ 26 17 45 49 38 30 6 49 9 27 49 24 18 37 1 34 4 4 6 2 2 66 60 63 3 ]
[ 12 22 56 18 38 91 89 12 4 1 14 20 32 13 29 22 9 9 25 30 32 12 0 48 36 ]
[ 5 44 45 46 2 97 2 35 29 52 3 8 16 8 30 26 26 5 0 12 17 88 3 11 66 ]
[ 52 10 1 64 26 33 30 43 16 35 5 66 6 5 51 2 14 53 15 16 42 3 18 33 37 ]
[ 15 66 20 13 19 56 31 7 37 27 8 33 7 38 46 6 29 18 68 5 7 10 47 27 41 ]
[ 3 6 27 41 21 3 6 75 2 90 6 23 32 43 36 2 24 26 46 21 68 34 29 15 19 ]
[ 15 34 33 2 10 21 69 12 14 25 4 9 3 64 80 11 67 25 77 36 13 7 28 3 38 ]
[ 20 71 0 7 3 37 37 56 24 10 31 29 10 9 11 60 7 77 43 5 23 48 3 15 64 ]
[ 18 27 44 13 62 10 0 45 8 47 16 16 24 27 45 12 4 42 21 1 86 59 29 18 29 ]
[ 58 6 72 8 8 15 22 13 44 6 29 72 11 21 54 60 38 5 69 7 36 7 16 4 23 ]
[ 10 1 19 72 94 2 24 65 45 1 20 3 2 41 17 14 15 0 29 3 23 84 73 3 50 ]
[ 19 87 32 18 6 32 38 10 70 38 10 38 22 19 43 4 54 19 27 16 20 47 5 20 18 ]
[ 13 18 77 0 12 33 20 5 13 16 36 52 33 21 87 2 73 13 4 1 56 49 28 27 26 ]
[ 24 5 65 55 14 13 19 5 41 16 74 24 13 20 2 83 23 4 79 41 8 10 47 16 14 ]
[ 4 1 26 64 98 23 15 4 7 10 40 20 3 23 34 55 12 22 41 15 15 50 36 15 83 ]
[ 50 30 73 10 23 4 9 0 37 21 7 49 2 38 32 39 50 33 54 56 9 2 12 49 29 ]

Timer (generate): 102ms real	70ms user	20ms sys
[ 31 92 37 81 83 42 27 28 15 91 95 94 25 16 85 78 95 3 95 80 15 43 12 26 51 ]
[ 79 95 17 91 25 43 75 69 81 56 52 23 83 80 90 26 28 36 4 44 73 82 91 77 77 ]
[ 23 44 72 36 70 75 15 66 44 59 43 88 34 64 69 42 16 44 26 48 34 4 28 23 8 ]
[ 72 96 90 15 25 19 91 70 91 27 40 66 42 58 11 1 53 51 87 17 20 30 85 64 8 ]
[ 34 50 12 62 73 21 87 22 11 54 47 31 45 17 74 72 10 93 67 68 56 20 74 7 8 ]
[ 91 79 90 77 95 98 63 45 10 25 71 83 64 93 95 19 40 78 64 58 4 89 68 97 8 ]
[ 88 53 80 14 12 40 6 91 30 35 86 80 98 84 91 75 55 74 40 0 21 59 40 51 75 ]
[ 50 56 16 70 53 76 11 59 57 25 71 97 83 63 28 18 1 8 68 85 51 44 92 78 36 ]
[ 92 99 47 85 3 74 35 59 91 58 12 19 69 23 76 94 95 74 30 10 54 0 11 14 69 ]
[ 49 18 65 41 96 1 86 47 0 71 50 74 6 9 17 16 74 37 85 97 13 32 44 39 62 ]
[ 54 45 62 18 60 83 19 78 0 60 26 1 98 73 1 69 24 28 28 85 45 44 59 82 82 ]
[ 9 48 14 53 39 28 8 85 42 78 97 78 97 27 78 9 53 32 8 26 85 77 2 13 57 ]
[ 88 59 2 47 93 36 56 93 2 62 33 30 70 70 24 0 67 54 97 94 33 6 47 65 14 ]
[ 25 50 44 28 16 1 16 27 55 15 20 91 24 66 93 86 99 75 8 69 52 8 36 6 57 ]
[ 82 91 15 29 56 30 54 59 26 82 27 79 50 54 87 18 74 30 42 40 76 80 91 3 40 ]
[ 12 55 0 48 14 57 82 5 72 11 62 54 18 73 32 52 0 12 3 54 51 73 80 81 67 ]
[ 73 57 47 16 61 39 29 16 39 77 30 48 60 88 72 23 2 79 41 75 11 94 27 75 49 ]
[ 81 26 22 13 8 89 38 65 88 55 78 27 84 47 18 13 29 18 25 17 90 49 19 69 42 ]
[ 94 33 88 21 8 89 54 35 11 20 95 52 58 12 92 13 91 71 97 38 89 11 19 7 36 ]
[ 37 50 37 56 19 80 3 52 20 76 13 10 83 0 73 3 95 26 61 59 70 75 50 42 24 ]

Running merge sort algorithm: 
Timer (sort): 71ms real	70ms user	0ms sys
The output is sorted!
[ 6 53 16 89 4 0 2 39 59 18 19 57 18 71 32 1 44 23 16 3 10 8 7 0 10 ]
[ 5 40 3 12 24 35 58 20 32 5 55 0 24 15 29 26 0 0 60 39 13 94 24 5 6 ]
[ 7 39 45 9 12 84 29 32 0 7 7 3 29 29 40 30 52 21 76 7 18 21 1 7 36 ]
[ 49 44 1 36 5 20 13 46 8 11 11 34 33 47 2 28 48 58 15 8 41 56 5 28 0 ]
[ 23 15 11 2 40 70 3 55 23 1 21 70 35 28 2 0 40 7 47 40 13 12 3 36 52 ]
[ 13 17 4 38 20 24 21 50 8 63 5 11 6 0 1 49 72 81 0 0 73 3 86 5 15 ]
[ 8 1 34 20 10 16 45 17 10 15 24 79 49 12 6 9 26 15 63 7 35 88 22 27 29 ]
[ 15 44 29 63 1 8 7 34 13 15 47 48 80 14 26 34 31 8 38 17 64 5 8 11 9 ]
[ 10 41 4 19 37 27 28 43 7 74 41 23 5 3 18 52 13 9 4 65 46 27 7 30 37 ]
[ 42 17 15 23 11 7 55 13 1 4 6 27 52 81 35 29 48 8 4 12 7 22 66 20 65 ]
[ 68 21 0 45 7 3 0 15 8 12 6 30 43 43 36 84 16 77 5 14 0 69 41 3 26 ]
[ 76 16 3 21 52 20 5 64 19 3 18 0 65 4 80 4 15 10 7 63 81 8 19 12 9 ]
[ 4 89 14 3 90 64 18 48 14 7 61 14 50 26 5 18 12 20 8 15 7 6 74 6 5 ]
[ 43 52 37 27 31 12 6 0 34 4 12 53 27 17 25 30 8 12 1 62 83 54 9 21 20 ]
[ 60 29 15 0 29 52 4 23 45 13 78 40 38 16 14 23 23 21 8 29 49 32 26 11 2 ]
[ 5 40 2 10 14 27 15 30 49 25 36 4 63 19 9 1 15 35 22 23 25 13 59 71 69 ]
[ 5 63 80 6 49 3 22 11 41 29 19 0 37 18 2 31 73 72 11 49 29 28 2 1 1 ]
[ 61 7 24 11 91 5 66 14 35 17 34 10 10 42 17 42 5 22 7 52 2 14 24 29 51 ]
[ 40 13 1 21 39 35 82 9 26 1 17 5 25 46 0 36 79 44 32 57 30 9 18 16 16 ]
[ 0 87 9 3 34 13 31 0 36 7 41 5 25 26 68 5 58 75 15 10 20 36 56 37 0 ]

Timer (generate): 91ms real	90ms user	0ms sys
[ 79 24 28 85 58 42 70 6 54 16 94 18 76 69 12 9 69 67 33 69 85 54 82 15 35 ]
[ 74 80 39 76 4 35 7 28 15 92 86 9 15 92 64 31 38 82 59 59 46 68 81 13 2 ]
[ 50 98 8 84 65 95 10 98 34 38 2 22 46 30 37 38 69 99 53 13 63 36 4 97 96 ]
[ 63 43 16 44 8 18 47 59 78 83 24 73 46 22 60 84 76 82 30 59 71 69 28 70 74 ]
[ 93 85 11 97 34 7 13 29 75 9 38 46 56 49 24 92 73 98 38 48 58 22 24 92 53 ]
[ 83 15 74 63 38 48 57 23 11 54 10 70 67 39 46 77 77 92 85 26 16 77 52 66 15 ]
[ 52 76 90 76 68 43 12 36 17 75 74 17 84 49 29 39 59 51 58 99 97 87 28 89 25 ]
[ 7 58 54 11 24 22 63 53 12 39 73 7 51 9 76 79 83 93 63 33 74 54 92 26 65 ]
[ 43 75 4 72 65 81 31 75 36 42 51 58 5 4 22 44 78 29 48 87 5 79 23 50 42 ]
[ 56 25 49 0 3 66 44 78 70 68 95 52 99 22 40 41 74 98 46 78 72 42 56 1 90 ]
[ 96 6 21 19 56 16 75 33 65 27 88 31 71 19 53 91 14 57 90 89 97 83 63 47 29 ]
[ 41 19 72 50 20 14 46 78 88 65 87 4 92 72 21 19 61 4 43 80 57 34 46 15 77 ]
[ 35 64 60 98 12 90 92 31 14 42 4 80 40 34 68 5 21 72 49 94 45 20 7 49 63 ]
[ 87 7 50 33 74 79 21 38 39 19 50 81 63 34 47 5 90 28 45 24 96 2 98 21 3 ]
[ 92 66 24 51 16 87 38 75 89 23 1 68 44 91 8 16 94 41 79 28 89 37 18 17 34 ]
[ 94 65 37 92 38 40 36 57 64 87 25 4 77 52 45 53 53 14 97 44 74 65 90 67 97 ]
[ 18 56 34 88 25 68 83 43 57 27 81 50 64 90 66 51 15 22 81 67 68 34 72 34 83 ]
[ 69 8 49 59 27 98 30 84 32 70 9 52 5 4 62 33 38 12 49 28 78 0 96 1 81 ]
[ 15 21 67 88 55 51 9 15 0 20 42 50 50 26 34 73 88 86 78 44 0 63 82 12 12 ]
[ 11 43 65 7 96 98 74 17 66 62 72 17 23 39 69 44 81 19 94 60 5 19 0 91 50 ]

Running merge sort algorithm: 
Timer (sort): 66ms real	60ms user	0ms sys
The output is sorted!
[ 34 58 63 3 8 20 7 3 6 1 52 20 42 35 26 2 23 2 22 0 38 4 85 19 13 ]
[ 4 50 8 0 30 17 72 67 65 11 10 38 32 7 4 9 59 6 42 5 15 3 17 18 30 ]
[ 27 6 16 62 0 12 7 53 2 16 5 7 27 17 41 3 34 19 38 8 6 40 12 95 76 ]
[ 2 0 10 13 31 21 3 48 4 9 2 91 10 50 2 60 23 24 94 71 11 7 7 0 44 ]
[ 18 4 80 30 23 16 2 29 95 19 0 9 27 12 14 15 72 3 20 0 60 61 0 19 12 ]
[ 11 10 31 33 26 32 19 39 95 26 0 5 37 24 65 46 9 33 7 13 10 28 6 18 26 ]
[ 19 42 18 48 42 18 81 1 16 7 28 27 29 14 11 7 85 10 20 84 16 10 4 4 30 ]
[ 41 52 16 50 14 31 50 4 8 59 13 17 10 19 0 38 4 79 3 23 36 0 7 90 9 ]
[ 70 0 6 31 61 32 40 13 17 24 1 13 15 6 50 0 19 26 31 47 51 7 32 8 78 ]
[ 19 38 51 50 5 8 34 56 36 41 7 1 24 44 0 5 1 42 36 18 4 20 42 20 77 ]
[ 92 7 3 65 20 48 28 81 17 19 3 52 14 6 27 15 24 14 23 1 47 20 47 1 11 ]
[ 50 47 2 33 12 3 9 5 31 24 11 17 65 16 94 2 28 14 5 59 25 16 27 7 83 ]
[ 93 71 4 21 23 16 1 16 15 2 5 73 39 51 41 14 48 9 9 22 18 43 10 28 14 ]
[ 45 40 87 0 1 9 14 27 18 1 1 68 1 27 50 18 76 38 67 5 15 36 10 10 23 ]
[ 36 32 26 95 27 14 1 77 1 0 1 37 2 78 56 9 33 1 8 4 15 1 14 48 72 ]
[ 22 63 80 23 11 1 53 77 30 14 4 66 12 20 8 39 31 29 37 16 0 0 9 2 42 ]
[ 41 51 53 61 44 7 3 73 40 10 35 47 2 15 5 21 16 24 24 34 1 10 16 30 39 ]
[ 14 9 25 15 34 9 20 59 14 11 35 53 5 16 12 23 56 55 59 57 10 39 25 25 24 ]
[ 31 41 40 44 8 35 1 19 29 58 35 57 13 70 9 3 39 53 35 4 10 32 2 23 13 ]
[ 7 60 89 27 35 16 30 6 13 4 47 2 70 64 2 13 14 31 11 21 57 7 22 2 54 ]

Timer (generate): 109ms real	90ms user	20ms sys
[ 3 5 71 5 72 48 31 46 86 91 86 88 18 43 50 6 73 93 86 60 44 69 66 95 96 ]
[ 55 61 60 87 59 25 90 65 49 95 89 49 79 35 35 70 73 76 88 17 78 46 90 71 33 ]
[ 3 15 54 21 63 50 29 24 62 16 84 87 6 1 88 54 90 38 33 78 25 55 51 53 95 ]
[ 20 31 41 11 2 74 66 70 28 87 33 30 16 9 92 84 45 32 43 46 20 97 89 10 82 ]
[ 19 88 89 22 41 84 43 73 25 6 27 52 72 97 80 11 82 11 80 92 55 16 89 87 59 ]
[ 36 60 56 77 22 90 48 10 79 70 52 63 65 25 41 71 52 93 95 2 25 59 36 88 91 ]
[ 80 44 7 70 83 67 58 95 75 87 18 18 35 28 97 57 80 13 23 57 6 94 62 51 42 ]
[ 16 76 1 52 65 44 85 61 51 55 96 70 65 92 46 52 10 64 87 38 13 96 71 26 19 ]
[ 28 84 66 90 35 8 6 12 61 11 29 5 96 42 8 3 38 79 68 30 77 20 92 41 59 ]
[ 31 6 55 54 85 27 82 69 93 73 5 53 31 69 14 42 50 71 90 92 79 93 82 10 61 ]
[ 13 87 33 57 80 44 40 87 52 94 72 79 77 93 24 2 98 77 33 19 91 28 69 62 18 ]
[ 61 93 12 44 4 25 9 91 11 66 72 55 59 11 59 53 35 38 82 28 14 84 79 91 70 ]
[ 98 82 50 68 96 68 81 42 32 25 46 10 86 89 21 5 13 28 64 24 88 69 59 78 52 ]
[ 40 93 88 19 84 10 17 19 60 37 67 81 19 9 65 96 7 75 83 97 96 40 10 25 4 ]
[ 87 13 73 98 91 77 38 36 66 9 21 28 79 40 89 16 59 22 87 69 87 84 76 15 67 ]
[ 25 11 59 88 88 63 75 53 88 73 97 18 64 33 36 25 6 64 4 98 5 73 58 27 60 ]
[ 79 67 44 55 82 63 33 45 22 21 34 37 48 39 26 73 36 96 37 22 32 63 28 96 19 ]
[ 27 2 92 85 29 53 64 96 97 71 30 13 56 76 35 77 10 73 25 49 51 99 38 47 88 ]
[ 60 79 3 40 75 75 19 29 67 4 59 72 20 7 22 44 38 35 52 14 70 82 76 95 7 ]
[ 77 46 58 67 45 99 79 76 2 20 4 77 39 33 97 96 44 69 68 4 91 64 42 26 17 ]

Running merge sort algorithm: 
Timer (sort): 53ms real	50ms user	0ms sys
The output is sorted!
[ 19 0 14 21 30 20 6 29 14 77 10 78 18 8 33 52 8 44 20 50 6 1 8 1 10 ]
[ 30 27 47 11 2 75 46 3 10 13 26 51 10 2 2 20 30 18 64 49 2 5 51 8 15 ]
[ 36 6 1 13 41 17 19 40 4 23 22 4 2 27 25 19 66 61 19 44 3 7 89 2 35 ]
[ 83 13 30 14 63 15 3 23 31 11 99 11 24 10 22 28 14 7 9 30 13 0 35 21 16 ]
[ 52 12 48 0 7 22 1 67 8 32 63 47 65 2 27 18 22 40 24 20 1 6 54 29 3 ]
[ 20 86 57 0 13 52 64 11 33 46 24 41 25 15 4 15 72 18 0 9 3 15 5 21 27 ]
[ 3 66 15 12 73 92 4 24 0 33 37 7 31 9 8 1 6 44 22 25 2 18 64 41 43 ]
[ 14 18 38 40 2 13 75 6 8 32 2 22 51 39 26 39 20 22 67 53 67 19 11 3 0 ]
[ 46 4 4 72 4 55 20 21 45 4 1 22 50 41 42 39 27 12 41 29 18 38 24 1 30 ]
[ 10 56 15 12 14 73 38 5 6 19 18 65 30 42 2 39 12 53 6 11 8 63 62 26 7 ]
[ 5 16 10 87 88 17 12 45 22 36 8 11 23 36 49 70 31 9 4 22 12 38 12 1 28 ]
[ 15 10 35 70 8 15 1 21 33 49 2 26 28 56 10 31 86 8 35 24 2 11 51 18 47 ]
[ 5 32 19 92 69 52 30 4 19 7 34 4 21 19 2 49 26 7 4 12 58 27 1 47 55 ]
[ 5 95 84 2 39 7 14 41 7 26 2 53 25 3 2 42 45 20 5 12 58 10 56 42 1 ]
[ 17 37 14 3 3 5 10 38 5 61 1 24 36 47 73 0 50 20 1 6 54 22 95 17 64 ]
[ 66 35 13 21 1 16 51 30 6 4 69 51 27 0 38 1 50 28 6 22 41 17 58 48 5 ]
[ 21 48 52 48 22 27 1 17 51 28 30 28 41 20 6 7 34 27 11 51 31 32 36 9 26 ]
[ 59 6 45 29 2 36 13 37 41 11 12 9 39 8 5 54 8 19 56 15 87 33 24 8 51 ]
[ 6 7 18 14 28 19 4 3 60 23 32 24 72 3 4 87 11 67 24 14 75 17 56 7 33 ]
[ 17 8 33 8 5 30 8 10 38 23 42 28 2 54 13 32 33 56 38 39 3 50 40 8 90 ]

Timer (generate): 107ms real	100ms user	0ms sys
[ 70 74 81 69 29 29 58 98 21 55 74 12 34 90 98 21 60 19 15 83 25 49 7 62 87 ]
[ 48 35 61 32 63 28 2 37 61 72 18 42 82 16 63 89 42 28 23 32 26 96 45 97 12 ]
[ 80 74 13 87 37 52 87 72 13 19 88 93 22 77 7 46 96 49 80 64 13 70 7 41 45 ]
[ 91 19 42 88 68 6 68 43 19 56 80 71 43 4 36 63 44 81 37 22 88 35 70 38 67 ]
[ 34 3 37 41 96 83 85 15 77 73 35 83 42 78 54 50 10 77 45 67 65 8 11 46 97 ]
[ 33 87 84 3 77 52 90 80 89 83 76 24 68 43 1 94 78 36 88 9 42 38 19 71 83 ]
[ 86 36 44 50 35 41 83 74 78 39 51 30 81 83 71 64 59 96 85 54 49 79 84 38 67 ]
[ 93 32 57 65 4 40 3 92 84 53 27 78 89 1 8 80 4 38 61 87 9 77 98 57 62 ]
[ 52 7 93 37 97 12 82 29 69 47 33 62 3 26 98 56 5 28 97 59 36 77 63 74 90 ]
[ 51 36 68 49 93 82 54 52 28 43 49 92 25 79 62 25 64 76 80 42 74 36 48 55 86 ]
[ 59 91 15 74 18 6 25 54 26 27 99 60 33 52 88 76 53 81 53 84 95 30 49 71 10 ]
[ 91 97 99 91 4 85 50 96 0 25 14 58 2 20 84 81 71 45 66 23 85 42 29 66 48 ]
[ 13 13 30 62 36 41 6 86 40 97 90 77 0 86 29 25 52 88 79 24 24 61 96 21 27 ]
[ 71 7 22 0 25 22 14 39 52 28 27 93 34 13 85 84 4 14 84 42 44 61 47 84 40 ]
[ 71 60 53 67 82 33 39 89 7 91 14 29 57 5 81 86 33 27 72 46 64 8 2 79 92 ]
[ 45 75 5 92 11 98 15 23 51 83 5 84 74 46 43 65 13 72 23 18 6 61 3 85 85 ]
[ 2 49 94 4 80 38 1 7 44 45 70 42 61 94 45 96 51 82 22 98 25 87 11 50 62 ]
[ 81 56 75 37 41 61 39 42 7 95 75 45 97 34 41 94 5 35 7 51 81 3 2 15 77 ]
[ 52 40 17 15 90 79 97 98 7 86 91 68 25 34 75 20 61 72 69 95 14 16 52 1 23 ]
[ 55 34 79 10 49 56 62 42 73 78 84 5 27 83 12 13 74 32 90 60 7 62 73 31 32 ]

Running merge sort algorithm: 
Timer (sort): 57ms real	60ms user	0ms sys
The output is sorted!
[ 16 0 45 3 6 1 8 0 7 1 29 28 7 10 50 78 53 50 23 72 34 34 2 65 2 ]
[ 3 71 5 7 4 14 57 48 21 21 70 26 28 0 39 7 77 14 4 2 6 14 13 43 35 ]
[ 23 26 33 41 18 35 29 7 15 8 22 38 9 26 60 22 45 4 46 4 2 29 23 65 5 ]
[ 81 37 73 6 9 5 18 15 37 42 2 3 28 33 25 7 2 15 33 28 9 42 6 39 41 ]
[ 3 37 16 75 6 36 11 10 28 1 5 11 9 96 1 15 3 17 13 44 63 17 31 50 43 ]
[ 45 32 39 7 21 28 12 34 1 20 0 20 33 2 54 2 34 21 1 25 23 82 11 61 33 ]
[ 62 43 1 30 33 32 9 53 22 5 0 7 18 72 10 4 47 68 33 1 5 44 2 36 21 ]
[ 12 30 23 34 11 39 13 8 13 11 32 36 22 6 0 10 4 87 63 22 22 67 8 0 87 ]
[ 30 5 71 51 0 26 50 6 39 16 20 25 31 6 0 11 30 22 77 56 4 36 44 4 4 ]
[ 61 30 28 54 14 12 68 17 8 35 5 89 19 20 1 38 0 30 33 2 19 21 44 7 17 ]
[ 32 22 14 28 26 7 21 1 1 42 0 50 24 59 6 41 8 41 56 43 52 46 17 37 0 ]
[ 6 2 43 16 3 0 30 46 7 1 93 13 38 6 18 20 15 76 56 24 18 37 60 16 30 ]
[ 43 0 42 44 7 18 34 13 11 9 60 80 20 0 11 27 2 38 58 44 45 32 25 9 5 ]
[ 39 58 0 87 37 9 20 1 28 40 17 42 44 26 36 3 13 15 22 5 55 8 18 40 14 ]
[ 15 8 49 63 6 12 21 1 58 23 34 28 4 20 12 59 2 47 13 10 27 22 18 49 82 ]
[ 0 1 23 18 31 60 3 46 18 11 31 1 88 37 21 27 8 6 37 25 6 78 64 15 32 ]
[ 17 6 22 54 24 92 2 16 5 6 11 5 62 51 7 51 12 13 2 8 15 75 93 0 41 ]
[ 37 46 23 3 2 48 1 9 61 26 38 7 2 28 62 81 8 34 51 29 29 5 43 7 13 ]
[ 9 23 49 67 61 3 59 9 28 47 8 46 5 67 26 6 56 2 41 12 15 0 25 5 24 ]
[ 40 21 23 31 39 38 6 52 4 29 12 99 86 14 44 0 2 15 5 34 0 23 5 1 71 ]

Timer (generate): 93ms real	90ms user	0ms sys
[ 91 43 72 31 86 76 29 83 25 84 71 40 92 89 77 0 19 6 85 90 0 16 97 17 2 ]
[ 23 95 6 71 93 5 14 88 77 45 26 53 27 9 30 63 32 70 55 21 99 56 41 5 93 ]
[ 31 58 62 81 75 64 4 22 22 27 67 27 93 7 56 38 33 61 17 42 44 81 74 14 88 ]
[ 47 66 96 88 71 90 72 29 52 53 56 68 9 30 42 88 97 21 81 56 77 71 89 90 41 ]
[ 31 34 22 57 1 62 5 67 59 45 90 49 69 72 53 74 80 21 35 11 63 23 60 36 56 ]
[ 17 13 28 58 55 21 90 90 95 99 43 57 56 10 16 54 52 17 23 24 70 50 57 43 85 ]
[ 68 6 61 80 42 17 49 7 97 8 63 18 50 5 13 49 0 71 58 62 39 12 14 57 87 ]
[ 91 79 37 48 23 75 68 81 36 0 24 53 50 83 51 58 98 21 8 55 35 9 55 58 19 ]
[ 17 97 83 84 6 71 75 86 60 75 9 35 43 90 71 43 66 25 45 2 28 3 52 1 63 ]
[ 8 88 25 15 46 96 85 96 80 69 54 51 44 40 11 19 1 47 14 44 70 9 10 47 55 ]
[ 64 75 10 17 29 26 77 17 3 92 16 99 77 12 79 46 18 82 42 59 46 13 12 45 79 ]
[ 56 15 89 19 63 96 83 90 58 0 19 36 77 37 39 22 5 91 99 17 22 98 35 5 92 ]
[ 46 51 6 59 96 85 67 63 26 86 26 74 70 17 33 22 88 21 52 77 13 74 82 4 25 ]
[ 51 26 75 87 83 68 85 86 26 96 34 11 64 98 90 2 24 64 24 93 49 99 82 23 51 ]
[ 59 36 77 42 40 54 93 18 30 32 54 98 70 40 24 66 75 87 82 73 29 37 49 46 61 ]
[ 43 47 60 25 70 63 84 6 40 78 98 95 24 69 77 8 23 75 78 15 51 97 42 90 31 ]
[ 15 20 68 17 18 82 60 65 42 85 88 58 21 94 98 52 45 45 76 66 22 84 41 49 15 ]
[ 56 0 12 99 43 43 66 15 64 83 33 46 43 50 40 80 38 98 54 85 49 6 30 94 34 ]
[ 96 17 70 37 18 85 45 71 49 96 14 93 63 29 9 98 14 55 94 64 47 26 3 98 80 ]
[ 88 47 38 70 93 72 66 62 43 55 81 28 0 52 78 97 66 23 12 47 84 10 61 91 56 ]

Running merge sort algorithm: 
Timer (sort): 50ms real	50ms user	0ms sys
The output is sorted!
[ 18 33 8 16 14 3 50 53 18 7 12 17 4 16 14 13 31 39 28 6 10 88 52 39 5 ]
[ 2 31 24 15 4 15 8 61 42 6 46 17 13 67 24 0 48 34 8 57 38 2 30 27 1 ]
[ 61 1 25 4 42 14 66 28 82 10 64 50 0 17 9 6 29 9 7 11 25 25 39 1 26 ]
[ 7 0 2 66 41 15 35 10 43 5 12 43 11 7 20 23 39 39 19 70 24 57 26 27 13 ]
[ 5 12 1 63 11 28 25 30 26 51 59 10 67 91 8 7 3 7 35 8 1 3 9 90 7 ]
[ 6 0 36 23 0 76 8 1 32 33 14 57 40 0 22 38 58 53 43 5 14 60 18 6 22 ]
[ 28 8 99 51 30 9 2 44 6 21 24 56 10 40 18 12 7 27 53 45 33 1 10 13 22 ]
[ 66 19 13 6 24 10 6 8 9 14 6 21 33 67 2 7 12 1 75 74 63 43 73 11 9 ]
[ 50 79 11 9 41 14 58 41 33 29 61 14 32 22 35 26 6 2 18 12 10 7 3 17 52 ]
[ 11 19 20 19 23 71 48 13 15 6 92 0 39 17 18 45 40 11 6 51 4 32 47 4 33 ]
[ 74 19 21 47 17 25 9 7 26 12 32 53 10 33 35 35 33 10 5 16 71 8 12 28 48 ]
[ 39 95 72 96 12 35 35 11 56 32 20 3 16 11 13 14 19 19 16 5 29 1 17 12 9 ]
[ 27 8 83 34 1 19 40 80 16 78 14 29 6 20 10 15 41 17 14 1 14 41 38 39 7 ]
[ 4 10 16 20 24 9 34 37 50 37 4 50 54 19 43 26 2 44 8 9 34 48 19 38 55 ]
[ 21 64 0 39 38 56 42 39 15 0 22 37 7 60 53 1 7 32 33 23 33 10 7 54 5 ]
[ 23 10 50 35 32 7 13 35 23 23 8 33 25 5 85 34 17 17 40 29 30 27 28 13 58 ]
[ 13 45 49 2 32 5 0 5 57 16 22 11 30 42 45 19 40 0 14 19 54 40 6 66 74 ]
[ 29 90 44 6 26 32 33 25 18 6 23 41 8 10 41 74 44 47 1 16 31 8 13 36 5 ]
[ 12 3 15 44 48 34 63 20 4 17 14 6 11 34 51 65 15 27 71 36 18 33 13 29 27 ]
[ 80 2 73 30 0 11 8 4 17 7 30 85 1 3 68 69 41 7 45 11 4 3 64 13 35 ]

Timer (generate): 79ms real	70ms user	10ms sys
[ 73 28 71 85 49 28 34 54 82 95 52 66 42 47 13 31 68 82 49 42 72 86 71 35 35 ]
[ 72 71 43 64 70 80 89 50 3 75 51 32 9 5 66 56 57 32 50 56 98 33 24 32 35 ]
[ 67 4 21 90 39 57 63 11 0 79 33 33 69 83 88 96 34 72 57 91 38 65 0 71 16 ]
[ 56 21 49 33 53 36 52 58 58 42 49 67 57 60 19 37 45 52 58 28 93 54 14 65 63 ]
[ 57 4 28 57 27 96 66 0 98 99 53 34 3 63 44 45 13 11 55 25 31 92 71 35 2 ]
[ 51 28 8 18 46 71 27 2 51 85 81 48 3 81 98 54 86 32 57 50 77 54 15 88 9 ]
[ 92 71 53 63 7 7 67 87 15 37 85 38 64 87 90 49 68 90 4 49 88 58 88 20 67 ]
[ 38 49 22 5 90 83 97 61 89 13 68 96 32 8 12 69 93 2 33 81 92 35 1 34 39 ]
[ 3 22 50 91 95 17 29 44 39 86 34 75 35 48 64 0 16 12 32 76 24 53 70 79 87 ]
[ 3 71 74 4 58 13 7 80 15 98 27 33 79 72 24 17 58 99 53 6 15 53 75 28 38 ]
[ 51 4 91 73 83 30 76 7 4 33 65 18 92 97 85 43 25 18 22 49 43 92 7 94 45 ]
[ 66 62 50 93 90 88 96 46 32 70 82 62 98 89 67 83 6 37 76 3 22 19 80 93 93 ]
[ 29 88 85 89 82 82 7 96 33 0 38 73 96 85 57 18 67 20 17 8 39 0 66 76 28 ]
[ 21 50 47 2 43 41 31 31 78 72 66 61 79 62 94 79 1 19 28 38 77 46 57 49 15 ]
[ 17 88 68 83 64 96 4 66 96 6 10 89 90 41 67 14 59 28 94 22 74 25 75 46 5 ]
[ 13 75 4 22 24 19 39 12 39 22 28 36 78 94 84 37 56 25 27 98 92 93 9 73 39 ]
[ 31 99 17 58 97 22 23 72 26 45 48 98 84 12 37 6 92 25 37 87 9 74 95 34 53 ]
[ 45 79 46 55 4 86 38 3 3 97 53 25 20 77 4 66 26 2 2 90 39 61 83 65 98 ]
[ 22 26 72 17 13 25 63 92 71 18 96 9 56 51 12 53 56 90 26 34 46 44 60 48 46 ]
[ 50 39 7 85 4 57 7 83 29 25 96 6 88 88 78 6 36 39 14 39 4 20 96 94 46 ]

Running merge sort algorithm: 
Timer (sort): 53ms real	50ms user	0ms sys
The output is sorted!
[ 16 17 47 15 66 46 67 6 1 4 20 6 26 22 49 19 15 39 12 30 0 30 13 28 7 ]
[ 0 77 29 43 22 4 43 10 20 11 10 0 18 12 39 13 17 32 44 37 70 11 10 42 10 ]
[ 17 1 80 59 14 27 5 8 45 2 11 9 44 44 4 7 43 13 21 9 5 1 54 31 75 ]
[ 35 13 31 16 19 12 44 8 3 24 25 17 14 1 88 29 28 16 3 6 49 18 11 78 43 ]
[ 70 24 5 19 47 3 88 28 11 13 31 48 11 20 0 10 16 30 20 1 0 70 14 18 41 ]
[ 85 9 39 9 11 5 90 11 3 2 32 62 28 50 11 6 6 1 5 64 82 17 5 20 10 ]
[ 6 7 28 34 45 46 44 1 27 4 26 16 62 21 64 63 27 9 24 3 38 2 37 11 24 ]
[ 47 44 13 12 17 89 0 22 4 37 0 15 3 90 38 0 4 4 97 5 37 31 18 0 43 ]
[ 14 46 9 20 1 16 12 23 19 5 23 12 34 88 38 26 47 24 3 79 13 33 54 18 15 ]
[ 44 2 18 31 52 1 4 30 12 2 1 12 81 38 12 42 0 30 50 9 65 23 33 36 46 ]
[ 19 27 74 21 75 1 1 29 69 21 23 11 18 14 7 15 36 51 41 8 19 21 50 22 7 ]
[ 32 58 35 3 6 36 8 40 19 4 72 17 35 51 19 33 26 4 17 70 1 37 8 28 25 ]
[ 12 8 15 71 33 11 51 3 1 23 51 30 23 36 55 37 59 43 0 6 42 10 3 4 59 ]
[ 2 41 20 15 37 18 28 24 12 0 33 24 54 19 75 87 1 56 14 20 4 9 56 16 22 ]
[ 58 11 4 47 24 22 34 85 13 9 28 7 80 30 41 20 10 45 13 29 7 35 13 21 5 ]
[ 3 80 24 15 25 78 30 47 43 35 14 15 3 0 10 1 30 59 10 14 10 50 5 26 70 ]
[ 29 28 33 35 26 24 21 88 15 40 41 0 17 5 67 25 68 7 27 44 7 9 28 15 0 ]
[ 1 46 42 8 43 77 16 12 15 22 15 1 61 14 11 24 0 26 21 97 25 21 59 13 29 ]
[ 3 30 31 11 2 32 47 45 3 22 4 33 19 50 6 14 61 1 26 53 45 91 7 50 14 ]
[ 22 6 4 53 25 45 2 17 8 18 72 19 4 17 90 61 7 7 78 66 36 16 1 12 14 ]

Timer (generate): 95ms real	90ms user	0ms sys
[ 44 60 65 66 17 70 0 73 45 4 1 57 41 90 34 41 68 3 65 8 77 32 98 2 43 ]
[ 68 38 43 40 11 37 84 23 54 51 40 24 3 13 22 7 14 79 0 56 13 42 76 16 7 ]
[ 85 45 92 35 48 35 4 38 30 44 1 19 81 24 73 84 64 50 87 30 72 46 96 51 46 ]
[ 53 64 88 29 32 96 66 29 40 2 77 75 58 16 57 54 69 76 35 94 49 19 58 51 58 ]
[ 40 23 4 37 74 51 90 90 91 71 74 39 90 4 79 44 33 6 2 1 63 8 71 39 44 ]
[ 65 41 15 75 92 26 16 68 30 53 94 81 95 85 73 18 11 64 8 67 44 52 53 50 6 ]
[ 54 14 67 77 5 63 42 98 78 18 43 56 86 11 87 39 5 20 86 42 45 4 6 10 65 ]
[ 73 54 69 78 4 76 33 70 95 10 28 58 5 26 88 75 69 45 61 80 32 52 86 52 38 ]
[ 80 50 94 86 60 59 60 66 29 38 22 57 23 93 52 86 73 10 91 99 98 18 21 95 79 ]
[ 1 27 83 39 32 21 20 34 67 6 94 27 18 60 8 9 82 65 84 27 69 70 0 79 13 ]
[ 52 29 31 73 77 62 26 56 45 66 88 18 38 74 86 44 68 65 15 80 73 24 15 38 60 ]
[ 94 7 31 47 38 96 99 19 28 24 96 42 50 53 40 68 93 58 6 68 96 3 88 61 18 ]
[ 21 34 94 36 24 54 82 31 85 29 21 34 80 41 14 4 89 56 7 94 96 75 88 7 82 ]
[ 8 3 85 96 65 55 17 51 49 5 76 3 88 59 41 17 81 75 50 74 89 6 63 97 13 ]
[ 58 46 41 98 53 23 6 56 60 54 73 15 24 25 16 29 53 19 17 12 60 87 45 87 37 ]
[ 19 28 43 35 26 9 45 72 50 43 25 25 1 33 37 7 59 52 31 36 68 61 89 39 30 ]
[ 53 52 17 99 39 6 18 68 2 5 94 11 50 18 13 45 95 38 98 28 75 6 87 79 37 ]
[ 75 99 50 64 38 81 18 90 98 17 30 57 87 50 59 93 96 22 95 14 35 93 9 25 91 ]
[ 89 0 49 29 31 39 4 30 89 21 68 70 39 11 69 8 93 78 47 43 37 92 91 59 88 ]
[ 5 46 33 66 71 76 55 23 26 84 54 65 41 84 54 62 4 77 53 67 98 61 60 76 60 ]

Running merge sort algorithm: 
Timer (sort): 56ms real	60ms user	0ms sys
The output is sorted!
[ 79 11 54 12 10 17 51 90 22 1 26 0 5 6 17 7 36 53 50 33 10 5 0 3 14 ]
[ 5 1 64 28 8 8 7 25 3 76 7 35 10 12 17 51 53 23 33 33 1 59 4 38 26 ]
[ 13 61 5 13 1 1 6 48 8 75 95 9 11 3 6 0 43 80 16 6 51 6 2 41 35 ]
[ 23 42 38 1 7 72 24 62 51 26 8 14 1 39 15 16 1 38 51 48 16 2 3 4 65 ]
[ 0 38 23 66 16 39 13 23 22 9 47 6 56 51 77 21 28 5 34 26 23 16 16 5 10 ]
[ 17 7 8 5 75 29 31 61 3 92 9 22 11 18 33 38 44 85 0 2 50 17 11 4 6 ]
[ 46 45 8 24 9 15 25 3 33 46 37 31 52 2 34 10 14 42 14 2 62 19 71 14 30 ]
[ 77 9 48 16 47 18 6 23 35 32 26 30 20 23 6 0 46 40 26 66 14 25 46 7 2 ]
[ 18 50 95 43 5 6 7 3 36 64 1 44 81 48 14 11 5 15 9 16 7 20 33 47 12 ]
[ 57 1 30 70 4 70 23 51 12 2 42 2 61 2 9 23 8 10 61 23 60 7 22 18 25 ]
[ 6 20 11 9 30 7 80 8 24 49 7 52 13 4 86 13 22 38 38 8 9 43 49 39 29 ]
[ 18 46 10 5 25 0 70 3 45 38 45 67 17 12 25 5 35 2 15 2 9 14 22 94 71 ]
[ 2 34 22 21 6 1 56 57 10 4 51 8 53 92 8 17 7 50 46 1 44 3 0 58 45 ]
[ 23 27 7 19 45 36 25 5 8 0 26 19 27 46 48 52 49 27 30 14 14 48 11 18 75 ]
[ 13 8 5 98 83 6 12 29 5 2 16 4 67 6 83 29 32 21 1 43 32 6 31 52 17 ]
[ 25 10 21 22 12 12 58 2 73 23 58 37 7 29 21 1 1 26 95 1 40 3 51 46 29 ]
[ 46 6 8 16 1 2 27 44 27 69 36 16 4 6 73 25 38 33 47 28 7 55 31 50 9 ]
[ 0 18 12 7 9 6 3 28 35 5 15 99 35 24 14 15 7 9 73 46 97 72 13 47 15 ]
[ 4 12 24 20 46 4 43 0 28 34 6 14 10 85 69 23 23 13 5 66 71 92 15 0 0 ]
[ 44 26 23 10 44 49 2 30 10 31 21 40 78 40 51 21 15 17 21 7 49 54 26 1 1 ]

Timer (generate): 91ms real	80ms user	10ms sys
[ 57 38 45 83 40 54 74 18 24 2 2 88 38 18 24 45 29 92 64 85 23 44 39 52 64 ]
[ 40 83 70 14 61 29 23 99 75 6 92 81 32 62 5 34 64 45 73 82 69 70 11 13 35 ]
[ 48 37 79 87 41 43 27 24 65 93 37 94 68 89 21 75 81 55 59 95 12 46 60 58 71 ]
[ 94 79 41 58 45 76 6 34 7 46 75 2 73 51 67 19 89 14 87 30 35 14 11 42 26 ]
[ 6 55 72 18 13 43 65 44 36 23 89 65 81 23 72 27 98 75 53 2 94 72 91 8 11 ]
[ 21 96 26 84 38 4 42 93 28 13 58 71 78 3 59 53 92 24 34 68 97 62 66 24 15 ]
[ 68 18 39 11 79 50 84 75 28 20 65 32 15 11 60 28 69 83 58 24 43 11 69 19 45 ]
[ 37 68 59 55 92 74 76 63 65 39 94 16 76 69 44 96 86 29 63 97 89 91 19 25 1 ]
[ 95 20 12 64 39 10 53 8 21 61 52 48 89 67 13 80 61 29 56 82 26 5 69 55 68 ]
[ 66 96 12 37 21 13 33 93 78 49 33 40 55 93 61 16 97 9 57 65 23 37 26 4 94 ]
[ 61 30 99 30 85 19 48 82 31 86 55 45 19 49 75 20 34 15 75 27 76 91 76 86 48 ]
[ 41 61 38 20 65 32 33 96 83 63 81 2 11 15 34 49 71 31 20 20 6 41 6 21 16 ]
[ 33 49 60 61 87 60 55 48 98 75 14 30 8 62 65 23 95 68 86 11 54 36 82 37 56 ]
[ 54 43 49 60 16 66 45 17 78 58 5 38 13 53 37 40 19 19 48 33 37 23 29 5 10 ]
[ 92 11 98 74 48 6 80 91 56 92 59 74 89 28 52 47 33 90 61 39 79 1 10 51 2 ]
[ 44 88 77 25 45 87 17 56 37 43 4 44 75 47 52 67 58 26 8 86 78 7 72 20 68 ]
[ 11 52 22 73 55 76 17 43 53 94 40 93 11 96 82 54 52 26 29 51 78 48 9 56 8 ]
[ 47 86 16 19 59 36 82 11 10 56 66 86 25 61 92 20 1 37 31 49 19 38 53 98 19 ]
[ 4 76 20 13 85 28 60 71 44 32 30 33 14 93 43 70 11 82 96 24 74 68 77 63 51 ]
[ 26 82 89 79 80 61 35 9 81 48 46 61 61 17 58 93 0 91 7 45 86 30 57 68 78 ]

Running merge sort algorithm: 
Timer (sort): 60ms real	60ms user	0ms sys
The output is sorted!
[ 69 13 1 13 14 30 0 47 11 2 20 10 28 11 12 87 2 25 22 11 45 66 20 38 4 ]
[ 8 9 20 12 6 42 1 57 35 67 87 4 3 13 40 0 36 0 27 47 9 16 6 57 12 ]
[ 21 85 6 6 26 13 4 62 76 8 2 12 40 12 4 0 10 32 5 21 4 47 41 40 54 ]
[ 52 1 67 16 63 7 10 25 15 25 5 19 4 6 2 29 7 49 28 11 17 2 44 69 61 ]
[ 6 15 27 28 39 37 27 12 49 14 0 19 24 41 52 7 3 45 53 36 9 19 18 7 60 ]
[ 26 42 88 29 25 9 27 15 3 18 22 35 31 31 33 14 20 97 0 11 9 3 43 9 14 ]
[ 9 23 58 0 2 6 63 11 92 27 40 2 41 20 14 75 0 14 20 1 30 22 30 29 30 ]
[ 7 21 22 0 18 14 29 14 26 17 50 23 40 61 8 1 6 50 18 64 21 83 26 28 15 ]
[ 42 97 14 80 11 0 0 49 4 36 14 9 0 1 33 17 35 2 32 24 0 83 53 0 27 ]
[ 10 18 58 0 25 19 7 4 24 11 96 65 0 70 9 7 10 14 13 75 57 3 11 54 7 ]
[ 36 28 16 23 23 71 13 12 29 12 0 48 6 29 27 2 4 44 24 35 39 63 6 73 5 ]
[ 21 18 37 78 19 20 65 86 10 18 21 1 0 76 16 2 39 23 9 27 5 16 6 62 0 ]
[ 4 17 68 56 51 4 24 9 2 45 42 45 5 6 0 15 42 29 5 51 36 49 26 9 37 ]
[ 21 36 36 37 11 13 5 7 30 46 13 67 20 10 58 29 14 20 53 20 28 6 28 0 71 ]
[ 7 56 60 2 68 16 45 23 7 69 23 22 5 4 13 7 6 81 4 6 22 11 72 2 55 ]
[ 2 33 36 67 9 32 3 4 31 32 8 20 21 78 86 0 10 74 53 79 2 1 13 0 2 ]
[ 63 72 9 0 14 11 47 5 49 67 1 47 19 24 58 16 2 2 75 23 10 12 18 5 47 ]
[ 16 82 2 16 0 30 36 31 24 17 12 22 29 7 28 10 3 22 14 43 64 75 33 45 35 ]
[ 9 5 41 76 15 32 16 55 5 45 48 41 22 19 44 25 32 2 28 8 20 69 7 17 19 ]
[ 31 13 19 95 63 56 73 9 0 34 23 31 4 1 29 69 0 1 35 47 5 10 3 18 34 ]

Timer (generate): 96ms real	70ms user	10ms sys
[ 83 30 34 62 86 6 71 56 37 77 13 74 14 90 37 88 9 81 51 69 76 12 13 29 3 ]
[ 56 76 97 95 14 4 30 96 91 92 83 97 15 39 87 92 4 61 6 94 50 46 55 31 49 ]
[ 77 7 62 42 89 17 99 17 15 94 31 71 76 28 62 68 63 12 35 54 99 27 59 12 85 ]
[ 5 62 31 13 93 32 90 52 94 32 41 64 83 58 79 77 42 50 53 22 65 73 37 77 8 ]
[ 91 76 35 2 88 20 8 2 3 21 95 36 63 99 82 47 41 98 31 51 77 60 45 80 14 ]
[ 19 45 39 56 22 0 0 50 87 2 90 60 62 92 63 35 39 51 98 38 86 98 31 84 29 ]
[ 83 14 89 80 46 55 0 91 47 8 65 47 8 67 34 11 57 94 25 1 10 61 40 13 11 ]
[ 78 99 9 10 36 90 45 50 80 77 96 35 29 39 82 38 56 81 46 23 16 9 32 62 35 ]
[ 33 72 48 73 38 59 3 37 21 65 25 11 62 75 43 40 23 31 69 62 65 7 70 47 6 ]
[ 93 15 15 77 77 50 10 2 50 35 40 62 39 29 83 56 55 46 19 82 90 59 6 21 28 ]
[ 20 38 88 91 85 94 36 52 9 14 30 12 24 84 62 12 76 24 3 57 59 59 64 6 78 ]
[ 47 48 89 5 21 18 25 59 58 68 97 52 5 49 13 19 31 25 95 15 40 59 43 16 62 ]
[ 1 28 74 17 34 52 64 34 42 21 55 12 47 66 22 67 63 74 72 13 39 43 44 17 39 ]
[ 12 57 50 55 25 13 8 53 87 26 39 91 42 73 85 64 80 49 63 47 71 30 10 97 55 ]
[ 23 37 98 20 54 89 32 63 40 87 88 53 48 94 92 74 85 35 16 11 21 32 91 70 95 ]
[ 90 94 78 1 91 33 76 80 31 48 34 21 80 49 13 20 90 18 68 84 10 94 69 97 62 ]
[ 80 18 95 24 41 42 14 35 20 67 78 5 96 59 89 44 45 10 77 95 75 97 85 93 65 ]
[ 21 55 59 90 52 21 23 71 68 99 64 63 13 51 83 33 29 41 29 40 30 25 86 92 2 ]
[ 33 67 99 18 60 16 91 15 27 33 19 1 56 42 21 7 6 84 73 9 20 6 39 61 87 ]
[ 31 91 12 69 35 67 2 2 66 72 14 35 63 81 14 97 0 15 5 43 37 13 1 21 86 ]

Running merge sort algorithm: 
Timer (sort): 58ms real	60ms user	0ms sys
The output is sorted!
[ 50 18 29 0 11 7 28 14 60 50 48 7 14 11 8 7 21 37 2 88 1 13 57 4 18 ]
[ 53 12 43 64 25 61 32 52 16 10 21 35 39 2 6 24 8 15 4 11 11 32 10 9 22 ]
[ 22 33 17 10 1 37 16 2 11 5 25 49 51 7 34 3 37 6 62 47 38 22 39 12 71 ]
[ 9 7 8 64 40 6 63 4 7 12 17 16 72 82 5 7 67 16 79 8 33 10 6 2 19 ]
[ 1 41 31 42 9 19 9 19 21 10 52 2 29 30 3 54 38 42 41 63 9 43 14 20 25 ]
[ 11 33 28 4 72 50 0 32 27 17 8 40 23 6 2 37 5 81 8 4 4 22 97 40 19 ]
[ 21 12 31 14 15 16 19 70 63 33 12 0 12 25 23 1 94 10 28 37 24 37 9 33 39 ]
[ 26 37 82 21 3 20 11 34 36 45 6 14 36 67 15 31 11 22 9 19 7 22 58 42 14 ]
[ 32 43 63 25 7 5 35 11 1 21 1 6 39 11 1 63 21 26 57 0 5 16 47 58 95 ]
[ 98 70 56 72 7 7 1 21 5 8 0 24 16 0 41 79 53 32 5 12 46 28 4 3 3 ]
[ 6 6 15 55 5 27 26 18 15 0 97 20 40 1 64 10 67 9 58 11 34 0 57 12 40 ]
[ 6 53 17 4 85 39 55 13 35 10 8 59 26 90 13 9 20 13 17 32 10 10 25 2 42 ]
[ 9 1 33 4 54 20 99 6 40 23 3 19 76 16 17 57 1 15 4 30 5 20 58 81 4 ]
[ 40 42 33 9 1 61 17 10 16 27 2 31 40 9 72 60 14 28 8 45 6 6 34 64 21 ]
[ 53 43 31 4 8 55 24 19 10 17 58 6 18 64 24 1 5 2 47 6 16 7 69 25 86 ]
[ 3 0 34 30 3 59 15 10 11 89 14 3 55 8 38 21 32 6 59 8 65 70 10 44 13 ]
[ 6 28 1 91 9 47 14 18 28 21 33 8 14 11 9 96 23 1 31 42 74 6 27 29 34 ]
[ 29 16 64 1 28 30 13 32 11 0 23 48 6 16 45 89 41 22 36 55 1 53 21 20 1 ]
[ 1 7 27 79 18 71 13 6 33 0 59 37 2 65 17 3 29 64 64 17 5 18 36 26 8 ]
[ 4 13 3 33 50 27 88 38 22 39 53 28 20 31 6 15 4 79 14 56 13 2 28 6 35 ]

