Timer (generate): 626ms real	570ms user	40ms sys
[ 82 90 72 94 95 12 2 19 63 74 15 80 73 97 73 92 74 25 49 81 2 30 65 74 79 ]
[ 21 25 27 53 0 84 35 90 57 81 85 21 84 57 84 10 24 64 35 74 90 28 0 15 77 ]
[ 82 18 8 47 92 39 20 69 66 74 69 2 61 12 59 43 49 80 79 58 17 41 83 33 77 ]
[ 57 23 57 57 39 34 39 9 94 38 53 85 59 74 3 33 96 6 46 8 65 41 57 98 20 ]
[ 68 15 14 51 48 91 60 24 48 17 15 34 9 24 81 47 29 18 58 3 22 43 99 28 90 ]
[ 59 45 31 69 43 4 37 10 18 88 11 61 48 35 61 17 2 47 78 78 80 78 7 99 36 ]
[ 10 21 80 62 49 22 21 94 5 90 90 9 27 0 79 67 63 40 67 50 53 37 52 1 15 ]
[ 30 81 45 89 80 34 0 53 14 14 2 88 87 49 93 78 39 55 57 91 34 77 7 27 44 ]
[ 57 32 33 10 33 49 92 67 46 82 99 80 34 53 46 48 7 34 87 8 28 17 99 83 75 ]
[ 91 69 4 50 48 0 7 81 34 69 66 35 62 33 81 44 85 62 30 90 8 30 97 95 17 ]
[ 58 23 35 57 58 62 0 79 66 50 28 66 58 9 52 27 75 87 41 61 69 37 46 83 67 ]
[ 36 43 97 85 38 15 43 13 50 53 71 12 53 3 30 56 31 96 14 92 49 93 19 88 87 ]
[ 32 9 24 78 92 92 66 88 41 4 78 56 99 92 58 52 15 70 58 18 0 14 49 49 80 ]
[ 93 50 25 13 38 12 45 48 37 76 92 81 94 32 22 98 11 79 50 3 37 54 18 60 64 ]
[ 89 12 30 38 61 10 32 11 88 97 2 0 42 50 89 70 94 70 65 27 45 15 38 76 65 ]
[ 93 65 72 63 25 36 52 38 67 43 51 77 27 63 17 24 65 18 18 67 59 89 61 82 6 ]
[ 40 27 21 30 55 39 23 20 11 39 46 47 91 36 14 86 87 44 13 2 61 89 19 31 8 ]
[ 86 43 49 0 25 7 40 4 28 71 11 19 46 31 30 85 29 30 77 17 44 15 5 40 29 ]
[ 59 54 18 79 37 78 65 80 79 65 57 86 58 13 67 29 24 38 75 8 69 13 37 99 42 ]
[ 55 95 57 12 88 86 71 94 57 50 31 87 68 64 67 33 73 5 91 39 24 72 15 63 0 ]

Running merge sort algorithm: 
Timer (sort): 461ms real	420ms user	40ms sys
The output is sorted!
[ 14 7 0 60 17 10 66 6 4 50 28 1 9 1 50 2 47 1 1 2 51 68 25 14 23 ]
[ 25 5 39 16 28 6 0 5 3 0 12 27 74 19 33 29 0 66 84 6 14 43 24 0 7 ]
[ 9 20 41 0 68 52 51 8 25 21 21 26 19 3 18 39 12 60 28 11 0 3 4 20 29 ]
[ 28 13 14 49 27 5 21 1 33 31 16 12 4 76 1 9 4 60 80 39 1 4 33 3 27 ]
[ 4 3 58 14 8 16 59 52 46 1 48 68 28 15 0 21 10 36 13 33 8 17 19 25 0 ]
[ 11 15 16 98 3 13 43 44 16 41 15 3 14 2 13 11 17 26 2 40 41 29 25 0 66 ]
[ 21 29 5 5 3 16 98 96 11 22 14 0 26 66 5 3 34 5 7 29 10 3 6 95 1 ]
[ 9 69 29 14 33 73 32 10 27 19 39 39 4 4 11 13 3 9 14 21 16 41 20 13 48 ]
[ 39 7 4 23 1 0 12 58 36 58 3 14 23 39 49 5 6 52 21 32 12 14 32 70 2 ]
[ 31 6 10 3 96 28 23 3 45 45 19 11 7 52 75 4 13 1 36 20 40 18 5 0 21 ]
[ 24 31 21 19 5 14 22 18 69 49 28 11 6 46 2 42 11 21 5 76 22 35 32 2 6 ]
[ 12 86 31 22 66 4 14 63 16 23 3 33 1 11 0 3 81 3 31 48 15 21 16 18 3 ]
[ 24 34 53 20 13 2 36 22 11 5 12 22 26 54 29 22 8 11 18 34 25 37 63 32 13 ]
[ 8 15 18 25 13 27 5 7 1 44 86 9 7 59 47 3 8 49 30 68 2 6 45 21 23 ]
[ 6 14 12 19 56 30 23 28 33 26 2 21 20 25 41 27 74 44 15 7 11 6 0 23 68 ]
[ 4 10 48 19 34 47 3 99 42 1 22 14 25 36 14 0 70 6 46 1 14 0 64 7 5 ]
[ 26 58 2 14 69 23 54 20 13 6 13 96 24 19 27 9 1 10 24 6 7 61 0 25 24 ]
[ 28 13 26 3 18 94 10 11 14 42 20 0 66 19 6 46 28 18 80 6 6 51 4 23 0 ]
[ 59 49 10 24 0 49 60 46 34 50 14 20 46 14 6 6 9 9 22 17 8 19 5 3 53 ]
[ 80 5 0 85 15 27 17 18 0 1 6 22 27 29 2 0 95 0 6 58 41 14 57 4 23 ]

Timer (generate): 582ms real	560ms user	10ms sys
[ 97 18 10 17 72 44 35 87 8 44 3 15 52 30 51 84 67 36 59 73 13 80 23 33 4 ]
[ 77 67 93 79 20 57 76 91 19 93 63 63 28 3 23 24 6 38 76 36 41 60 55 78 72 ]
[ 29 43 52 4 28 8 81 96 1 60 68 10 89 59 82 82 75 97 63 78 21 87 84 59 64 ]
[ 72 53 76 79 83 0 60 26 4 64 6 12 98 54 66 58 23 76 47 34 10 82 61 8 45 ]
[ 39 29 32 75 40 48 99 93 77 31 76 77 91 54 82 8 13 94 6 67 60 64 90 89 64 ]
[ 77 99 98 38 7 43 78 88 27 5 29 28 57 74 5 88 3 34 31 9 68 39 22 63 45 ]
[ 90 75 62 32 16 26 9 68 24 48 27 19 78 16 46 83 97 26 92 23 31 80 26 18 12 ]
[ 36 86 3 58 1 49 0 29 11 33 97 89 42 65 65 90 45 84 68 61 82 4 10 61 96 ]
[ 33 44 29 12 62 93 0 49 96 58 2 45 11 31 8 44 29 97 86 46 14 29 91 50 49 ]
[ 4 85 53 14 46 2 0 90 31 12 53 24 12 54 20 22 56 18 33 40 26 29 69 76 16 ]
[ 67 90 45 59 41 94 63 26 0 78 72 2 30 14 33 94 67 9 58 73 29 32 82 99 66 ]
[ 22 26 95 43 54 63 10 44 60 69 37 7 85 15 7 15 87 61 45 54 46 91 21 55 49 ]
[ 47 36 81 29 36 99 3 14 47 46 68 10 8 12 23 30 50 30 15 17 89 30 57 50 27 ]
[ 11 48 18 84 3 67 31 39 0 12 27 0 15 41 47 13 9 9 22 74 32 4 24 14 19 ]
[ 93 3 1 50 5 28 61 53 98 46 8 17 77 0 17 42 27 69 57 21 16 71 30 78 45 ]
[ 4 62 49 80 77 20 74 80 21 24 38 1 86 43 99 84 4 16 13 4 33 55 83 3 13 ]
[ 4 71 36 87 1 81 43 64 82 24 41 2 50 73 23 26 63 76 12 7 75 48 11 91 62 ]
[ 67 76 17 2 31 82 7 55 70 46 56 3 89 20 85 65 61 39 15 87 62 42 50 38 6 ]
[ 9 65 55 20 56 69 39 85 38 42 16 21 1 71 43 47 28 47 36 0 32 54 14 72 69 ]
[ 1 86 63 3 77 70 13 42 77 33 51 98 25 88 36 67 4 9 68 28 53 15 8 0 3 ]

Running merge sort algorithm: 
Timer (sort): 485ms real	480ms user	0ms sys
The output is sorted!
[ 27 10 4 39 53 0 66 1 55 37 10 36 43 32 22 27 47 13 17 0 14 5 18 2 8 ]
[ 75 45 8 21 23 10 19 0 25 8 25 29 32 13 10 55 50 5 4 59 14 29 3 16 9 ]
[ 6 9 4 5 17 25 20 40 2 17 55 25 30 0 31 69 32 32 19 6 32 8 9 30 65 ]
[ 10 13 69 39 9 51 3 25 79 20 35 13 30 6 13 4 16 21 33 6 9 11 1 67 21 ]
[ 1 12 3 11 7 0 37 5 51 13 8 11 5 95 81 35 74 9 19 9 6 43 6 13 56 ]
[ 66 3 38 10 40 38 6 15 0 59 54 76 25 13 12 1 9 22 5 51 5 40 11 2 14 ]
[ 26 76 22 43 6 1 2 4 15 38 29 13 11 0 84 0 23 26 39 14 11 46 57 28 10 ]
[ 6 2 0 83 31 4 32 14 9 9 1 82 15 45 16 53 47 7 1 45 10 3 36 13 63 ]
[ 1 18 84 9 42 29 11 28 23 7 1 81 25 47 82 18 6 6 34 30 9 7 23 2 4 ]
[ 11 14 15 5 17 84 62 28 10 17 20 6 88 52 51 17 27 36 1 2 3 10 15 20 19 ]
[ 7 35 7 4 19 15 2 17 75 14 21 38 40 0 60 8 40 28 19 62 7 6 51 20 37 ]
[ 26 50 9 28 33 6 11 2 0 13 7 9 26 82 51 6 57 26 0 62 1 28 61 26 13 ]
[ 28 0 6 7 39 1 13 26 62 71 4 8 36 49 36 1 56 24 16 17 17 51 42 5 19 ]
[ 2 9 27 15 19 2 0 52 40 13 14 66 51 12 19 33 74 27 1 42 26 19 3 16 52 ]
[ 5 1 0 47 15 72 20 0 15 27 57 36 85 14 9 68 6 5 20 60 4 49 7 0 13 ]
[ 19 6 15 52 12 5 20 35 12 36 27 36 21 1 33 65 15 12 92 35 20 4 37 5 21 ]
[ 5 30 29 25 21 19 4 17 30 56 47 33 19 10 32 14 39 93 9 29 7 30 4 9 25 ]
[ 2 17 7 16 32 92 1 58 7 14 28 36 19 70 20 9 26 6 4 3 69 26 12 58 6 ]
[ 29 15 17 98 1 29 41 94 12 3 19 0 3 19 31 33 33 9 4 8 61 4 1 40 35 ]
[ 1 52 0 6 14 5 0 4 79 6 57 7 21 77 30 51 14 7 20 7 12 15 78 51 26 ]

Timer (generate): 590ms real	530ms user	60ms sys
[ 85 75 22 92 0 30 47 35 31 6 68 22 36 93 12 21 51 4 80 97 47 15 79 95 49 ]
[ 32 89 4 46 52 77 83 27 51 75 28 82 75 15 13 81 84 87 70 77 99 91 81 4 23 ]
[ 78 3 38 10 50 40 42 40 44 40 92 74 23 72 25 51 52 7 26 67 72 59 51 11 81 ]
[ 81 63 24 62 19 47 92 22 38 2 72 78 45 64 74 85 9 0 61 81 26 12 33 85 90 ]
[ 52 10 1 4 21 35 37 84 59 51 3 59 43 77 49 46 50 27 43 14 53 80 23 54 41 ]
[ 56 32 5 41 17 47 94 79 1 50 1 36 39 37 47 90 93 6 33 70 55 31 72 34 74 ]
[ 39 40 55 14 94 48 71 78 54 64 95 53 58 27 54 60 28 90 99 17 90 89 10 96 75 ]
[ 81 4 6 5 90 33 44 30 40 59 76 88 82 54 94 46 2 48 57 29 54 17 9 97 17 ]
[ 26 87 6 89 35 33 22 39 40 27 82 73 24 12 13 83 41 53 17 95 48 63 49 48 20 ]
[ 30 2 90 39 99 7 18 86 65 7 22 99 29 13 91 8 95 64 32 60 29 67 1 82 84 ]
[ 48 82 0 50 30 72 80 85 62 72 84 69 90 23 87 49 97 38 30 62 29 38 10 93 23 ]
[ 70 74 90 23 8 75 71 43 75 21 25 99 54 10 62 26 47 83 16 70 70 65 67 8 95 ]
[ 81 37 85 91 82 8 61 8 99 84 69 26 8 12 53 81 37 52 35 0 66 61 47 50 77 ]
[ 17 72 94 36 33 41 17 22 79 61 57 87 22 65 38 59 86 16 19 98 69 0 88 74 36 ]
[ 88 40 49 35 90 79 4 15 73 40 48 67 9 70 46 70 27 33 45 45 24 56 31 40 75 ]
[ 82 62 27 70 36 15 58 76 65 45 19 44 49 86 69 41 34 36 50 56 82 73 84 68 70 ]
[ 81 44 26 12 84 53 94 46 80 16 34 96 74 63 13 19 34 57 20 20 78 61 54 67 64 ]
[ 62 49 89 46 69 59 79 13 37 44 50 90 38 48 22 7 83 70 81 46 83 53 80 92 25 ]
[ 52 71 87 6 90 3 68 91 92 67 61 3 98 26 92 42 28 82 33 77 56 40 12 27 73 ]
[ 58 62 78 90 55 4 42 78 43 0 68 46 20 11 38 39 72 93 38 51 85 80 79 19 13 ]

Running merge sort algorithm: 
Timer (sort): 435ms real	420ms user	10ms sys
The output is sorted!
[ 66 17 17 33 19 22 50 1 20 6 27 8 33 27 4 14 9 26 12 20 4 14 8 55 10 ]
[ 35 24 93 16 4 39 40 9 0 14 15 26 9 18 6 34 36 26 7 14 0 2 27 24 38 ]
[ 19 17 21 41 32 38 21 6 29 0 15 50 4 9 4 1 76 18 22 40 27 3 0 82 3 ]
[ 46 35 20 5 9 6 16 4 63 10 91 4 0 80 0 6 4 1 46 59 17 12 6 31 17 ]
[ 69 33 72 9 43 27 7 15 14 23 16 15 1 36 41 7 33 69 4 47 3 2 4 7 1 ]
[ 50 4 13 0 36 12 39 21 29 34 18 1 8 2 82 13 43 98 32 7 35 4 2 20 2 ]
[ 31 5 26 10 35 0 39 38 1 61 1 38 1 44 36 85 3 2 58 18 23 8 5 23 17 ]
[ 3 20 7 47 16 23 36 16 6 11 6 10 2 11 10 64 7 14 50 96 34 1 20 13 87 ]
[ 20 0 10 82 2 15 25 5 26 6 4 0 46 68 63 7 47 1 4 27 11 60 48 18 17 ]
[ 6 32 22 34 0 14 85 71 17 33 21 11 5 16 9 47 36 25 2 62 33 4 4 2 22 ]
[ 4 8 18 44 45 2 39 56 10 4 26 18 2 55 61 29 30 40 12 6 6 6 43 4 48 ]
[ 11 35 11 12 38 0 16 15 62 37 25 22 11 22 7 13 10 1 72 22 30 35 22 50 41 ]
[ 8 11 10 14 28 6 61 76 19 13 23 9 14 90 10 31 21 55 2 12 34 55 3 4 15 ]
[ 50 11 63 18 6 3 10 7 24 35 43 12 8 21 12 53 38 23 14 27 66 17 11 13 39 ]
[ 17 2 22 23 63 58 7 0 41 5 32 5 15 15 83 36 16 39 22 4 24 29 37 6 24 ]
[ 36 32 6 1 3 85 22 30 16 44 1 9 97 21 15 6 3 58 44 49 18 0 18 4 7 ]
[ 57 37 9 25 26 74 45 3 37 34 14 3 15 48 6 50 0 14 7 25 24 53 19 2 0 ]
[ 95 3 65 1 3 17 58 4 2 60 8 9 15 9 16 12 25 53 33 4 68 22 35 9 2 ]
[ 4 0 3 26 17 20 51 3 76 80 52 42 11 40 1 9 12 23 84 8 24 8 5 20 13 ]
[ 8 0 3 7 22 42 68 9 32 26 31 18 3 52 6 55 31 52 48 48 38 12 0 3 19 ]

Timer (generate): 578ms real	540ms user	20ms sys
[ 19 89 5 72 52 13 89 32 26 67 20 51 49 65 44 79 3 4 71 61 36 87 29 58 72 ]
[ 61 2 51 74 13 55 93 3 60 17 55 73 6 40 0 25 12 3 75 77 47 54 32 51 77 ]
[ 93 39 17 75 98 41 88 0 92 62 13 47 7 68 8 24 76 33 82 16 85 8 80 88 83 ]
[ 57 35 89 89 38 67 35 78 36 62 76 77 50 28 69 64 93 68 71 62 28 47 90 62 29 ]
[ 6 47 89 38 36 72 95 23 14 36 62 33 23 40 69 37 68 98 87 48 19 3 41 87 74 ]
[ 55 16 21 45 30 3 3 77 92 41 65 65 88 89 31 77 51 64 52 43 85 90 11 83 77 ]
[ 59 2 81 52 41 7 60 9 81 57 39 84 61 69 76 54 34 93 95 23 24 24 26 40 76 ]
[ 69 25 66 32 60 44 91 14 77 96 56 36 56 17 17 13 57 1 26 26 78 33 12 23 28 ]
[ 36 48 52 14 88 28 84 66 95 16 26 91 60 93 20 56 1 56 64 18 26 77 75 27 4 ]
[ 53 57 37 66 81 17 54 81 69 68 21 49 4 87 96 73 66 39 85 11 59 41 12 68 5 ]
[ 30 94 34 58 21 38 11 31 27 29 64 44 83 45 65 4 66 67 60 6 63 33 24 3 18 ]
[ 35 14 11 47 82 68 29 76 55 39 50 93 51 81 73 32 97 69 68 42 87 72 60 54 84 ]
[ 18 69 70 94 24 88 29 39 52 28 73 72 58 50 27 97 0 73 0 33 98 85 82 67 53 ]
[ 24 54 77 36 60 61 7 82 31 1 6 72 83 97 76 11 71 0 21 73 28 71 25 53 23 ]
[ 58 51 8 40 18 13 16 25 42 4 37 56 63 19 87 65 78 11 0 27 39 11 50 40 85 ]
[ 23 20 8 48 73 31 58 76 92 50 46 57 18 23 0 75 61 56 38 32 95 55 62 59 55 ]
[ 90 98 19 92 90 56 16 10 64 64 35 95 75 11 39 25 10 97 96 33 97 71 94 5 9 ]
[ 79 0 65 93 59 72 83 10 91 76 0 47 44 63 63 60 50 11 35 14 50 13 24 99 9 ]
[ 57 48 80 4 53 41 35 54 58 28 65 31 64 75 74 92 28 74 36 43 37 96 45 48 32 ]
[ 59 51 97 35 50 6 45 99 86 49 52 79 36 58 38 64 76 69 28 3 95 20 31 21 56 ]

Running merge sort algorithm: 
Timer (sort): 444ms real	440ms user	0ms sys
The output is sorted!
[ 7 11 0 23 58 0 65 10 36 25 21 1 0 17 6 15 10 6 36 37 3 32 59 60 5 ]
[ 9 50 0 30 3 25 32 47 24 5 17 5 13 0 26 41 40 13 37 50 10 29 32 0 18 ]
[ 12 10 25 14 49 51 42 4 0 9 45 13 10 19 68 0 23 68 1 47 17 8 0 7 21 ]
[ 16 17 42 3 3 26 38 54 21 25 6 92 42 28 1 14 29 15 9 21 23 4 26 6 5 ]
[ 56 15 62 15 7 11 5 12 83 14 22 61 51 7 29 23 4 11 30 5 7 25 12 1 18 ]
[ 25 14 3 5 19 60 14 2 35 18 5 5 39 49 22 46 46 5 38 6 0 50 49 4 32 ]
[ 53 8 12 28 25 39 48 19 87 36 21 5 11 42 8 39 12 5 8 16 6 18 0 3 46 ]
[ 1 0 3 27 14 39 34 5 44 25 63 33 26 17 26 3 30 21 18 12 38 36 8 6 69 ]
[ 20 32 17 52 5 11 18 3 26 66 3 95 17 13 3 6 42 22 15 17 8 16 56 7 30 ]
[ 53 2 48 74 9 2 2 45 1 23 16 0 65 16 17 24 7 1 34 23 26 21 23 51 18 ]
[ 0 34 1 44 45 74 32 29 20 16 7 31 32 45 4 39 10 35 2 5 5 6 10 28 49 ]
[ 30 36 5 5 5 12 45 10 37 13 6 1 7 1 30 0 66 31 30 43 33 2 71 2 84 ]
[ 0 53 30 24 5 0 44 32 6 25 11 1 14 34 0 11 54 9 37 17 5 19 70 69 37 ]
[ 8 17 8 7 16 25 78 25 11 25 42 0 45 0 0 5 30 1 71 49 14 23 55 4 50 ]
[ 24 40 37 33 44 3 5 3 12 1 3 2 2 1 83 15 15 12 86 21 35 49 41 27 19 ]
[ 4 55 21 52 8 65 14 23 24 21 39 35 3 7 29 0 9 2 3 38 12 2 53 75 20 ]
[ 64 39 11 5 28 42 14 12 48 7 32 63 88 8 28 19 8 9 3 8 26 12 30 5 5 ]
[ 4 35 39 26 77 0 1 3 70 44 29 13 13 23 14 32 16 28 34 2 19 25 7 18 44 ]
[ 9 16 17 72 10 12 52 52 6 51 20 8 37 23 29 30 3 23 30 64 13 9 30 1 4 ]
[ 33 24 1 19 63 4 17 18 4 23 11 27 57 35 55 6 19 13 88 41 34 4 3 15 8 ]

Timer (generate): 559ms real	530ms user	30ms sys
[ 63 78 79 14 37 52 64 49 86 49 46 45 95 58 59 90 48 1 44 59 59 10 45 85 87 ]
[ 30 23 17 16 50 99 79 28 30 94 17 83 10 67 21 59 65 66 6 76 77 48 76 30 92 ]
[ 35 42 3 81 79 42 63 55 59 32 5 10 11 85 93 57 3 28 68 22 49 79 39 67 38 ]
[ 15 96 86 91 27 31 27 21 86 60 0 28 75 55 39 7 12 50 19 98 95 28 53 23 48 ]
[ 75 72 80 14 39 18 82 35 56 73 14 87 52 35 25 12 88 53 88 43 93 95 56 95 66 ]
[ 6 90 47 59 13 95 34 85 27 0 76 45 82 11 54 8 26 93 60 13 19 25 1 24 65 ]
[ 45 17 12 53 64 31 59 54 78 18 19 25 4 4 53 56 80 50 39 44 56 99 70 50 59 ]
[ 83 21 36 37 45 1 82 15 14 87 79 45 46 34 75 16 53 0 20 10 5 76 42 8 67 ]
[ 86 64 66 56 14 78 92 87 14 81 33 68 63 48 82 2 27 79 0 13 6 16 19 58 88 ]
[ 29 64 16 23 72 36 10 36 2 18 3 32 62 90 99 43 75 67 58 75 1 60 55 32 60 ]
[ 20 38 28 39 96 16 20 12 85 44 84 21 54 73 75 72 28 60 35 18 59 30 46 26 89 ]
[ 21 27 49 28 59 62 49 97 90 88 45 59 9 58 44 5 94 17 59 67 44 83 95 4 70 ]
[ 66 63 1 64 89 42 37 68 91 66 27 53 15 76 96 3 74 55 64 84 51 69 78 20 80 ]
[ 98 64 16 45 69 86 63 32 39 27 74 81 65 42 25 31 22 30 98 50 26 1 76 33 18 ]
[ 60 36 39 39 56 72 37 73 88 82 94 74 98 78 66 25 52 99 42 47 24 25 21 55 23 ]
[ 23 33 77 0 67 95 60 55 34 99 64 6 88 37 46 23 83 73 21 61 39 46 14 38 41 ]
[ 13 63 66 34 70 90 57 3 67 57 22 62 70 78 48 69 94 7 10 83 53 33 66 78 54 ]
[ 27 17 52 93 8 93 6 23 60 92 93 50 50 48 69 59 71 31 29 1 31 51 95 90 61 ]
[ 78 96 94 44 74 0 71 44 4 65 52 50 23 75 62 16 20 12 18 68 81 77 39 64 59 ]
[ 40 47 10 87 38 71 65 34 17 61 60 69 33 4 25 50 56 75 73 83 37 89 3 1 7 ]

Running merge sort algorithm: 
Timer (sort): 426ms real	410ms user	10ms sys
The output is sorted!
[ 2 27 8 30 35 34 0 3 45 11 10 94 5 40 42 1 26 10 22 19 13 27 4 4 36 ]
[ 14 0 2 2 37 4 40 70 16 16 1 38 4 3 33 57 22 64 0 0 26 41 35 13 29 ]
[ 2 16 40 10 8 55 10 29 33 3 47 15 26 7 20 49 70 25 17 34 16 1 22 11 12 ]
[ 0 68 52 49 10 2 6 0 29 98 3 22 8 51 36 11 3 18 81 3 10 10 16 2 10 ]
[ 7 61 24 20 4 16 19 69 28 6 5 4 4 10 2 45 4 30 42 8 13 3 55 67 54 ]
[ 59 5 64 7 7 0 2 2 1 41 55 56 40 10 6 60 15 2 10 27 22 22 70 11 9 ]
[ 39 0 39 61 26 6 48 4 1 59 4 28 15 48 15 71 28 4 31 25 7 15 12 10 13 ]
[ 30 89 11 52 9 4 23 4 10 19 3 23 2 0 37 18 83 28 48 20 12 19 3 22 40 ]
[ 62 5 1 6 8 59 21 7 6 33 5 39 50 47 22 27 60 6 8 7 62 52 10 4 9 ]
[ 4 20 35 32 13 6 60 32 1 52 13 23 14 0 72 45 6 69 66 7 12 19 5 5 7 ]
[ 8 14 21 23 3 35 5 10 13 5 25 49 15 30 54 93 58 43 0 6 14 25 24 3 43 ]
[ 15 25 16 35 45 11 28 0 25 25 0 2 67 39 41 36 15 18 12 10 16 90 29 9 10 ]
[ 2 17 49 15 4 12 46 1 20 47 1 67 12 18 22 2 17 5 1 66 22 80 6 64 24 ]
[ 43 6 24 5 29 0 32 14 19 6 32 8 26 16 11 40 1 7 82 34 29 32 26 35 64 ]
[ 4 18 49 20 10 58 15 76 43 16 8 2 29 9 1 38 32 40 37 28 7 33 18 9 22 ]
[ 37 9 19 15 9 4 28 2 50 13 44 9 60 58 4 58 4 9 8 26 8 21 4 63 62 ]
[ 32 27 7 19 6 12 7 31 88 63 21 53 2 7 37 12 63 16 24 6 11 15 10 37 19 ]
[ 1 55 13 35 14 2 37 5 7 27 15 25 18 53 46 38 6 49 10 59 7 29 51 11 13 ]
[ 23 10 54 5 15 24 11 84 5 88 18 3 35 11 8 52 11 34 15 1 56 27 3 2 31 ]
[ 4 85 16 39 13 32 16 51 27 28 9 44 0 23 9 49 3 27 54 40 15 6 11 2 28 ]

Timer (generate): 534ms real	490ms user	30ms sys
[ 1 6 56 5 97 2 94 33 26 93 28 4 77 80 41 96 32 61 15 76 74 99 67 40 85 ]
[ 41 49 76 51 91 57 52 98 65 57 47 67 4 33 45 49 61 49 26 93 90 23 78 4 90 ]
[ 54 30 42 21 70 79 14 71 7 65 63 64 70 13 29 27 12 48 31 45 93 80 59 94 59 ]
[ 52 85 34 30 89 76 36 71 18 58 41 49 24 65 57 42 28 21 12 93 3 91 5 51 23 ]
[ 51 97 55 62 91 66 66 28 52 49 69 29 85 40 99 95 82 49 20 99 6 62 27 79 26 ]
[ 20 82 17 77 86 92 80 83 0 42 74 66 9 3 71 10 72 0 95 13 99 91 47 0 11 ]
[ 46 58 25 25 38 3 97 72 20 74 58 13 55 93 65 49 20 31 10 75 2 20 99 54 16 ]
[ 12 6 59 11 6 70 9 17 47 86 55 50 35 79 22 10 90 35 17 83 0 18 55 84 81 ]
[ 30 38 1 30 45 69 94 51 28 6 9 50 67 26 49 6 33 99 41 65 22 51 55 9 20 ]
[ 38 62 91 94 98 72 76 88 25 6 33 95 1 36 75 59 98 26 78 76 75 84 62 27 26 ]
[ 27 1 29 82 62 50 72 24 41 18 74 65 95 63 90 1 48 85 54 85 13 65 83 91 44 ]
[ 11 18 28 73 45 54 0 98 84 82 61 86 55 37 79 25 12 44 20 27 34 74 75 72 80 ]
[ 60 37 46 95 28 90 7 46 70 80 44 25 81 42 61 15 55 47 22 93 78 48 57 22 20 ]
[ 84 8 46 59 32 27 20 21 73 67 49 15 74 48 85 7 92 10 40 86 23 7 42 22 30 ]
[ 87 0 30 44 74 50 28 83 97 39 67 24 11 89 49 79 90 64 5 38 49 12 82 12 4 ]
[ 69 35 12 63 58 42 50 58 72 46 33 74 26 68 23 65 87 99 77 28 48 8 71 12 13 ]
[ 9 14 78 44 26 82 65 13 94 28 23 88 30 82 12 76 67 39 54 87 62 19 26 62 48 ]
[ 55 62 8 26 27 74 87 41 52 83 19 86 48 32 33 28 56 21 58 90 86 86 9 25 40 ]
[ 96 87 12 74 1 60 29 64 21 7 91 95 47 84 47 30 3 85 31 87 18 59 95 92 18 ]
[ 37 78 4 46 55 97 94 94 9 69 96 21 50 12 42 58 3 37 57 39 36 87 42 22 18 ]

Running merge sort algorithm: 
Timer (sort): 427ms real	430ms user	0ms sys
The output is sorted!
[ 21 3 2 19 18 2 5 0 51 16 27 23 56 10 2 17 14 65 11 28 49 20 41 0 56 ]
[ 81 0 4 0 44 22 2 63 59 2 16 64 44 36 55 5 7 2 2 36 12 4 0 14 0 ]
[ 34 2 29 4 44 65 19 15 13 52 14 51 9 5 5 0 12 78 6 2 24 14 70 2 11 ]
[ 18 7 33 3 12 67 1 34 62 28 7 3 59 28 20 15 6 6 3 0 10 91 27 22 20 ]
[ 17 19 2 36 23 3 5 16 69 33 81 17 36 0 55 12 32 5 35 11 12 43 24 0 4 ]
[ 18 49 14 19 3 40 26 20 3 0 59 1 50 16 7 23 8 26 9 9 26 15 83 16 55 ]
[ 5 82 17 6 34 15 7 4 9 1 31 39 9 22 6 37 53 7 37 51 25 2 31 63 2 ]
[ 35 13 1 24 19 1 27 12 4 26 10 13 26 9 3 1 67 47 86 13 26 24 63 50 2 ]
[ 17 37 20 18 0 52 46 29 49 27 3 39 5 64 8 11 81 0 4 21 4 22 6 34 9 ]
[ 0 9 15 4 8 52 77 2 11 19 22 62 1 63 51 12 9 6 9 32 17 67 51 5 3 ]
[ 47 39 7 43 30 0 4 2 6 20 10 47 41 42 2 67 0 50 51 4 2 17 23 48 5 ]
[ 11 42 20 31 23 2 17 45 33 41 55 3 0 13 29 1 19 34 78 8 25 6 41 26 9 ]
[ 16 6 8 8 8 18 22 12 54 24 12 89 8 62 54 10 15 32 2 51 26 15 9 29 27 ]
[ 20 16 6 4 26 26 36 82 9 11 34 49 43 10 21 11 2 28 1 33 23 18 61 44 6 ]
[ 17 57 30 14 4 3 39 8 18 17 0 17 20 7 40 37 6 24 19 31 69 0 23 82 41 ]
[ 3 6 52 2 89 28 2 8 64 9 61 13 0 22 55 20 85 40 7 7 14 1 15 10 11 ]
[ 25 18 63 0 6 92 1 46 4 19 31 50 5 11 78 25 1 24 7 7 39 9 26 18 22 ]
[ 7 3 7 18 23 91 12 14 31 2 10 10 16 31 75 23 45 5 20 42 55 44 26 17 2 ]
[ 58 18 11 58 51 7 9 99 29 5 59 3 60 11 25 1 2 11 41 13 1 19 9 25 7 ]
[ 14 16 31 3 25 30 1 38 80 43 6 37 30 85 7 11 6 10 45 1 17 62 3 13 20 ]

Timer (generate): 509ms real	470ms user	20ms sys
[ 27 39 61 13 96 58 31 45 17 91 89 30 51 62 80 36 55 3 54 94 31 26 16 22 35 ]
[ 48 16 17 55 49 50 34 88 11 48 84 70 31 82 87 75 23 70 26 85 2 62 40 5 68 ]
[ 86 89 95 3 11 30 3 80 48 11 29 50 45 69 62 45 53 32 29 35 71 4 59 41 30 ]
[ 96 44 45 37 1 13 75 90 60 30 54 43 34 34 43 45 15 93 42 84 55 88 89 39 17 ]
[ 77 11 73 88 52 3 84 48 0 73 50 66 49 92 26 79 46 69 65 32 12 10 47 58 53 ]
[ 83 13 93 73 53 62 50 64 35 90 68 90 74 17 91 0 67 9 49 59 35 80 58 57 46 ]
[ 90 69 8 90 27 13 73 93 58 98 98 20 0 62 55 90 82 98 17 99 89 17 66 98 18 ]
[ 78 85 98 36 42 96 78 64 57 68 43 70 94 88 81 92 86 1 45 0 9 35 83 7 52 ]
[ 82 48 21 1 98 39 79 83 38 67 78 86 45 42 43 66 85 66 60 74 99 4 12 0 49 ]
[ 13 9 37 96 68 41 30 16 63 31 14 2 62 50 92 29 28 79 27 70 74 45 7 92 57 ]
[ 33 91 61 98 44 63 11 5 52 59 74 93 89 90 56 21 5 59 83 55 3 65 35 82 92 ]
[ 57 9 89 64 53 46 50 97 59 48 41 22 11 46 74 70 20 20 59 63 76 80 20 87 16 ]
[ 27 91 81 62 25 25 19 86 14 35 40 60 85 89 19 85 30 94 96 28 20 66 1 40 78 ]
[ 64 69 58 84 56 26 11 99 7 73 77 84 92 63 98 79 55 10 65 44 30 2 26 76 99 ]
[ 55 96 17 56 37 95 72 6 6 56 14 32 67 14 40 92 43 24 36 58 75 15 66 85 32 ]
[ 62 67 35 89 43 86 96 40 3 4 77 51 76 35 57 32 49 89 51 15 81 43 58 58 31 ]
[ 69 33 46 35 70 31 97 38 66 38 81 4 34 21 59 38 50 10 14 85 67 98 87 9 49 ]
[ 54 90 44 65 0 75 34 33 74 21 4 57 18 94 75 9 75 79 95 49 38 34 99 49 0 ]
[ 37 68 99 76 29 0 30 72 45 95 72 72 81 58 98 2 14 55 73 8 30 82 83 61 77 ]
[ 84 0 63 36 1 16 25 21 67 1 51 67 83 23 64 79 95 37 12 53 87 15 67 43 40 ]

Running merge sort algorithm: 
Timer (sort): 413ms real	400ms user	0ms sys
The output is sorted!
[ 31 27 35 14 36 12 2 19 49 11 12 7 83 11 2 34 33 4 6 4 35 10 23 15 29 ]
[ 4 2 2 8 4 37 2 16 59 32 12 54 27 53 31 96 1 1 6 13 3 45 38 2 19 ]
[ 45 7 3 8 8 18 61 12 16 4 6 7 32 13 1 36 22 19 19 65 24 29 38 13 71 ]
[ 9 16 35 29 5 80 33 16 29 8 6 20 16 11 23 25 36 7 46 4 0 58 24 10 43 ]
[ 23 54 6 33 8 20 99 47 26 23 18 18 37 11 2 5 21 16 29 5 2 5 7 20 56 ]
[ 3 13 15 33 12 0 27 25 11 67 23 22 10 59 29 16 8 21 13 43 16 37 16 74 5 ]
[ 13 25 30 16 5 69 3 18 46 7 98 6 8 19 12 16 52 35 68 3 4 0 25 8 13 ]
[ 9 9 25 44 56 36 4 3 7 15 1 41 75 6 58 2 3 0 49 3 62 33 6 7 52 ]
[ 2 70 40 26 14 17 28 9 13 12 23 21 51 18 38 5 22 38 8 16 27 42 25 28 14 ]
[ 39 6 5 3 49 17 54 0 9 78 11 22 14 19 14 23 6 0 56 54 17 34 15 61 4 ]
[ 25 21 18 38 10 10 0 57 52 7 24 39 32 18 37 63 32 9 25 17 19 20 26 11 0 ]
[ 29 53 28 39 21 28 25 12 1 63 5 33 7 23 11 29 69 9 4 19 46 16 15 10 27 ]
[ 18 11 35 36 7 21 4 20 3 12 19 23 24 77 62 39 62 16 38 1 17 69 0 0 8 ]
[ 20 32 24 25 15 1 22 5 19 19 30 2 61 33 4 34 44 56 38 1 59 33 19 11 17 ]
[ 30 4 50 16 8 67 40 35 4 44 43 10 16 39 13 18 30 2 2 24 3 2 38 65 21 ]
[ 10 46 2 42 16 13 8 10 12 75 56 6 2 30 24 12 82 4 9 24 53 15 16 17 40 ]
[ 21 34 34 10 5 13 10 6 3 7 44 58 59 3 2 66 9 12 35 59 7 2 24 44 59 ]
[ 47 71 61 0 3 27 4 6 20 20 5 9 61 31 1 1 52 3 27 26 41 7 40 19 46 ]
[ 25 5 6 54 3 3 7 58 16 9 37 0 1 3 35 85 14 72 16 83 21 1 10 22 43 ]
[ 16 31 10 4 18 6 11 5 19 11 20 26 67 34 25 88 34 10 16 9 57 88 5 13 7 ]

Timer (generate): 533ms real	480ms user	50ms sys
[ 33 79 19 64 72 12 35 18 48 30 26 68 6 65 67 74 5 43 68 58 22 12 89 22 58 ]
[ 87 96 58 79 23 14 64 2 33 28 74 45 15 44 93 97 23 13 4 88 32 30 45 28 98 ]
[ 3 50 62 44 25 20 84 21 78 15 96 93 79 99 78 59 25 24 74 70 69 71 93 35 27 ]
[ 33 67 57 79 95 7 34 98 69 31 75 42 15 48 72 82 45 65 61 44 96 72 69 20 98 ]
[ 91 41 21 84 76 49 18 44 58 49 91 66 83 41 87 66 16 29 33 65 2 15 10 19 76 ]
[ 54 15 0 75 87 98 67 29 20 51 5 21 21 1 79 70 45 97 6 86 85 72 3 66 6 ]
[ 68 20 21 30 92 50 36 59 50 11 99 1 30 28 21 34 85 42 55 39 21 78 84 71 84 ]
[ 22 8 56 25 26 14 45 47 36 27 91 38 63 2 40 27 1 41 57 81 14 43 67 56 51 ]
[ 58 30 29 42 1 65 64 61 73 42 87 88 39 86 76 67 77 66 30 80 6 57 33 0 67 ]
[ 15 14 10 34 71 61 92 53 42 34 6 7 50 67 81 92 54 21 32 41 97 99 70 63 81 ]
[ 2 21 39 36 21 6 51 88 68 85 59 82 29 64 24 63 70 84 65 89 17 58 95 38 42 ]
[ 88 87 93 59 2 74 61 23 65 49 97 23 52 85 92 89 96 26 18 60 50 33 82 86 99 ]
[ 23 3 9 18 41 3 7 80 96 18 82 22 31 58 88 81 55 63 85 40 55 75 88 81 45 ]
[ 48 84 79 82 70 30 5 26 39 75 19 42 34 0 90 52 82 12 84 40 52 17 47 16 2 ]
[ 87 23 29 27 57 27 27 93 58 9 63 88 66 41 79 94 61 73 28 61 15 81 95 79 17 ]
[ 36 84 34 35 0 88 75 75 70 2 32 97 30 25 7 91 41 47 58 34 78 52 95 51 32 ]
[ 56 18 13 52 97 30 40 81 16 75 33 57 2 9 27 5 93 76 35 71 83 26 64 82 36 ]
[ 98 60 40 94 11 73 2 81 38 6 78 69 46 60 37 74 45 94 76 54 73 33 48 49 68 ]
[ 19 84 47 83 66 35 33 26 76 27 89 49 30 70 39 36 1 60 35 13 98 61 58 44 89 ]
[ 65 18 23 65 67 43 84 4 42 19 70 78 4 49 6 32 90 55 14 13 46 50 66 7 37 ]

Running merge sort algorithm: 
Timer (sort): 437ms real	440ms user	0ms sys
The output is sorted!
[ 38 7 1 27 27 38 3 7 26 24 27 6 18 78 66 0 7 0 43 42 18 1 4 83 12 ]
[ 36 16 7 21 26 4 29 22 10 12 57 48 10 33 24 12 89 39 21 17 43 3 10 5 16 ]
[ 6 12 44 46 50 2 4 37 50 31 57 15 48 2 29 35 3 6 37 11 17 5 14 26 28 ]
[ 0 25 11 2 28 19 51 17 51 35 28 14 41 13 23 4 0 8 9 52 24 76 65 23 3 ]
[ 9 17 74 79 45 23 11 18 25 48 16 13 1 9 8 5 52 6 35 10 21 16 5 45 31 ]
[ 4 4 33 33 11 15 68 82 24 14 26 25 2 21 73 5 40 13 5 3 25 2 96 1 3 ]
[ 69 48 2 51 6 76 8 65 79 17 16 18 15 4 0 14 13 60 12 2 17 9 2 6 22 ]
[ 21 2 40 23 15 55 4 20 13 10 70 23 43 50 3 12 9 40 15 30 25 33 35 14 27 ]
[ 12 2 97 1 6 9 12 47 7 36 32 52 3 40 0 29 49 31 53 15 28 21 20 32 0 ]
[ 20 21 86 5 8 1 8 8 8 29 30 27 13 58 12 10 73 17 61 14 25 8 1 9 86 ]
[ 39 42 5 12 23 76 10 1 17 32 26 9 60 2 7 3 11 22 28 29 4 56 70 16 40 ]
[ 4 25 51 50 35 59 20 35 4 24 4 21 34 11 45 32 21 37 2 6 17 33 18 29 24 ]
[ 17 9 3 26 10 13 48 42 24 23 35 37 38 74 5 10 20 12 4 51 28 7 70 12 23 ]
[ 3 5 15 4 22 20 13 21 8 47 69 56 39 38 46 6 42 46 0 18 10 63 0 37 14 ]
[ 42 32 20 23 62 61 6 36 27 1 90 43 4 8 0 25 0 23 27 39 2 3 10 26 33 ]
[ 41 25 23 43 19 5 5 10 5 20 97 4 18 9 41 24 5 16 40 9 27 69 20 24 44 ]
[ 25 3 1 24 13 23 3 66 22 74 67 4 0 8 0 6 64 9 89 23 1 19 9 77 14 ]
[ 6 35 69 61 37 18 23 1 3 77 56 23 23 13 7 2 16 4 24 40 46 7 2 6 45 ]
[ 0 25 14 19 3 2 66 25 3 22 40 57 19 53 14 47 17 4 39 3 94 15 30 1 33 ]
[ 1 12 44 38 19 20 93 5 39 0 41 25 25 3 12 31 35 10 36 12 41 63 21 8 13 ]

Timer (generate): 562ms real	530ms user	30ms sys
[ 73 48 21 86 69 80 17 81 65 99 15 47 38 5 38 39 42 50 49 57 6 63 37 65 16 ]
[ 12 92 1 37 39 87 62 87 60 49 8 41 66 42 6 66 9 5 56 66 43 48 8 93 49 ]
[ 17 0 64 55 17 32 67 9 34 57 48 73 19 88 34 68 48 27 87 42 33 5 51 90 61 ]
[ 18 33 61 78 79 11 96 31 75 51 48 8 70 57 42 27 58 15 99 98 1 67 46 28 54 ]
[ 41 13 11 92 3 73 62 37 86 93 16 97 89 47 73 92 95 33 14 4 27 94 62 42 93 ]
[ 60 96 12 59 24 19 0 38 30 44 93 55 59 30 42 52 98 39 41 45 64 85 92 97 51 ]
[ 97 24 45 11 19 38 24 15 3 83 91 22 35 29 52 79 75 8 38 5 2 90 4 41 83 ]
[ 1 58 20 46 7 72 95 84 17 6 3 8 30 70 11 65 13 85 0 95 37 32 70 97 22 ]
[ 75 99 65 31 93 0 85 51 21 31 58 45 26 42 14 84 97 74 67 19 37 84 33 22 37 ]
[ 80 12 69 50 9 43 77 61 8 9 54 9 94 57 82 77 67 27 55 62 93 39 59 68 58 ]
[ 31 5 43 16 28 80 96 92 1 46 1 44 23 14 5 84 20 14 30 77 48 7 45 75 14 ]
[ 7 20 6 18 88 64 1 46 59 17 26 91 65 18 92 63 71 89 39 86 46 23 6 60 6 ]
[ 84 60 65 81 87 80 88 7 86 6 96 2 8 42 62 77 68 53 95 38 98 58 9 39 97 ]
[ 95 85 73 54 97 79 90 57 96 71 44 28 11 51 14 69 99 69 29 93 31 59 61 36 54 ]
[ 99 34 12 61 25 62 8 10 35 62 59 66 4 68 14 27 12 43 90 16 9 60 15 78 41 ]
[ 61 9 0 22 98 54 74 32 19 87 10 81 95 20 68 10 32 34 66 0 0 94 65 43 84 ]
[ 81 53 96 48 31 38 9 93 38 84 91 93 10 75 64 97 85 45 44 58 13 54 90 99 21 ]
[ 90 99 67 7 43 3 88 48 0 89 79 38 98 24 28 34 15 73 44 91 37 93 76 82 38 ]
[ 34 47 92 76 46 65 19 98 84 26 93 88 15 41 88 56 72 78 54 97 6 41 12 32 85 ]
[ 55 69 79 32 4 17 18 51 61 95 50 79 14 48 63 92 93 51 59 34 91 15 58 21 22 ]

Running merge sort algorithm: 
Timer (sort): 418ms real	420ms user	0ms sys
The output is sorted!
[ 9 31 75 9 10 43 15 39 5 1 5 23 14 5 70 3 6 29 5 17 77 6 25 1 7 ]
[ 53 36 13 9 11 4 17 19 58 9 23 13 77 31 8 28 16 21 0 15 1 1 58 3 8 ]
[ 43 6 12 8 28 11 25 55 2 3 2 52 3 16 5 1 73 7 53 53 71 17 0 17 9 ]
[ 1 20 49 29 29 13 17 4 4 1 15 14 2 32 4 80 4 7 1 70 29 89 26 8 35 ]
[ 18 40 39 10 40 60 37 53 15 1 4 23 78 44 6 0 26 7 31 19 2 6 0 33 6 ]
[ 11 8 29 75 20 11 49 5 1 83 2 8 1 1 3 64 33 1 39 10 63 18 24 43 0 ]
[ 11 14 3 19 10 43 14 89 33 8 7 2 31 21 25 60 10 22 0 16 10 47 45 19 50 ]
[ 0 57 18 45 57 17 52 40 9 2 2 3 39 19 11 6 0 17 20 43 40 59 2 50 3 ]
[ 19 20 4 47 61 55 32 5 1 24 5 73 13 16 6 25 6 37 22 12 15 37 11 2 65 ]
[ 7 24 33 59 16 2 15 1 97 32 0 19 31 47 25 26 26 62 9 23 27 24 5 7 0 ]
[ 3 27 1 53 16 54 23 43 29 12 7 11 78 87 30 1 33 21 12 9 10 0 21 17 20 ]
[ 61 2 38 7 0 52 26 50 82 89 36 2 5 30 2 6 2 44 12 19 1 20 11 14 8 ]
[ 44 6 8 6 37 35 45 20 37 8 3 22 1 37 26 40 1 51 22 21 25 34 8 44 38 ]
[ 42 7 26 3 18 53 76 6 46 92 1 8 35 4 5 9 0 27 56 19 1 10 50 0 29 ]
[ 69 29 37 19 65 19 1 8 42 1 3 17 9 12 20 2 35 12 43 10 9 26 41 9 86 ]
[ 5 56 28 11 4 63 2 42 13 14 13 27 28 5 30 24 26 19 5 8 1 32 92 27 50 ]
[ 5 0 18 3 58 10 77 2 5 0 48 13 69 32 15 8 6 49 11 24 46 23 32 39 36 ]
[ 15 67 11 44 75 28 13 2 17 2 63 1 8 24 3 52 32 11 5 30 74 10 6 34 6 ]
[ 11 54 18 57 21 64 1 3 19 6 10 11 73 9 24 46 30 9 43 18 1 23 78 2 4 ]
[ 38 47 8 5 5 2 16 17 43 5 48 40 28 6 2 40 56 41 2 10 23 7 49 21 77 ]

Timer (generate): 578ms real	510ms user	60ms sys
[ 48 41 24 99 69 77 82 20 31 83 31 77 19 31 46 55 55 4 41 43 87 96 52 54 6 ]
[ 93 44 11 61 3 35 9 44 11 60 14 41 95 86 72 78 69 1 49 1 99 56 8 3 97 ]
[ 3 42 46 55 96 4 1 93 15 62 96 3 23 92 14 36 58 55 83 45 79 13 14 80 62 ]
[ 67 32 18 28 35 67 31 30 65 39 26 69 40 19 85 54 67 40 29 60 54 17 70 62 52 ]
[ 15 41 65 82 74 79 1 6 97 29 93 17 13 23 82 4 50 4 96 21 41 2 41 81 31 ]
[ 1 35 1 23 97 53 39 91 19 73 65 98 74 71 48 4 64 17 69 40 51 73 90 55 21 ]
[ 63 96 23 4 77 6 57 65 7 81 14 13 72 5 84 45 70 34 19 93 82 75 10 51 96 ]
[ 50 3 69 92 58 42 55 7 65 12 36 72 69 1 31 2 16 44 74 21 28 19 44 63 91 ]
[ 89 97 66 99 1 15 49 4 36 93 14 79 49 73 44 13 10 16 82 11 0 85 79 44 11 ]
[ 53 25 83 97 40 74 38 37 92 38 90 7 39 94 44 33 61 23 34 34 19 47 44 36 81 ]
[ 56 88 18 35 32 30 40 9 13 37 49 39 76 39 31 66 29 91 57 76 35 90 37 10 76 ]
[ 71 29 75 68 17 57 24 5 75 11 90 57 4 99 22 41 1 61 69 40 45 87 69 36 45 ]
[ 45 23 87 34 85 64 6 66 91 26 36 48 50 41 76 13 83 33 17 35 56 11 36 69 32 ]
[ 76 14 20 97 2 17 95 77 4 29 62 20 87 81 12 13 17 12 15 58 88 81 94 22 50 ]
[ 29 30 61 65 99 46 93 66 18 42 68 35 37 46 91 67 60 64 6 41 28 20 58 40 35 ]
[ 69 29 68 63 3 19 44 33 32 61 84 78 6 50 48 48 19 83 86 17 27 5 77 91 11 ]
[ 71 19 83 29 11 71 50 40 39 13 95 58 9 28 91 70 65 21 28 15 70 77 86 5 63 ]
[ 3 32 20 33 75 83 4 46 67 85 58 38 36 50 77 1 46 88 63 26 79 33 91 52 62 ]
[ 59 22 91 45 28 6 1 60 26 34 88 9 90 34 76 75 44 66 63 47 44 17 93 84 80 ]
[ 71 15 65 15 67 79 74 90 70 19 18 76 72 30 2 6 70 64 96 57 92 24 1 59 39 ]

Running merge sort algorithm: 
Timer (sort): 424ms real	410ms user	20ms sys
The output is sorted!
[ 69 8 9 5 1 55 54 13 2 8 16 11 30 45 14 0 13 1 2 84 48 32 36 11 4 ]
[ 39 1 41 4 7 29 8 32 17 10 9 11 21 18 84 17 4 43 1 23 7 46 9 57 54 ]
[ 0 31 1 36 10 92 14 21 8 47 31 16 22 11 4 63 25 3 71 3 45 2 3 12 24 ]
[ 12 83 10 0 3 29 1 47 1 32 56 47 31 15 33 65 20 18 7 29 17 12 16 1 11 ]
[ 3 24 17 4 41 23 61 5 8 14 81 17 34 2 28 30 63 28 51 7 5 0 21 25 9 ]
[ 5 5 12 46 5 6 35 89 10 24 3 51 16 82 10 21 20 5 12 41 6 28 14 17 39 ]
[ 52 8 16 18 3 3 5 4 23 14 27 14 21 48 63 3 70 26 14 52 29 25 8 55 5 ]
[ 18 52 14 17 35 2 80 58 29 6 6 51 1 5 5 23 34 38 1 23 37 23 19 12 17 ]
[ 16 16 0 53 25 39 9 20 16 5 56 36 11 43 0 31 8 37 62 43 39 7 20 10 8 ]
[ 19 1 17 22 7 41 59 9 4 47 42 13 6 17 29 28 32 8 56 14 18 74 8 3 43 ]
[ 4 2 71 5 43 2 0 14 14 8 19 84 38 71 15 20 61 7 21 5 25 16 47 12 17 ]
[ 0 30 9 67 62 3 8 8 58 0 7 14 16 12 31 18 90 39 18 87 19 4 0 18 5 ]
[ 9 4 37 33 11 44 56 52 54 24 14 22 5 3 25 6 68 1 8 25 30 2 36 31 24 ]
[ 13 64 7 36 26 2 47 3 19 8 41 42 32 6 6 26 14 4 27 14 80 11 24 51 22 ]
[ 0 30 7 4 27 0 41 21 82 50 16 54 36 15 50 59 0 1 34 6 8 53 0 7 30 ]
[ 70 68 4 8 21 0 22 37 59 17 4 18 51 17 15 6 99 9 39 9 3 20 27 3 7 ]
[ 16 9 40 77 8 23 2 7 48 19 27 19 1 2 27 3 6 39 33 39 21 75 47 11 35 ]
[ 25 32 40 21 71 88 15 28 15 2 15 12 11 4 11 9 39 85 5 9 35 16 14 28 4 ]
[ 23 9 55 39 0 1 3 55 74 19 18 15 44 24 35 1 9 26 6 49 7 14 12 11 86 ]
[ 9 12 3 6 24 11 23 55 52 15 24 5 35 5 13 43 20 40 40 11 57 1 88 37 6 ]

