Timer (generate): 303ms real	270ms user	20ms sys
[ 59 74 66 92 58 16 11 57 25 96 ]
[ 99 87 9 94 55 44 9 96 27 92 ]
[ 58 9 25 71 21 97 24 34 6 87 ]
[ 20 17 61 38 62 71 6 73 28 32 ]
[ 70 79 71 31 73 27 27 34 23 54 ]
[ 26 34 16 3 5 89 0 81 24 59 ]
[ 20 96 76 81 35 90 4 41 64 32 ]
[ 25 86 11 97 69 36 24 97 70 47 ]
[ 51 97 33 19 0 38 9 53 71 85 ]
[ 64 91 81 92 24 16 83 28 10 47 ]
[ 12 35 33 75 32 2 63 56 99 34 ]
[ 56 3 83 89 74 83 80 83 88 3 ]
[ 68 52 47 2 45 71 70 28 52 80 ]
[ 27 16 16 60 44 0 14 7 57 66 ]
[ 93 65 21 76 54 95 12 86 79 0 ]
[ 90 99 53 37 53 50 60 24 78 64 ]
[ 56 5 33 24 17 77 25 83 36 34 ]
[ 49 82 99 22 58 5 18 22 92 49 ]
[ 23 82 0 28 71 54 78 31 30 8 ]
[ 48 86 65 81 11 34 10 88 17 46 ]

Running merge sort algorithm: 
Timer (sort): 491ms real	480ms user	10ms sys
The output is sorted!
[ 12 40 6 7 4 12 0 2 4 2 ]
[ 0 15 8 12 6 16 7 1 5 21 ]
[ 5 18 0 2 6 33 9 2 32 6 ]
[ 2 31 9 8 39 3 9 7 4 2 ]
[ 11 15 3 6 6 7 21 12 0 35 ]
[ 5 0 1 16 0 13 43 7 13 19 ]
[ 4 6 10 18 7 13 4 23 9 24 ]
[ 10 12 25 5 31 3 16 7 10 0 ]
[ 19 12 43 2 12 1 5 24 3 0 ]
[ 4 14 4 32 19 12 1 1 32 5 ]
[ 38 16 14 2 16 14 9 0 2 13 ]
[ 11 12 16 3 25 9 32 14 0 3 ]
[ 17 16 12 29 5 6 1 18 13 8 ]
[ 5 2 5 2 1 4 28 7 47 24 ]
[ 34 23 5 12 4 13 3 0 14 19 ]
[ 4 1 42 47 6 1 20 6 3 0 ]
[ 11 11 7 5 7 42 12 14 17 5 ]
[ 26 8 19 0 1 24 29 14 1 10 ]
[ 3 5 55 30 11 10 2 8 7 2 ]
[ 36 15 0 7 10 20 7 10 19 10 ]

Timer (generate): 320ms real	290ms user	30ms sys
[ 38 56 30 91 88 52 40 67 77 58 ]
[ 7 69 43 11 90 23 76 17 26 85 ]
[ 30 57 38 38 55 27 37 17 91 1 ]
[ 91 81 10 73 73 50 78 65 18 7 ]
[ 76 77 76 19 88 18 42 65 35 20 ]
[ 2 17 77 40 55 32 19 92 49 10 ]
[ 46 92 92 56 18 17 6 96 34 76 ]
[ 3 10 53 79 82 42 97 76 59 84 ]
[ 97 61 1 74 53 9 7 72 1 56 ]
[ 34 47 1 78 55 19 95 14 15 30 ]
[ 90 18 92 44 49 74 38 98 51 49 ]
[ 82 0 10 35 74 63 44 33 87 98 ]
[ 42 21 97 43 0 53 62 47 19 29 ]
[ 29 9 47 22 5 48 48 95 46 51 ]
[ 44 80 51 54 15 26 69 12 59 8 ]
[ 10 1 30 59 96 82 64 58 81 83 ]
[ 39 11 45 38 85 50 86 85 98 32 ]
[ 37 42 12 40 49 80 66 18 92 78 ]
[ 27 54 31 9 13 28 43 78 38 24 ]
[ 13 30 87 58 68 24 61 55 10 59 ]

Running merge sort algorithm: 
Timer (sort): 424ms real	420ms user	0ms sys
The output is sorted!
[ 5 5 5 16 43 9 1 9 6 4 ]
[ 21 3 1 3 11 26 5 11 12 16 ]
[ 9 15 5 13 4 38 33 1 0 3 ]
[ 7 0 1 7 38 8 19 14 23 4 ]
[ 26 7 23 8 4 8 2 4 13 28 ]
[ 12 6 20 13 4 17 21 14 3 15 ]
[ 39 24 0 12 13 0 20 12 0 7 ]
[ 26 17 17 8 25 4 10 15 4 2 ]
[ 23 6 6 25 11 9 15 19 6 8 ]
[ 2 6 22 7 8 24 15 24 20 3 ]
[ 9 41 0 4 21 16 5 1 24 10 ]
[ 14 22 9 10 5 22 12 25 2 11 ]
[ 3 8 3 39 5 2 7 30 35 1 ]
[ 7 6 31 6 11 26 0 6 35 5 ]
[ 4 6 0 14 12 17 49 1 15 15 ]
[ 13 10 1 12 16 21 9 17 1 35 ]
[ 23 0 16 7 39 2 15 10 13 10 ]
[ 1 1 11 34 13 34 2 27 3 9 ]
[ 2 35 22 0 16 20 2 8 26 6 ]
[ 10 30 5 14 2 4 1 30 32 9 ]

Timer (generate): 300ms real	270ms user	30ms sys
[ 47 67 11 80 71 51 81 37 62 40 ]
[ 31 45 13 15 0 90 32 29 44 11 ]
[ 61 52 27 22 82 98 54 9 63 13 ]
[ 58 63 80 70 43 52 73 76 41 36 ]
[ 68 73 81 81 40 33 24 73 63 68 ]
[ 36 24 73 63 46 55 14 0 16 29 ]
[ 65 75 92 46 97 88 50 70 64 91 ]
[ 58 85 16 92 18 57 25 94 30 88 ]
[ 15 66 64 88 82 63 95 96 15 12 ]
[ 77 81 39 70 79 88 58 81 10 74 ]
[ 72 69 59 89 61 78 46 86 72 28 ]
[ 27 87 46 43 27 28 6 75 76 74 ]
[ 39 6 7 30 76 86 18 86 67 80 ]
[ 12 91 49 72 80 62 2 78 1 26 ]
[ 58 80 66 5 23 45 85 30 20 14 ]
[ 4 11 20 11 41 48 49 11 34 68 ]
[ 92 46 59 93 70 92 8 72 22 61 ]
[ 51 81 41 17 86 64 62 23 94 35 ]
[ 37 50 46 57 13 40 5 14 51 91 ]
[ 34 95 38 46 41 60 38 1 33 12 ]

Running merge sort algorithm: 
Timer (sort): 456ms real	450ms user	0ms sys
The output is sorted!
[ 2 21 11 0 17 1 8 2 29 0 ]
[ 9 20 2 6 2 26 20 1 3 3 ]
[ 34 4 16 7 14 18 5 8 4 4 ]
[ 4 4 5 10 6 33 2 14 0 38 ]
[ 27 11 1 7 1 8 8 9 39 9 ]
[ 3 23 43 13 0 2 0 10 6 21 ]
[ 21 8 9 10 3 32 33 2 2 3 ]
[ 2 3 24 13 8 10 8 9 17 29 ]
[ 19 12 0 1 41 7 13 28 0 6 ]
[ 0 1 14 7 0 20 26 2 43 15 ]
[ 1 8 6 23 22 0 10 9 23 26 ]
[ 30 2 3 18 5 5 7 1 26 32 ]
[ 18 12 16 2 25 25 1 4 15 11 ]
[ 7 10 14 7 46 3 2 8 24 9 ]
[ 2 47 1 4 28 4 1 9 25 9 ]
[ 9 0 3 7 19 9 22 31 26 5 ]
[ 56 6 18 7 4 0 21 1 10 8 ]
[ 9 18 3 18 6 17 5 10 40 7 ]
[ 49 2 0 27 23 2 0 25 2 3 ]
[ 2 4 28 5 31 11 6 0 12 35 ]

Timer (generate): 257ms real	200ms user	40ms sys
[ 24 31 34 52 65 87 88 94 11 3 ]
[ 23 39 62 91 89 75 16 0 56 53 ]
[ 86 15 24 72 96 60 81 86 8 24 ]
[ 81 32 8 16 36 25 55 24 19 19 ]
[ 27 95 10 90 86 99 65 54 51 73 ]
[ 7 37 40 83 62 36 95 43 74 3 ]
[ 20 56 87 80 24 23 5 79 0 24 ]
[ 98 79 71 8 69 57 59 86 12 10 ]
[ 11 71 0 52 7 62 40 2 57 15 ]
[ 58 29 23 45 9 47 21 14 78 21 ]
[ 91 77 0 62 37 22 72 49 60 84 ]
[ 59 72 7 59 76 66 73 16 69 31 ]
[ 83 79 60 6 24 70 53 97 36 84 ]
[ 18 79 61 71 94 50 45 66 99 5 ]
[ 2 11 29 9 22 5 76 96 74 97 ]
[ 27 57 76 39 64 52 61 69 50 50 ]
[ 53 20 29 66 91 23 17 36 89 68 ]
[ 94 43 79 75 53 2 81 81 50 7 ]
[ 30 29 64 58 68 80 10 30 50 60 ]
[ 80 55 81 61 22 24 85 91 13 26 ]

Running merge sort algorithm: 
Timer (sort): 428ms real	410ms user	20ms sys
The output is sorted!
[ 0 4 7 23 11 2 4 4 20 10 ]
[ 12 11 14 14 6 24 18 0 0 2 ]
[ 9 24 0 3 11 2 16 7 16 14 ]
[ 26 1 11 11 18 1 0 4 21 11 ]
[ 0 36 10 6 3 27 9 4 3 8 ]
[ 31 8 0 10 2 28 20 2 7 0 ]
[ 13 3 37 8 10 3 9 11 4 12 ]
[ 13 11 8 5 48 0 11 10 2 7 ]
[ 3 13 21 36 7 0 9 9 15 3 ]
[ 0 17 12 3 0 10 13 58 4 1 ]
[ 2 31 2 28 6 19 16 2 10 3 ]
[ 17 34 3 12 21 24 5 0 3 2 ]
[ 32 20 18 3 18 7 0 18 2 3 ]
[ 10 3 17 27 5 3 11 9 14 24 ]
[ 0 18 25 13 7 7 12 0 21 21 ]
[ 5 20 4 24 21 16 2 12 16 5 ]
[ 7 12 1 28 1 14 22 5 6 29 ]
[ 7 2 3 45 4 8 35 3 21 0 ]
[ 2 25 9 2 6 1 24 25 0 36 ]
[ 9 32 0 16 0 19 22 16 18 0 ]

Timer (generate): 260ms real	220ms user	40ms sys
[ 52 34 36 59 1 41 31 85 61 82 ]
[ 29 18 81 80 22 5 90 66 49 2 ]
[ 47 3 6 18 3 35 10 98 10 46 ]
[ 3 62 81 39 21 82 80 4 67 94 ]
[ 86 48 64 19 28 86 24 18 53 26 ]
[ 73 52 29 79 71 32 66 33 82 76 ]
[ 80 85 90 61 24 11 95 57 67 14 ]
[ 51 53 62 67 72 91 53 97 61 58 ]
[ 75 86 11 56 66 34 88 32 67 23 ]
[ 61 99 8 51 60 33 15 7 42 82 ]
[ 21 45 36 84 12 60 27 65 9 40 ]
[ 24 84 27 87 40 45 21 81 29 40 ]
[ 4 90 40 64 94 52 97 9 60 91 ]
[ 43 33 36 31 69 48 92 96 66 1 ]
[ 37 42 86 16 29 78 61 2 11 90 ]
[ 94 15 81 34 80 27 39 29 88 51 ]
[ 73 31 84 9 15 54 58 7 2 76 ]
[ 60 91 18 98 7 99 77 68 1 88 ]
[ 59 47 56 92 34 88 19 73 69 7 ]
[ 24 42 90 60 52 5 66 62 12 21 ]

Running merge sort algorithm: 
Timer (sort): 427ms real	420ms user	0ms sys
The output is sorted!
[ 2 15 7 3 12 11 5 0 26 8 ]
[ 4 28 7 4 2 11 13 7 9 4 ]
[ 2 9 2 13 15 4 8 3 20 17 ]
[ 9 8 16 19 2 10 0 14 7 15 ]
[ 1 2 8 3 1 12 8 32 4 32 ]
[ 10 18 8 31 30 0 7 1 3 0 ]
[ 7 13 17 37 3 23 5 0 1 2 ]
[ 2 6 0 17 29 25 16 5 3 10 ]
[ 31 42 11 2 8 8 2 2 0 9 ]
[ 1 26 4 18 12 11 25 11 1 9 ]
[ 9 1 6 13 2 38 6 6 15 23 ]
[ 3 9 17 35 7 2 26 5 15 0 ]
[ 28 16 5 16 33 7 7 0 5 4 ]
[ 1 10 11 3 7 28 17 8 6 38 ]
[ 13 1 5 24 17 15 11 5 32 7 ]
[ 25 5 15 17 14 22 2 28 0 3 ]
[ 1 49 1 19 6 13 1 5 12 24 ]
[ 23 25 0 6 13 6 2 26 29 1 ]
[ 26 0 1 22 3 2 6 9 44 18 ]
[ 23 0 6 19 28 10 10 34 2 1 ]

Timer (generate): 285ms real	270ms user	10ms sys
[ 58 21 86 34 36 63 39 58 85 51 ]
[ 84 24 54 27 48 33 67 79 28 18 ]
[ 8 93 88 76 30 59 92 68 80 22 ]
[ 31 91 95 17 25 84 33 65 42 70 ]
[ 68 26 46 22 5 95 7 25 74 35 ]
[ 43 83 28 31 11 10 90 3 79 23 ]
[ 77 62 66 73 32 91 57 65 8 51 ]
[ 35 77 29 82 51 35 29 59 60 55 ]
[ 94 55 90 75 87 1 85 29 56 16 ]
[ 4 34 79 70 59 11 14 68 28 22 ]
[ 19 15 51 48 49 3 35 78 14 47 ]
[ 86 60 3 76 35 42 30 73 71 38 ]
[ 89 28 24 20 98 83 83 12 51 11 ]
[ 35 22 27 38 23 76 41 58 7 7 ]
[ 58 93 68 61 21 55 55 3 28 78 ]
[ 94 70 6 18 42 5 54 26 69 57 ]
[ 37 56 80 16 95 55 93 88 13 52 ]
[ 96 71 97 64 84 70 19 39 74 0 ]
[ 18 68 22 76 38 64 81 44 90 3 ]
[ 2 28 59 34 44 54 89 89 43 54 ]

Running merge sort algorithm: 
Timer (sort): 438ms real	440ms user	0ms sys
The output is sorted!
[ 20 3 21 24 3 15 4 2 10 1 ]
[ 14 0 21 9 12 4 43 3 0 3 ]
[ 17 4 1 4 1 17 1 27 28 13 ]
[ 26 21 2 14 14 14 7 4 9 3 ]
[ 5 33 17 13 0 34 0 0 2 14 ]
[ 20 8 3 4 16 10 3 9 24 21 ]
[ 9 25 2 7 1 1 6 6 40 22 ]
[ 0 14 5 35 0 3 2 34 28 3 ]
[ 1 8 0 11 22 0 49 8 1 26 ]
[ 8 17 16 9 2 5 42 7 2 18 ]
[ 0 45 9 10 12 11 5 4 30 2 ]
[ 18 7 7 9 21 10 20 1 16 20 ]
[ 44 28 3 9 7 2 12 7 0 17 ]
[ 18 1 4 2 11 36 10 4 39 5 ]
[ 22 28 37 2 8 5 1 20 5 2 ]
[ 1 1 27 12 0 5 44 12 11 18 ]
[ 4 43 21 10 1 6 6 0 1 42 ]
[ 33 15 0 25 11 18 13 11 0 8 ]
[ 0 1 4 29 13 17 21 20 27 2 ]
[ 33 9 6 19 4 2 5 32 12 13 ]

Timer (generate): 280ms real	270ms user	10ms sys
[ 53 73 18 27 29 23 93 93 41 89 ]
[ 60 22 9 24 86 15 68 2 6 12 ]
[ 71 1 95 8 42 44 42 4 84 21 ]
[ 6 38 46 77 17 76 52 62 69 93 ]
[ 51 81 67 61 57 53 28 26 8 34 ]
[ 90 31 88 86 92 30 82 34 87 67 ]
[ 56 93 5 2 22 74 78 74 36 99 ]
[ 67 87 81 34 0 38 40 80 16 0 ]
[ 15 7 31 55 45 23 85 79 10 24 ]
[ 46 66 70 3 20 92 77 51 67 65 ]
[ 50 86 5 83 73 5 74 13 38 90 ]
[ 13 5 49 96 60 46 72 97 26 82 ]
[ 22 72 48 92 76 20 84 5 71 3 ]
[ 71 74 42 76 57 15 33 31 28 71 ]
[ 22 93 76 23 41 88 70 13 86 96 ]
[ 95 8 20 95 52 48 16 88 6 39 ]
[ 92 77 13 86 5 71 1 90 2 81 ]
[ 62 76 74 90 52 67 79 22 81 17 ]
[ 70 76 25 42 72 77 91 40 65 97 ]
[ 79 9 26 93 47 83 64 48 73 18 ]

Running merge sort algorithm: 
Timer (sort): 437ms real	410ms user	10ms sys
The output is sorted!
[ 7 5 15 11 15 22 16 1 3 0 ]
[ 6 2 4 9 4 19 0 14 2 41 ]
[ 6 22 4 18 6 6 27 4 11 0 ]
[ 42 27 3 5 9 11 10 1 1 3 ]
[ 27 12 29 0 2 1 8 5 6 26 ]
[ 33 10 25 16 11 2 2 15 0 2 ]
[ 23 9 25 1 6 21 5 2 17 9 ]
[ 14 12 3 9 49 6 2 8 9 10 ]
[ 26 0 14 21 13 0 29 8 1 11 ]
[ 7 30 1 6 1 16 12 36 4 12 ]
[ 0 7 35 11 14 29 4 1 2 23 ]
[ 6 11 8 10 9 7 25 9 30 12 ]
[ 20 11 4 31 25 14 4 3 0 16 ]
[ 5 23 4 10 6 10 6 58 7 1 ]
[ 1 8 11 12 21 0 18 8 23 29 ]
[ 4 35 4 3 0 17 9 7 43 10 ]
[ 14 3 4 1 6 22 23 18 42 1 ]
[ 0 2 24 13 11 40 22 4 12 7 ]
[ 18 22 15 8 0 20 11 4 30 10 ]
[ 1 19 15 0 15 29 2 8 2 47 ]

Timer (generate): 262ms real	220ms user	40ms sys
[ 56 74 84 75 1 11 16 81 27 98 ]
[ 23 3 35 39 11 60 98 96 28 22 ]
[ 63 67 89 20 96 96 60 23 37 55 ]
[ 42 94 82 78 69 83 42 37 16 21 ]
[ 36 39 25 71 79 88 84 29 84 12 ]
[ 51 99 79 92 19 27 89 31 2 26 ]
[ 87 96 72 69 74 41 4 68 79 20 ]
[ 90 67 12 67 90 43 55 26 72 39 ]
[ 90 24 90 69 68 62 48 9 93 50 ]
[ 36 80 46 8 1 73 2 5 93 33 ]
[ 78 35 52 90 2 42 33 57 69 57 ]
[ 48 11 33 39 81 2 1 81 11 46 ]
[ 84 99 27 82 60 80 55 62 86 1 ]
[ 95 16 36 99 58 39 41 91 48 62 ]
[ 0 97 74 34 88 7 36 41 40 47 ]
[ 87 24 99 66 7 59 47 14 21 85 ]
[ 15 68 1 4 67 59 95 60 2 43 ]
[ 75 2 92 49 36 80 8 24 73 48 ]
[ 24 13 25 23 79 84 82 78 98 55 ]
[ 63 66 75 16 70 42 27 65 54 29 ]

Running merge sort algorithm: 
Timer (sort): 440ms real	440ms user	0ms sys
The output is sorted!
[ 6 7 4 21 7 2 13 10 3 7 ]
[ 50 1 14 8 6 5 1 3 2 11 ]
[ 5 1 2 2 2 0 29 15 44 4 ]
[ 11 4 39 2 13 4 21 7 6 0 ]
[ 7 27 2 11 8 12 1 7 5 31 ]
[ 2 1 12 1 9 19 12 2 40 14 ]
[ 12 14 16 9 6 24 1 11 5 21 ]
[ 10 3 31 1 10 3 3 12 40 7 ]
[ 2 3 2 6 30 2 1 22 3 50 ]
[ 8 2 10 4 1 49 3 17 3 28 ]
[ 19 14 17 15 2 21 9 3 19 7 ]
[ 4 8 36 1 10 26 6 9 16 11 ]
[ 17 18 6 15 32 15 9 13 1 3 ]
[ 53 13 14 8 0 33 4 4 0 1 ]
[ 35 8 0 28 5 1 19 25 2 8 ]
[ 6 7 5 18 5 27 2 5 6 50 ]
[ 5 4 43 1 18 2 3 37 16 3 ]
[ 17 15 10 27 2 6 7 19 18 11 ]
[ 2 12 23 47 9 5 3 30 0 2 ]
[ 11 0 17 12 2 52 15 17 6 3 ]

Timer (generate): 272ms real	260ms user	0ms sys
[ 42 38 8 1 13 14 52 68 75 76 ]
[ 71 0 65 83 10 32 59 42 35 89 ]
[ 72 53 35 37 23 49 30 68 56 48 ]
[ 40 50 86 49 51 99 63 56 20 91 ]
[ 84 91 43 49 74 53 33 86 47 21 ]
[ 27 71 74 14 8 97 64 38 17 72 ]
[ 87 9 23 25 10 26 25 74 34 97 ]
[ 17 18 88 12 20 14 65 53 52 65 ]
[ 26 31 36 0 46 45 49 62 83 18 ]
[ 86 22 28 9 48 38 88 25 64 22 ]
[ 22 33 93 10 45 13 76 63 18 29 ]
[ 28 45 12 64 97 58 61 47 20 45 ]
[ 65 59 67 45 68 67 36 8 92 0 ]
[ 31 14 86 24 76 31 89 53 94 7 ]
[ 34 74 52 46 91 50 57 52 49 29 ]
[ 97 66 88 17 64 57 84 0 17 77 ]
[ 52 0 43 38 76 20 70 65 73 16 ]
[ 25 59 91 29 57 34 31 14 86 80 ]
[ 44 36 99 32 53 63 41 89 63 59 ]
[ 18 15 59 62 6 88 82 28 53 7 ]

Running merge sort algorithm: 
Timer (sort): 412ms real	410ms user	0ms sys
The output is sorted!
[ 20 4 14 23 4 11 11 10 4 3 ]
[ 6 21 4 1 24 22 4 4 19 8 ]
[ 2 16 10 21 0 3 8 24 21 10 ]
[ 15 18 9 5 6 5 4 13 35 6 ]
[ 35 11 15 12 2 11 4 1 4 22 ]
[ 0 24 8 15 1 9 15 2 9 34 ]
[ 4 19 5 22 23 5 8 16 16 1 ]
[ 26 39 25 2 8 4 5 1 1 10 ]
[ 3 0 16 20 13 13 25 16 4 12 ]
[ 2 10 15 11 8 28 25 1 0 22 ]
[ 4 1 22 8 25 6 38 9 5 5 ]
[ 11 4 5 11 17 0 3 36 36 1 ]
[ 11 3 3 0 14 31 21 18 24 2 ]
[ 21 2 25 12 9 7 12 18 8 14 ]
[ 1 0 4 3 8 15 24 20 21 33 ]
[ 15 4 8 50 2 10 12 8 4 17 ]
[ 8 52 0 14 5 18 11 1 3 19 ]
[ 1 41 37 10 15 22 1 0 3 1 ]
[ 24 7 32 15 16 5 4 8 13 7 ]
[ 13 15 18 4 8 1 47 0 2 24 ]

Timer (generate): 246ms real	220ms user	10ms sys
[ 46 45 0 13 34 66 68 85 93 55 ]
[ 16 16 1 40 24 82 94 65 0 2 ]
[ 37 33 36 99 81 62 40 83 36 29 ]
[ 78 82 74 78 96 8 97 16 45 90 ]
[ 23 61 58 25 53 82 59 47 99 12 ]
[ 50 36 45 38 87 79 0 28 14 36 ]
[ 57 44 71 83 75 19 43 72 87 88 ]
[ 14 10 1 72 87 54 54 47 1 54 ]
[ 11 3 90 56 42 78 87 94 6 53 ]
[ 31 15 98 54 98 73 25 93 45 12 ]
[ 33 11 22 34 83 10 88 37 9 41 ]
[ 91 20 97 34 76 91 12 16 85 70 ]
[ 69 68 85 19 22 35 92 47 80 89 ]
[ 59 13 0 34 99 83 44 39 73 53 ]
[ 80 16 73 29 50 1 20 14 69 6 ]
[ 84 91 74 21 10 97 8 3 96 88 ]
[ 44 8 53 45 42 52 28 38 91 1 ]
[ 43 24 18 68 53 20 21 74 35 91 ]
[ 80 19 34 6 93 44 3 1 99 52 ]
[ 90 44 12 95 89 6 48 69 44 39 ]

Running merge sort algorithm: 
Timer (sort): 403ms real	410ms user	10ms sys
The output is sorted!
[ 3 0 2 12 2 2 62 0 4 7 ]
[ 19 2 1 2 38 1 4 8 29 8 ]
[ 4 4 27 16 14 22 0 3 19 5 ]
[ 15 17 14 2 14 23 15 5 10 1 ]
[ 28 3 5 1 28 3 0 38 7 4 ]
[ 19 14 33 1 5 4 6 9 16 14 ]
[ 8 19 5 8 46 5 3 6 1 21 ]
[ 8 32 7 6 0 0 20 12 11 26 ]
[ 10 29 10 0 2 25 3 7 32 6 ]
[ 0 7 23 3 26 0 2 17 3 45 ]
[ 23 5 2 39 2 30 4 16 0 6 ]
[ 3 3 5 78 3 3 4 12 13 6 ]
[ 3 1 14 13 8 10 3 15 40 23 ]
[ 2 10 14 54 3 1 0 42 4 1 ]
[ 36 14 21 1 5 31 1 13 0 10 ]
[ 50 4 2 8 24 16 17 4 7 0 ]
[ 3 14 4 14 6 3 15 6 15 53 ]
[ 15 1 11 3 37 12 5 27 4 18 ]
[ 12 11 7 8 3 6 60 14 7 5 ]
[ 3 0 47 0 0 0 8 0 22 55 ]

