Timer (generate): 7ms real	10ms user	0ms sys
[ 75 99 31 93 67 1 82 53 51 59 ]
[ 59 10 87 37 35 46 98 67 26 44 ]
[ 97 48 30 9 19 4 21 15 79 67 ]
[ 95 6 66 79 99 85 32 34 39 83 ]
[ 45 98 94 32 87 81 78 85 48 4 ]
[ 82 45 5 12 7 76 69 28 91 0 ]
[ 47 86 6 66 17 57 51 49 91 90 ]
[ 33 36 40 79 21 79 60 51 65 60 ]
[ 8 99 6 65 11 65 41 32 93 32 ]
[ 32 41 70 90 7 88 48 10 37 39 ]
[ 53 22 28 93 1 1 73 61 52 90 ]
[ 22 12 89 80 77 52 45 18 37 90 ]
[ 2 21 83 73 12 42 13 60 5 50 ]
[ 51 58 73 79 3 26 32 28 88 85 ]
[ 70 62 97 11 94 27 64 91 45 53 ]
[ 33 0 74 69 25 86 11 38 98 16 ]
[ 88 50 26 13 81 30 40 14 10 80 ]
[ 99 81 94 48 92 88 75 8 31 73 ]
[ 61 16 25 88 85 50 74 97 88 73 ]
[ 65 28 75 92 42 56 74 82 70 84 ]

Running merge sort algorithm: 
Timer (sort): 8ms real	10ms user	0ms sys
The output is sorted!
[ 17 4 45 1 13 6 12 14 22 14 ]
[ 27 5 9 34 10 7 1 57 5 15 ]
[ 43 4 3 7 32 6 19 52 3 3 ]
[ 11 17 42 3 0 65 23 2 2 8 ]
[ 19 5 6 8 36 44 11 17 15 17 ]
[ 13 1 31 55 0 25 17 5 22 10 ]
[ 8 2 5 5 15 33 13 58 18 27 ]
[ 10 18 28 35 23 5 17 22 8 24 ]
[ 24 20 10 43 18 20 5 14 36 0 ]
[ 9 20 6 23 1 70 9 26 8 19 ]
[ 3 6 73 6 24 6 18 6 26 24 ]
[ 46 8 21 49 0 2 6 30 19 12 ]
[ 6 20 20 52 20 21 16 12 8 19 ]
[ 62 22 13 3 1 40 12 26 14 3 ]
[ 3 21 16 26 11 36 5 13 18 50 ]
[ 11 48 3 17 15 49 6 41 2 7 ]
[ 48 50 2 31 10 5 4 27 1 21 ]
[ 72 51 8 2 9 3 24 11 13 7 ]
[ 34 3 11 29 28 10 8 5 64 10 ]
[ 26 20 9 34 8 2 22 16 29 37 ]

Timer (generate): 7ms real	0ms user	0ms sys
[ 90 57 21 72 73 30 46 48 19 38 ]
[ 68 57 32 1 10 25 50 72 79 61 ]
[ 35 63 93 38 63 68 83 96 52 35 ]
[ 77 42 45 51 66 18 81 13 18 52 ]
[ 51 38 9 35 92 71 60 42 96 91 ]
[ 4 31 54 49 21 70 18 57 18 22 ]
[ 44 48 64 89 51 30 60 84 95 30 ]
[ 36 46 21 97 33 13 68 93 7 64 ]
[ 84 63 47 91 13 21 13 83 78 83 ]
[ 5 22 31 21 64 34 3 76 18 99 ]
[ 6 6 45 79 3 79 92 24 24 52 ]
[ 40 9 15 40 52 28 61 65 63 91 ]
[ 48 20 65 32 41 29 66 45 57 37 ]
[ 44 16 43 41 95 47 72 40 23 49 ]
[ 92 63 58 7 3 62 88 16 27 3 ]
[ 7 75 24 25 59 65 54 26 62 12 ]
[ 63 6 80 6 0 75 5 24 15 28 ]
[ 73 7 44 83 67 99 45 7 68 72 ]
[ 10 27 0 34 52 59 0 59 37 62 ]
[ 23 52 21 3 59 73 78 16 49 94 ]

Running merge sort algorithm: 
Timer (sort): 9ms real	0ms user	0ms sys
The output is sorted!
[ 13 1 3 33 19 27 32 12 0 5 ]
[ 16 62 23 14 0 27 3 11 4 0 ]
[ 8 27 18 28 1 4 0 10 57 8 ]
[ 5 8 18 25 24 11 2 9 7 65 ]
[ 10 1 33 28 17 4 17 24 14 28 ]
[ 1 15 77 7 7 6 1 5 11 49 ]
[ 17 14 9 26 8 18 26 8 21 34 ]
[ 1 33 5 6 6 50 19 24 5 33 ]
[ 33 19 4 2 33 17 18 28 21 7 ]
[ 28 5 2 0 13 12 5 96 2 19 ]
[ 1 10 20 5 33 6 40 2 31 39 ]
[ 13 36 61 4 6 2 32 8 27 0 ]
[ 7 26 37 36 20 4 3 4 37 16 ]
[ 1 19 28 27 6 18 68 9 6 9 ]
[ 31 19 20 20 30 8 13 25 21 7 ]
[ 32 24 9 40 17 5 22 16 25 4 ]
[ 10 18 3 5 22 6 40 5 73 12 ]
[ 3 23 2 50 18 20 10 43 25 2 ]
[ 14 15 17 27 17 10 20 16 55 6 ]
[ 6 6 29 2 21 34 19 10 64 7 ]

Timer (generate): 8ms real	0ms user	0ms sys
[ 93 71 26 53 78 19 67 84 66 13 ]
[ 54 78 24 60 16 47 77 33 54 10 ]
[ 0 96 89 11 96 10 29 67 87 27 ]
[ 6 33 51 84 38 29 3 5 65 22 ]
[ 71 71 0 95 31 16 95 60 1 1 ]
[ 71 2 97 60 13 93 71 42 12 10 ]
[ 21 18 43 72 54 81 54 10 39 71 ]
[ 32 10 43 32 57 26 48 4 87 50 ]
[ 5 58 4 2 18 17 47 41 11 59 ]
[ 52 84 29 95 57 84 29 63 94 20 ]
[ 34 26 82 77 58 39 4 58 44 43 ]
[ 60 1 1 16 4 71 33 3 13 96 ]
[ 63 65 81 44 12 90 80 93 5 74 ]
[ 13 39 52 95 69 62 87 25 73 31 ]
[ 68 85 32 21 2 88 92 87 92 57 ]
[ 36 7 74 69 3 87 11 84 80 16 ]
[ 10 46 7 15 41 76 77 28 53 2 ]
[ 11 73 40 96 94 42 36 39 81 28 ]
[ 96 17 87 71 86 91 10 49 27 42 ]
[ 65 37 88 73 4 82 1 34 10 7 ]

Running merge sort algorithm: 
Timer (sort): 10ms real	10ms user	0ms sys
The output is sorted!
[ 5 24 6 3 62 16 8 12 8 0 ]
[ 10 10 34 32 2 7 0 17 41 11 ]
[ 8 4 44 0 21 13 31 7 28 17 ]
[ 19 19 18 14 8 23 21 1 48 4 ]
[ 1 8 0 13 14 21 12 13 17 78 ]
[ 6 4 10 45 51 13 0 4 18 29 ]
[ 88 0 0 11 10 30 24 2 13 5 ]
[ 2 9 31 63 15 7 54 0 1 3 ]
[ 3 26 9 22 25 5 32 17 13 33 ]
[ 47 16 4 18 13 61 14 4 10 0 ]
[ 32 26 10 17 0 1 29 22 41 11 ]
[ 26 12 47 3 4 2 70 17 4 4 ]
[ 44 11 0 29 14 0 3 59 15 15 ]
[ 17 3 4 10 57 53 0 10 10 26 ]
[ 47 14 6 0 8 10 26 16 2 62 ]
[ 16 10 17 41 15 5 14 37 4 36 ]
[ 21 11 6 8 20 0 25 30 35 40 ]
[ 9 8 2 2 17 53 13 83 1 9 ]
[ 12 17 27 17 35 4 24 12 9 41 ]
[ 6 18 17 14 54 8 27 10 21 24 ]

Timer (generate): 7ms real	0ms user	0ms sys
[ 16 84 41 41 29 47 4 38 59 60 ]
[ 75 52 73 38 54 36 99 2 18 58 ]
[ 33 48 33 31 62 10 10 41 75 46 ]
[ 18 43 83 11 84 64 11 40 54 22 ]
[ 53 29 75 26 19 29 62 70 32 32 ]
[ 28 17 80 13 48 94 24 11 36 51 ]
[ 9 54 94 92 17 31 9 28 71 63 ]
[ 51 24 45 26 50 64 55 12 35 39 ]
[ 96 15 57 29 81 57 23 57 68 59 ]
[ 8 78 65 2 22 83 85 31 11 57 ]
[ 95 62 81 40 40 84 56 96 48 43 ]
[ 87 45 11 44 74 92 2 49 49 22 ]
[ 9 9 0 26 11 23 61 49 6 73 ]
[ 6 53 87 39 45 80 75 2 28 24 ]
[ 97 15 69 60 60 95 52 14 44 53 ]
[ 36 5 62 89 84 26 64 45 75 70 ]
[ 70 33 24 10 24 69 90 0 23 18 ]
[ 24 73 33 45 33 45 40 38 59 36 ]
[ 43 48 94 6 37 78 84 1 75 59 ]
[ 71 46 44 47 56 68 69 98 68 44 ]

Running merge sort algorithm: 
Timer (sort): 8ms real	0ms user	0ms sys
The output is sorted!
[ 0 31 0 62 4 2 10 0 10 5 ]
[ 38 2 2 48 7 4 3 6 15 32 ]
[ 39 0 2 2 13 1 21 13 11 68 ]
[ 29 43 5 1 16 10 42 27 4 3 ]
[ 48 3 8 33 10 3 37 22 18 5 ]
[ 28 23 25 14 52 24 5 4 8 5 ]
[ 35 0 39 12 18 13 4 0 35 32 ]
[ 9 10 56 17 35 6 0 41 6 9 ]
[ 7 26 17 16 27 47 5 5 1 39 ]
[ 8 57 1 6 6 1 26 31 25 32 ]
[ 16 26 3 65 3 20 0 3 34 23 ]
[ 17 1 16 0 7 13 29 56 46 9 ]
[ 76 14 3 7 8 6 14 11 19 40 ]
[ 1 11 15 10 62 1 8 10 76 5 ]
[ 6 19 92 10 6 0 4 45 7 11 ]
[ 22 17 0 25 36 35 15 12 38 1 ]
[ 48 22 5 15 15 13 21 4 42 17 ]
[ 31 88 31 11 0 12 10 2 5 13 ]
[ 6 24 19 24 5 12 56 2 10 46 ]
[ 20 50 40 16 13 19 8 24 2 15 ]

Timer (generate): 9ms real	10ms user	0ms sys
[ 28 76 37 61 60 6 9 60 10 53 ]
[ 64 15 80 82 36 99 65 7 93 13 ]
[ 91 41 13 55 21 83 87 69 38 52 ]
[ 87 66 80 25 79 41 83 41 1 45 ]
[ 46 65 61 78 47 97 77 13 56 22 ]
[ 78 0 63 92 7 37 27 94 6 66 ]
[ 99 45 84 79 22 16 72 58 9 25 ]
[ 3 55 90 64 33 90 14 63 55 22 ]
[ 37 33 74 1 77 81 38 5 28 96 ]
[ 23 79 41 7 10 16 75 83 74 84 ]
[ 8 29 91 51 46 77 93 60 40 0 ]
[ 34 77 33 61 30 11 94 20 68 22 ]
[ 16 91 53 10 98 64 26 26 47 52 ]
[ 10 7 81 2 10 27 79 3 39 71 ]
[ 3 26 0 89 87 83 52 81 3 20 ]
[ 56 72 11 9 82 61 73 60 87 72 ]
[ 12 50 32 93 4 42 73 35 98 12 ]
[ 58 53 38 58 94 25 41 46 59 97 ]
[ 18 15 69 81 24 51 95 50 63 34 ]
[ 22 75 84 54 20 40 49 93 75 99 ]

Running merge sort algorithm: 
Timer (sort): 8ms real	10ms user	0ms sys
The output is sorted!
[ 1 2 4 25 21 32 39 6 36 0 ]
[ 7 7 14 5 57 7 24 19 8 22 ]
[ 13 9 34 27 6 43 8 8 8 16 ]
[ 4 56 14 6 1 19 18 10 35 12 ]
[ 17 12 19 14 14 0 27 30 34 10 ]
[ 3 45 35 4 27 4 6 25 30 1 ]
[ 1 10 42 19 27 0 11 44 18 9 ]
[ 1 21 40 29 19 4 9 33 13 13 ]
[ 79 28 58 2 3 6 6 5 1 2 ]
[ 1 14 16 27 35 14 5 36 45 0 ]
[ 14 39 17 1 8 33 34 25 17 6 ]
[ 1 6 1 17 17 49 41 19 6 41 ]
[ 33 10 6 16 37 7 15 21 12 44 ]
[ 14 3 30 2 38 29 35 7 26 18 ]
[ 6 2 13 4 96 16 9 18 32 6 ]
[ 7 29 25 3 8 63 20 11 16 21 ]
[ 1 28 9 8 18 35 26 11 14 53 ]
[ 24 15 33 47 4 24 7 37 9 4 ]
[ 81 0 13 29 16 28 5 7 11 15 ]
[ 7 8 26 17 5 9 57 4 39 33 ]

Timer (generate): 10ms real	10ms user	0ms sys
[ 47 2 12 43 18 25 73 42 97 77 ]
[ 36 52 6 55 34 34 36 70 69 32 ]
[ 50 40 32 74 19 71 20 48 40 15 ]
[ 44 39 70 56 82 88 33 55 83 30 ]
[ 84 19 82 42 27 69 77 63 91 98 ]
[ 47 42 90 80 16 9 3 88 10 43 ]
[ 4 54 82 74 62 16 14 95 23 97 ]
[ 25 60 69 59 2 96 80 31 11 72 ]
[ 29 59 14 20 91 82 81 94 22 91 ]
[ 90 26 45 24 52 7 41 19 54 16 ]
[ 68 31 76 37 91 79 85 23 62 49 ]
[ 95 44 8 61 64 51 95 97 97 18 ]
[ 89 87 96 86 64 1 46 5 20 0 ]
[ 73 40 32 50 78 75 81 15 50 43 ]
[ 64 46 39 24 59 3 75 55 53 73 ]
[ 25 42 12 21 28 76 22 74 33 94 ]
[ 27 59 35 59 9 65 86 42 80 36 ]
[ 37 45 34 77 69 46 32 97 53 85 ]
[ 22 78 27 86 99 8 63 74 34 48 ]
[ 20 61 7 7 72 68 24 10 10 57 ]

Running merge sort algorithm: 
Timer (sort): 9ms real	10ms user	0ms sys
The output is sorted!
[ 22 6 19 4 1 57 10 49 6 3 ]
[ 1 35 19 18 3 10 7 2 21 62 ]
[ 23 2 8 31 38 14 29 6 20 11 ]
[ 3 20 36 4 22 5 3 71 17 5 ]
[ 45 46 5 2 31 15 33 1 9 5 ]
[ 19 28 11 19 13 0 42 12 9 39 ]
[ 8 2 27 9 10 32 29 54 18 5 ]
[ 8 9 79 30 34 5 1 16 12 0 ]
[ 28 18 25 7 13 5 30 6 56 7 ]
[ 61 23 4 25 19 27 21 10 2 3 ]
[ 18 15 11 12 17 37 30 15 24 16 ]
[ 23 25 29 37 13 25 13 20 2 9 ]
[ 33 7 32 29 4 57 5 5 19 6 ]
[ 50 14 4 10 3 74 18 10 17 3 ]
[ 20 0 7 55 10 21 23 35 1 32 ]
[ 30 28 6 23 46 5 24 6 34 3 ]
[ 8 2 10 41 38 41 7 1 27 31 ]
[ 1 28 9 33 2 10 56 20 36 11 ]
[ 5 15 0 16 18 12 64 56 6 16 ]
[ 43 3 3 10 21 44 5 11 1 67 ]

Timer (generate): 6ms real	0ms user	0ms sys
[ 27 60 15 47 92 76 43 68 20 7 ]
[ 41 47 5 2 34 90 60 13 70 14 ]
[ 10 71 13 68 88 26 31 69 85 55 ]
[ 54 64 67 21 11 11 49 54 79 70 ]
[ 13 72 69 70 26 3 61 86 68 83 ]
[ 0 79 6 65 99 94 43 82 16 29 ]
[ 89 22 45 56 43 57 67 93 63 98 ]
[ 15 77 71 84 47 97 39 60 84 7 ]
[ 44 36 38 50 54 90 97 97 72 13 ]
[ 78 14 35 24 70 78 33 90 23 96 ]
[ 88 38 73 11 74 21 9 13 33 45 ]
[ 73 77 33 11 80 87 1 77 37 26 ]
[ 42 15 40 77 91 62 7 24 4 83 ]
[ 21 93 21 94 56 48 67 17 13 1 ]
[ 14 86 30 48 50 10 87 3 39 24 ]
[ 29 81 92 21 10 83 84 70 8 88 ]
[ 53 29 33 26 75 42 74 95 59 88 ]
[ 48 74 74 78 74 24 41 61 28 32 ]
[ 86 9 66 78 31 28 61 67 98 21 ]
[ 7 51 2 93 78 78 87 4 25 46 ]

Running merge sort algorithm: 
Timer (sort): 9ms real	10ms user	0ms sys
The output is sorted!
[ 14 0 41 5 25 17 3 9 5 11 ]
[ 27 9 4 1 3 11 23 17 45 2 ]
[ 7 29 1 21 31 12 1 26 6 9 ]
[ 7 42 29 12 13 5 1 4 9 25 ]
[ 2 17 18 12 1 29 34 1 16 27 ]
[ 24 2 27 14 11 52 3 6 1 19 ]
[ 21 0 26 66 21 0 15 2 5 13 ]
[ 9 23 10 40 25 2 9 39 1 12 ]
[ 4 1 13 26 49 26 11 8 32 4 ]
[ 19 17 36 2 21 12 22 16 10 26 ]
[ 24 18 19 31 9 3 48 24 3 4 ]
[ 11 3 19 3 11 7 82 15 6 28 ]
[ 11 11 7 57 37 7 25 12 16 4 ]
[ 33 7 17 22 2 15 6 0 78 7 ]
[ 14 2 19 13 39 28 32 12 28 6 ]
[ 20 12 57 48 0 3 29 16 6 5 ]
[ 1 10 16 17 22 9 48 44 30 1 ]
[ 20 1 8 24 40 12 51 22 4 18 ]
[ 12 40 5 13 38 25 3 10 21 34 ]
[ 0 21 43 24 4 7 68 20 9 6 ]

Timer (generate): 9ms real	10ms user	0ms sys
[ 22 95 62 48 57 29 29 19 44 48 ]
[ 43 28 26 99 44 18 90 3 44 4 ]
[ 57 25 77 79 9 30 82 43 83 52 ]
[ 45 57 48 60 58 57 89 87 28 85 ]
[ 35 72 65 13 71 61 31 13 64 27 ]
[ 69 73 52 99 4 61 29 86 56 64 ]
[ 39 54 74 39 14 32 48 3 19 77 ]
[ 40 7 1 5 72 24 66 56 37 82 ]
[ 83 59 8 88 58 12 1 39 51 58 ]
[ 4 90 12 78 81 78 62 29 81 33 ]
[ 6 73 40 59 78 65 83 96 21 73 ]
[ 30 4 32 38 92 42 3 94 81 54 ]
[ 4 85 44 68 15 77 46 77 6 79 ]
[ 11 65 52 3 24 82 68 8 30 89 ]
[ 33 60 46 65 51 38 59 54 84 40 ]
[ 8 40 78 4 8 93 81 54 23 39 ]
[ 33 86 4 37 89 81 71 10 41 1 ]
[ 51 74 14 97 91 65 88 50 71 24 ]
[ 90 79 65 68 35 73 14 68 80 37 ]
[ 7 65 23 64 3 64 45 74 26 86 ]

Running merge sort algorithm: 
Timer (sort): 9ms real	0ms user	0ms sys
The output is sorted!
[ 8 42 12 22 34 4 3 0 14 4 ]
[ 38 9 25 12 1 9 4 19 10 16 ]
[ 11 5 41 40 19 5 0 8 10 21 ]
[ 29 12 27 10 23 0 18 21 31 5 ]
[ 6 20 20 0 51 34 16 17 5 11 ]
[ 18 28 26 33 12 12 8 20 17 9 ]
[ 17 2 55 19 5 16 16 15 17 21 ]
[ 8 29 1 5 26 39 25 32 12 7 ]
[ 32 31 2 3 4 3 54 7 50 3 ]
[ 15 47 3 24 48 5 23 8 6 10 ]
[ 24 1 1 26 11 74 17 9 17 9 ]
[ 54 9 2 11 14 27 26 31 11 5 ]
[ 42 29 14 0 3 2 10 60 15 15 ]
[ 14 15 24 13 87 6 6 1 21 4 ]
[ 11 1 9 28 4 6 31 38 2 62 ]
[ 40 20 7 63 2 10 3 23 27 0 ]
[ 6 37 36 17 1 44 4 21 13 17 ]
[ 2 19 50 7 30 14 0 2 31 42 ]
[ 13 20 53 26 10 0 5 5 6 59 ]
[ 27 5 0 19 25 23 5 0 32 62 ]

Timer (generate): 6ms real	0ms user	0ms sys
[ 32 47 83 33 74 4 15 32 51 1 ]
[ 95 99 90 70 41 42 29 41 12 67 ]
[ 56 56 56 58 94 91 4 8 94 41 ]
[ 77 26 41 60 11 15 16 26 47 19 ]
[ 27 95 18 69 65 11 64 46 52 28 ]
[ 13 60 84 21 18 79 13 23 39 59 ]
[ 16 68 85 57 28 48 73 96 26 72 ]
[ 15 53 19 85 74 36 96 38 82 0 ]
[ 19 47 60 3 69 78 34 34 53 73 ]
[ 93 70 41 30 79 21 78 4 69 4 ]
[ 77 36 9 48 21 83 85 17 74 19 ]
[ 17 93 67 77 48 88 8 83 22 13 ]
[ 8 67 83 2 97 63 23 27 67 45 ]
[ 31 96 81 92 97 3 27 82 72 53 ]
[ 53 42 98 20 71 47 60 79 30 82 ]
[ 45 38 1 28 92 98 43 16 77 63 ]
[ 13 60 11 94 52 8 49 80 42 22 ]
[ 85 96 64 84 16 87 31 29 19 13 ]
[ 63 64 3 65 44 96 15 88 64 93 ]
[ 3 77 53 14 23 58 23 73 90 65 ]

Running merge sort algorithm: 
Timer (sort): 9ms real	0ms user	0ms sys
The output is sorted!
[ 35 9 2 30 11 0 2 31 16 2 ]
[ 37 22 0 3 2 2 10 2 36 33 ]
[ 10 3 16 41 0 17 17 19 23 22 ]
[ 8 7 21 4 40 44 7 1 3 37 ]
[ 22 6 24 9 15 2 4 37 42 22 ]
[ 6 4 29 27 8 21 23 15 23 27 ]
[ 44 25 8 4 4 37 0 8 32 22 ]
[ 8 3 33 26 6 28 13 13 12 45 ]
[ 0 15 7 51 1 12 38 24 33 7 ]
[ 3 16 40 3 11 10 3 7 39 61 ]
[ 10 18 17 5 5 32 38 14 37 19 ]
[ 52 57 30 4 4 0 4 12 32 1 ]
[ 30 18 9 21 7 22 1 65 3 20 ]
[ 10 32 64 20 17 0 14 2 19 18 ]
[ 45 5 23 37 29 15 19 3 2 20 ]
[ 10 17 4 77 21 18 32 10 11 0 ]
[ 30 5 22 9 56 48 7 8 10 8 ]
[ 18 5 1 28 34 46 17 51 1 3 ]
[ 12 13 9 22 12 6 27 24 40 41 ]
[ 35 10 27 18 19 15 11 22 42 8 ]

Timer (generate): 9ms real	10ms user	0ms sys
[ 5 9 54 71 33 39 20 9 11 28 ]
[ 99 81 93 14 68 73 81 54 79 71 ]
[ 82 5 15 53 63 92 29 85 61 23 ]
[ 40 66 32 95 90 65 86 10 27 98 ]
[ 90 78 79 84 92 47 9 73 53 40 ]
[ 97 87 45 64 92 60 8 21 46 21 ]
[ 44 86 87 29 33 29 46 20 91 73 ]
[ 18 34 51 49 70 43 48 79 69 1 ]
[ 71 66 40 69 82 32 29 90 53 27 ]
[ 11 49 66 50 30 51 32 77 71 23 ]
[ 50 41 9 54 90 79 49 38 10 18 ]
[ 91 82 36 31 3 70 15 32 12 20 ]
[ 12 23 22 30 26 52 81 10 29 53 ]
[ 85 32 94 95 86 37 74 87 75 85 ]
[ 6 19 19 94 2 22 65 18 6 77 ]
[ 90 18 53 12 0 31 65 82 93 94 ]
[ 87 78 78 33 73 64 70 0 52 98 ]
[ 85 10 17 56 56 19 30 73 89 36 ]
[ 3 80 7 8 92 7 91 9 41 84 ]
[ 56 28 62 34 62 88 99 32 88 3 ]

Running merge sort algorithm: 
Timer (sort): 10ms real	10ms user	0ms sys
The output is sorted!
[ 11 31 7 2 8 10 4 1 1 16 ]
[ 1 40 1 19 21 4 11 24 5 15 ]
[ 2 4 1 64 29 5 0 32 2 10 ]
[ 3 22 26 24 18 14 4 7 44 0 ]
[ 29 9 13 3 39 11 4 44 1 11 ]
[ 9 83 4 7 6 9 1 37 5 7 ]
[ 14 14 6 22 70 4 11 18 17 0 ]
[ 12 7 7 27 3 21 17 46 18 18 ]
[ 8 15 7 17 36 16 17 20 4 42 ]
[ 8 17 7 50 40 8 5 2 34 11 ]
[ 25 11 3 53 55 0 13 1 8 16 ]
[ 39 10 14 24 28 5 2 39 9 17 ]
[ 62 21 51 3 13 9 4 19 4 1 ]
[ 54 13 2 7 28 7 15 42 1 20 ]
[ 9 25 29 13 28 36 1 1 9 39 ]
[ 44 15 44 0 3 7 32 32 5 8 ]
[ 7 2 26 9 73 5 6 16 9 42 ]
[ 32 9 2 7 32 34 4 44 10 23 ]
[ 74 7 17 21 2 32 14 3 23 5 ]
[ 3 20 32 50 4 8 14 26 6 37 ]

