Timer (generate): 78ms real	70ms user	0ms sys
[ 4 23 27 56 38 81 33 35 26 26 ]
[ 54 6 67 95 71 37 89 16 38 90 ]
[ 24 68 58 11 78 74 78 29 99 82 ]
[ 61 3 57 89 59 48 22 45 83 48 ]
[ 71 90 7 38 37 78 76 26 46 66 ]
[ 68 70 34 26 34 12 53 12 93 52 ]
[ 46 55 8 56 96 67 4 18 64 39 ]
[ 18 35 81 25 26 19 56 2 97 2 ]
[ 68 66 25 55 44 59 19 49 71 13 ]
[ 54 17 68 62 73 64 81 29 34 46 ]
[ 69 4 81 2 82 7 21 38 61 71 ]
[ 40 82 89 65 89 85 76 8 35 47 ]
[ 73 89 17 41 3 42 57 84 72 43 ]
[ 82 93 48 16 47 30 75 21 20 37 ]
[ 92 12 71 81 78 60 66 6 20 53 ]
[ 54 94 94 23 87 97 65 45 34 89 ]
[ 40 16 34 88 84 82 70 60 3 42 ]
[ 49 95 55 20 76 33 32 94 91 4 ]
[ 0 45 50 94 68 38 44 86 35 30 ]
[ 75 75 98 10 16 83 92 38 43 95 ]

Running merge sort algorithm: 
Timer (sort): 96ms real	100ms user	0ms sys
The output is sorted!
[ 24 1 9 1 1 9 5 43 5 7 ]
[ 10 27 20 0 13 1 8 2 32 6 ]
[ 5 9 10 11 35 4 41 4 1 5 ]
[ 2 4 51 1 9 48 1 0 14 0 ]
[ 7 9 0 9 36 15 17 31 5 3 ]
[ 20 20 13 7 24 16 1 31 0 1 ]
[ 14 16 31 2 8 28 17 0 7 11 ]
[ 59 5 5 8 14 6 6 0 4 28 ]
[ 1 11 19 38 16 4 4 20 7 20 ]
[ 23 0 17 32 3 7 20 9 27 7 ]
[ 28 2 25 3 35 3 11 0 5 35 ]
[ 0 2 17 21 4 26 6 1 63 9 ]
[ 3 9 5 5 76 14 5 28 1 3 ]
[ 10 11 28 14 4 16 8 5 22 32 ]
[ 52 0 13 14 13 17 16 17 5 3 ]
[ 0 28 11 7 2 4 21 0 57 25 ]
[ 10 45 7 27 17 12 2 0 10 29 ]
[ 18 2 29 15 37 1 4 35 10 9 ]
[ 9 9 5 1 23 17 21 38 30 8 ]
[ 16 3 17 0 14 52 5 11 3 40 ]

Timer (generate): 87ms real	80ms user	0ms sys
[ 30 33 28 9 37 90 19 67 86 33 ]
[ 80 51 35 68 91 32 25 68 2 27 ]
[ 91 33 94 78 3 82 81 12 14 27 ]
[ 41 44 60 22 5 49 12 25 17 50 ]
[ 10 97 53 97 65 44 30 42 12 32 ]
[ 21 55 17 67 86 72 49 67 36 63 ]
[ 47 30 60 59 52 65 9 16 42 26 ]
[ 66 52 75 19 50 92 15 32 34 80 ]
[ 16 55 87 86 23 73 58 72 93 95 ]
[ 88 40 77 0 99 29 17 8 45 60 ]
[ 86 63 64 61 34 66 5 1 50 39 ]
[ 81 67 47 69 53 22 94 63 46 87 ]
[ 10 34 27 87 86 79 68 4 87 65 ]
[ 16 26 28 80 39 14 99 45 16 49 ]
[ 36 49 16 35 18 21 57 65 37 4 ]
[ 52 47 90 32 87 77 11 55 81 50 ]
[ 21 49 76 1 29 68 68 28 13 84 ]
[ 78 1 33 46 37 4 20 94 21 57 ]
[ 50 73 56 41 5 43 70 68 51 3 ]
[ 71 24 52 47 25 81 67 93 62 80 ]

Running merge sort algorithm: 
Timer (sort): 99ms real	100ms user	0ms sys
The output is sorted!
[ 0 11 6 10 8 22 29 3 3 37 ]
[ 19 0 8 19 1 36 8 5 4 36 ]
[ 50 0 2 13 23 2 16 27 1 5 ]
[ 5 21 36 11 2 40 9 2 15 2 ]
[ 4 0 36 19 12 30 10 4 5 25 ]
[ 11 38 2 25 2 5 8 8 4 42 ]
[ 21 35 15 9 7 5 8 30 1 15 ]
[ 7 1 7 6 10 19 10 30 39 17 ]
[ 6 7 2 34 5 15 8 14 7 50 ]
[ 11 8 37 7 9 12 3 31 15 16 ]
[ 33 8 0 9 11 51 2 11 16 9 ]
[ 38 15 12 9 2 34 12 6 14 8 ]
[ 5 15 11 4 14 10 16 72 2 4 ]
[ 0 76 16 12 2 27 5 1 1 14 ]
[ 4 1 0 14 53 0 4 62 17 1 ]
[ 10 8 6 16 29 13 10 39 13 12 ]
[ 5 3 6 14 7 24 80 11 4 2 ]
[ 8 20 3 10 14 38 10 28 4 22 ]
[ 10 5 28 59 2 3 2 1 28 20 ]
[ 2 44 1 48 27 10 6 16 0 5 ]

Timer (generate): 76ms real	70ms user	0ms sys
[ 7 67 24 42 63 49 86 26 14 49 ]
[ 12 79 71 1 20 25 32 9 71 84 ]
[ 26 27 73 77 60 35 54 35 64 89 ]
[ 44 23 8 20 65 71 69 52 49 84 ]
[ 1 61 15 25 62 87 2 46 97 25 ]
[ 30 75 53 55 52 13 90 58 1 6 ]
[ 99 97 30 7 17 95 78 87 99 79 ]
[ 23 53 92 38 78 54 25 32 52 74 ]
[ 9 82 49 62 38 53 28 80 63 81 ]
[ 87 62 78 69 69 95 64 99 34 64 ]
[ 78 57 17 22 95 47 76 73 31 80 ]
[ 99 92 63 1 55 53 54 35 85 18 ]
[ 68 24 80 46 93 2 93 10 1 80 ]
[ 26 32 37 95 54 85 94 83 10 25 ]
[ 63 9 69 78 10 76 31 17 11 17 ]
[ 87 79 41 19 77 87 21 23 97 75 ]
[ 3 23 7 92 18 13 77 12 96 87 ]
[ 89 12 49 58 90 11 35 22 28 98 ]
[ 91 15 30 84 87 59 71 60 82 20 ]
[ 35 37 43 94 30 13 8 7 77 56 ]

Running merge sort algorithm: 
Timer (sort): 85ms real	90ms user	0ms sys
The output is sorted!
[ 23 15 1 12 2 11 34 13 5 6 ]
[ 6 10 30 10 18 9 5 12 15 15 ]
[ 4 13 45 2 17 0 12 21 11 8 ]
[ 11 7 14 10 18 0 47 18 0 10 ]
[ 2 1 49 5 2 7 18 17 32 6 ]
[ 0 4 11 12 10 2 6 35 34 26 ]
[ 3 0 11 10 6 12 35 41 8 16 ]
[ 9 22 21 18 3 16 4 38 5 7 ]
[ 22 11 7 8 2 2 30 10 38 15 ]
[ 47 5 6 65 0 6 8 5 1 2 ]
[ 70 0 30 28 10 1 3 4 0 0 ]
[ 18 33 6 13 17 5 33 2 3 17 ]
[ 7 6 10 26 4 44 35 9 3 6 ]
[ 14 41 22 20 0 6 3 23 7 14 ]
[ 17 1 0 9 34 12 10 18 34 16 ]
[ 47 5 19 36 18 7 3 17 0 0 ]
[ 13 24 13 28 1 5 0 15 35 19 ]
[ 28 25 17 8 2 12 29 14 10 8 ]
[ 7 4 15 13 16 47 37 7 10 0 ]
[ 20 26 2 18 9 13 19 6 33 11 ]

Timer (generate): 70ms real	70ms user	0ms sys
[ 77 15 22 98 16 85 58 17 21 44 ]
[ 4 97 74 87 24 95 13 5 33 28 ]
[ 3 16 25 60 48 46 24 16 0 76 ]
[ 9 77 91 31 27 60 16 85 29 38 ]
[ 29 33 87 55 72 11 50 86 68 36 ]
[ 14 24 52 39 36 52 37 60 20 37 ]
[ 36 30 66 80 13 94 40 82 79 69 ]
[ 72 61 54 59 16 27 23 19 65 43 ]
[ 55 31 19 59 23 55 64 12 16 36 ]
[ 2 4 66 68 84 32 62 76 14 94 ]
[ 97 86 55 4 97 23 83 20 94 48 ]
[ 16 1 31 35 13 54 91 77 67 59 ]
[ 13 69 63 32 89 0 64 52 28 30 ]
[ 98 78 16 53 82 13 28 65 86 75 ]
[ 65 54 76 96 89 89 3 32 18 22 ]
[ 43 84 43 7 68 32 59 32 84 87 ]
[ 14 34 17 30 39 99 95 68 64 33 ]
[ 95 81 87 71 78 29 13 81 61 31 ]
[ 3 5 67 46 64 35 78 75 19 15 ]
[ 14 33 49 32 15 89 31 11 9 48 ]

Running merge sort algorithm: 
Timer (sort): 88ms real	80ms user	0ms sys
The output is sorted!
[ 1 10 3 2 11 9 11 5 5 8 ]
[ 0 9 5 26 15 1 1 29 21 1 ]
[ 26 10 6 2 42 3 6 3 11 5 ]
[ 10 29 3 16 7 23 10 3 18 0 ]
[ 20 10 16 7 36 2 3 3 1 22 ]
[ 0 1 4 24 12 26 10 10 18 16 ]
[ 29 20 12 0 6 19 7 9 18 12 ]
[ 2 1 7 11 17 29 17 1 10 40 ]
[ 6 36 5 14 18 1 26 3 8 21 ]
[ 14 19 4 36 0 0 13 17 21 18 ]
[ 3 5 58 4 6 12 4 8 34 10 ]
[ 34 1 39 2 1 16 1 26 14 11 ]
[ 4 44 4 14 5 12 10 1 46 6 ]
[ 37 25 5 23 16 6 19 9 0 7 ]
[ 44 9 2 22 27 0 21 2 2 19 ]
[ 6 17 3 26 32 5 24 35 1 0 ]
[ 6 27 0 21 7 15 20 36 11 8 ]
[ 2 7 29 11 22 48 20 3 9 2 ]
[ 8 36 8 12 1 11 53 1 16 8 ]
[ 5 0 11 9 31 13 2 34 28 24 ]

Timer (generate): 66ms real	50ms user	10ms sys
[ 2 82 72 64 74 27 29 53 23 3 ]
[ 9 50 44 3 18 12 73 51 78 68 ]
[ 42 2 51 74 35 37 59 78 19 29 ]
[ 26 21 63 98 37 38 78 67 91 1 ]
[ 22 52 3 66 8 21 31 81 24 9 ]
[ 49 66 63 53 41 50 90 52 81 61 ]
[ 33 7 34 97 58 72 35 88 39 78 ]
[ 89 13 83 92 80 91 65 11 24 89 ]
[ 72 74 55 87 79 48 37 69 52 18 ]
[ 82 86 78 16 83 88 88 70 76 79 ]
[ 0 65 93 83 9 73 26 26 36 51 ]
[ 15 60 77 22 47 56 23 36 77 75 ]
[ 7 59 13 85 75 48 73 16 18 49 ]
[ 95 71 66 88 6 27 13 33 53 1 ]
[ 36 20 61 65 94 60 21 17 49 50 ]
[ 45 56 61 58 41 36 7 66 4 77 ]
[ 67 0 0 33 88 7 12 54 92 17 ]
[ 55 80 37 69 45 31 81 18 1 30 ]
[ 68 46 86 29 56 27 17 15 45 22 ]
[ 93 12 74 93 97 14 52 9 68 44 ]

Running merge sort algorithm: 
Timer (sort): 100ms real	100ms user	0ms sys
The output is sorted!
[ 18 1 6 8 9 0 25 11 7 33 ]
[ 5 2 7 22 36 27 1 3 6 17 ]
[ 21 6 10 5 13 6 7 0 15 45 ]
[ 20 7 2 6 9 22 4 42 4 16 ]
[ 1 2 38 9 45 3 14 2 16 6 ]
[ 12 7 8 2 2 26 5 37 16 22 ]
[ 17 0 13 10 0 10 2 80 11 0 ]
[ 2 0 53 36 8 12 0 8 21 5 ]
[ 12 12 3 66 2 16 3 1 31 0 ]
[ 30 11 4 7 24 7 10 22 7 25 ]
[ 10 8 5 5 18 5 26 6 52 14 ]
[ 21 16 0 1 0 9 11 35 23 35 ]
[ 21 12 8 9 46 0 24 11 9 11 ]
[ 1 25 36 30 10 9 5 7 8 20 ]
[ 9 3 10 18 1 4 55 15 19 18 ]
[ 8 11 7 10 25 12 20 46 6 7 ]
[ 9 5 23 8 18 9 15 42 16 8 ]
[ 0 3 2 25 5 8 18 50 12 31 ]
[ 18 28 1 21 27 2 43 13 2 0 ]
[ 22 3 21 10 6 33 5 1 9 47 ]

Timer (generate): 82ms real	80ms user	0ms sys
[ 28 16 2 31 72 33 30 12 94 62 ]
[ 6 96 24 80 78 23 55 38 12 19 ]
[ 5 98 59 47 68 7 70 36 19 99 ]
[ 6 0 67 60 83 40 93 65 52 87 ]
[ 28 11 35 52 43 13 27 98 3 39 ]
[ 69 8 89 28 7 10 36 30 98 7 ]
[ 29 56 59 97 16 43 89 62 60 93 ]
[ 1 40 56 37 93 0 2 72 50 6 ]
[ 64 20 66 53 0 26 15 88 56 14 ]
[ 96 37 22 7 86 39 2 75 53 63 ]
[ 21 54 3 77 43 48 29 46 73 80 ]
[ 4 37 0 22 42 52 48 58 41 56 ]
[ 24 89 94 46 96 32 37 51 60 90 ]
[ 66 81 97 21 10 40 70 40 86 43 ]
[ 20 42 32 72 65 74 76 65 84 69 ]
[ 74 60 58 68 59 7 52 96 10 12 ]
[ 39 76 45 36 97 56 28 67 48 15 ]
[ 62 20 9 94 92 26 21 20 92 5 ]
[ 90 66 66 0 86 25 7 38 73 17 ]
[ 3 64 93 48 52 43 4 81 62 52 ]

Running merge sort algorithm: 
Timer (sort): 98ms real	100ms user	0ms sys
The output is sorted!
[ 8 8 2 40 0 19 33 0 0 11 ]
[ 0 28 10 3 33 9 4 0 6 37 ]
[ 2 31 17 4 4 8 29 4 18 20 ]
[ 4 6 10 6 3 42 15 10 33 13 ]
[ 17 13 7 15 10 32 0 4 43 3 ]
[ 9 0 0 2 18 38 17 15 16 34 ]
[ 16 8 10 18 21 37 26 3 6 4 ]
[ 8 39 16 14 33 9 1 8 19 3 ]
[ 7 6 20 5 5 6 0 41 30 31 ]
[ 38 2 11 7 24 10 1 2 26 31 ]
[ 8 4 56 20 6 1 20 0 29 9 ]
[ 15 17 18 9 19 9 18 15 19 15 ]
[ 8 7 18 10 1 25 3 26 28 28 ]
[ 4 17 75 5 15 10 6 13 0 9 ]
[ 6 13 7 17 23 20 58 4 3 4 ]
[ 9 0 6 42 39 5 10 5 34 5 ]
[ 35 5 0 0 9 10 30 21 40 6 ]
[ 23 34 4 9 1 8 27 44 6 0 ]
[ 42 2 24 43 1 1 7 3 29 4 ]
[ 0 2 26 3 4 15 23 4 65 15 ]

Timer (generate): 81ms real	60ms user	20ms sys
[ 74 61 71 42 35 54 62 24 62 23 ]
[ 84 25 43 38 41 8 71 71 33 68 ]
[ 12 59 29 3 76 56 59 49 45 18 ]
[ 60 19 31 31 13 67 86 27 43 0 ]
[ 50 27 25 45 65 18 5 88 41 38 ]
[ 56 53 50 37 8 26 45 68 27 90 ]
[ 38 87 62 69 71 75 88 9 3 31 ]
[ 61 5 59 38 51 76 8 8 65 49 ]
[ 47 73 54 49 63 63 27 8 31 54 ]
[ 99 69 94 61 90 17 88 79 78 91 ]
[ 10 39 49 21 77 0 50 37 60 15 ]
[ 86 7 40 40 8 3 55 87 12 86 ]
[ 94 63 7 88 76 98 57 64 29 35 ]
[ 8 91 74 57 13 3 9 15 40 69 ]
[ 30 78 29 22 70 89 26 26 77 90 ]
[ 12 71 53 20 11 81 70 68 45 99 ]
[ 3 53 90 29 10 55 32 71 70 24 ]
[ 41 52 2 70 75 72 59 1 98 88 ]
[ 43 63 59 48 35 22 29 57 90 74 ]
[ 56 93 80 98 22 42 54 6 14 24 ]

Running merge sort algorithm: 
Timer (sort): 97ms real	80ms user	10ms sys
The output is sorted!
[ 6 7 15 55 5 9 0 7 8 6 ]
[ 0 11 8 14 6 19 20 8 21 11 ]
[ 10 13 5 24 0 0 31 8 5 28 ]
[ 22 14 14 7 19 5 22 11 2 9 ]
[ 20 11 24 16 10 12 7 2 10 20 ]
[ 11 23 1 2 37 40 7 6 1 7 ]
[ 37 6 13 8 0 21 23 11 7 11 ]
[ 32 24 7 6 20 3 12 8 27 6 ]
[ 19 10 28 19 13 5 12 2 11 27 ]
[ 27 34 16 6 22 8 1 27 1 6 ]
[ 22 16 5 5 18 4 1 29 19 29 ]
[ 2 10 22 13 4 10 54 3 3 28 ]
[ 15 13 27 11 7 1 60 0 16 0 ]
[ 8 14 50 34 5 2 9 5 11 16 ]
[ 44 35 7 8 9 2 6 15 14 14 ]
[ 5 7 34 8 12 7 11 13 21 37 ]
[ 3 45 16 40 11 4 9 2 25 1 ]
[ 15 44 6 29 25 4 4 15 7 8 ]
[ 0 1 9 38 23 2 33 3 7 43 ]
[ 12 0 14 4 2 33 10 32 46 7 ]

Timer (generate): 77ms real	70ms user	0ms sys
[ 86 98 36 89 77 43 92 65 96 29 ]
[ 8 10 84 7 93 48 72 36 69 63 ]
[ 53 42 72 39 33 90 89 8 9 90 ]
[ 72 96 41 8 85 70 51 77 35 47 ]
[ 58 95 9 95 3 55 43 75 91 13 ]
[ 90 96 7 14 35 93 5 77 1 66 ]
[ 19 25 62 60 33 99 30 36 28 17 ]
[ 36 87 13 45 82 68 0 25 43 43 ]
[ 90 85 39 50 99 27 95 56 56 48 ]
[ 75 75 73 37 36 6 37 18 94 17 ]
[ 36 30 4 1 28 86 69 80 64 12 ]
[ 24 6 49 15 8 0 94 3 9 50 ]
[ 51 84 26 24 21 62 82 10 80 29 ]
[ 28 68 59 84 69 39 23 38 20 39 ]
[ 2 44 45 51 11 6 4 6 9 13 ]
[ 56 61 97 82 37 70 96 72 33 77 ]
[ 1 61 45 12 97 67 52 20 5 72 ]
[ 59 8 68 57 11 79 15 67 85 24 ]
[ 80 42 37 29 76 27 0 73 99 33 ]
[ 2 52 46 47 64 95 66 16 16 72 ]

Running merge sort algorithm: 
Timer (sort): 100ms real	90ms user	0ms sys
The output is sorted!
[ 5 22 16 5 22 14 2 11 2 13 ]
[ 48 9 25 1 2 1 3 5 5 16 ]
[ 13 32 5 27 4 14 5 19 0 13 ]
[ 14 0 43 6 20 22 14 2 14 5 ]
[ 12 29 4 53 1 10 13 2 2 15 ]
[ 4 34 12 9 6 5 8 11 19 35 ]
[ 11 25 6 3 1 12 8 30 32 20 ]
[ 6 24 6 17 9 6 22 9 38 12 ]
[ 20 21 3 11 36 1 7 5 36 9 ]
[ 41 11 4 24 3 2 22 19 4 21 ]
[ 10 12 15 29 21 23 39 1 0 1 ]
[ 19 6 22 20 8 25 17 11 2 22 ]
[ 17 0 24 51 10 6 33 1 2 9 ]
[ 1 27 4 21 23 0 5 7 49 17 ]
[ 6 20 42 25 12 9 16 6 10 10 ]
[ 29 4 0 8 31 50 7 7 16 6 ]
[ 8 67 35 16 10 1 10 2 8 3 ]
[ 9 42 1 8 34 28 7 12 20 0 ]
[ 5 89 2 31 17 3 5 3 3 3 ]
[ 32 1 61 7 36 0 4 17 0 5 ]

Timer (generate): 71ms real	70ms user	0ms sys
[ 40 48 47 75 24 44 43 6 35 47 ]
[ 89 78 14 13 18 32 60 40 91 46 ]
[ 51 9 74 35 64 67 46 37 97 38 ]
[ 52 89 38 99 64 62 95 59 68 30 ]
[ 7 9 9 73 23 79 57 83 19 0 ]
[ 81 22 9 55 58 26 74 56 15 72 ]
[ 95 67 13 85 19 78 48 66 37 68 ]
[ 97 96 78 58 70 53 89 79 36 60 ]
[ 80 18 82 41 25 92 67 0 1 34 ]
[ 24 48 2 37 33 73 67 81 39 57 ]
[ 2 88 53 32 98 75 85 39 55 73 ]
[ 99 35 91 82 76 69 74 96 69 75 ]
[ 30 45 23 84 34 9 9 2 42 1 ]
[ 59 44 89 64 76 40 40 13 79 95 ]
[ 87 79 82 30 13 10 99 39 6 20 ]
[ 15 89 65 90 25 52 51 35 54 94 ]
[ 36 65 38 77 29 67 69 21 32 49 ]
[ 16 19 80 50 2 93 61 1 32 19 ]
[ 22 99 60 39 42 86 91 93 73 97 ]
[ 87 9 14 78 38 96 97 8 17 29 ]

Running merge sort algorithm: 
Timer (sort): 99ms real	100ms user	0ms sys
The output is sorted!
[ 2 17 2 6 4 10 11 28 15 1 ]
[ 19 16 11 12 20 5 6 2 1 22 ]
[ 3 27 19 2 4 2 35 0 7 23 ]
[ 8 0 14 39 36 0 6 4 23 4 ]
[ 27 5 0 1 27 11 27 6 8 27 ]
[ 45 0 2 0 12 26 3 38 13 4 ]
[ 22 1 6 20 2 34 20 3 2 35 ]
[ 2 23 14 28 23 0 4 26 16 9 ]
[ 33 17 0 33 1 6 3 32 6 21 ]
[ 3 2 12 22 24 3 25 7 0 56 ]
[ 28 0 4 43 7 41 9 0 13 9 ]
[ 11 3 43 17 17 13 16 9 5 20 ]
[ 16 8 13 15 6 11 20 7 5 53 ]
[ 12 5 23 26 0 29 12 18 21 10 ]
[ 0 32 5 0 22 2 19 51 23 2 ]
[ 18 12 14 12 8 4 21 28 24 16 ]
[ 5 37 7 4 24 38 3 0 1 43 ]
[ 9 48 11 2 11 28 11 30 2 10 ]
[ 19 0 10 20 12 6 13 20 9 53 ]
[ 37 11 4 10 9 3 1 49 3 36 ]

Timer (generate): 68ms real	60ms user	10ms sys
[ 84 30 64 93 24 50 85 48 96 44 ]
[ 44 37 44 69 51 97 58 45 64 37 ]
[ 49 67 8 46 98 74 31 67 27 53 ]
[ 6 11 35 71 4 60 73 89 60 69 ]
[ 86 56 58 82 25 9 79 35 54 44 ]
[ 25 55 63 33 2 13 60 33 80 87 ]
[ 38 39 98 73 62 2 85 87 44 97 ]
[ 56 82 6 66 64 31 75 44 19 81 ]
[ 40 44 37 55 29 91 69 89 76 1 ]
[ 28 66 40 78 91 54 33 29 41 77 ]
[ 26 49 59 32 15 75 16 42 71 87 ]
[ 24 11 31 61 19 12 52 88 2 80 ]
[ 41 82 46 34 61 37 88 94 66 82 ]
[ 23 45 31 34 29 47 9 45 41 81 ]
[ 32 65 44 15 26 63 28 30 51 82 ]
[ 10 45 64 8 79 77 98 67 71 64 ]
[ 49 46 61 33 80 91 32 90 36 73 ]
[ 23 21 39 67 36 17 83 16 48 86 ]
[ 50 10 31 67 19 10 44 69 78 68 ]
[ 33 79 14 95 12 95 38 44 37 74 ]

Running merge sort algorithm: 
Timer (sort): 94ms real	90ms user	0ms sys
The output is sorted!
[ 7 2 57 7 4 12 6 7 4 7 ]
[ 5 12 4 20 4 40 10 6 12 12 ]
[ 46 27 2 16 2 7 6 10 4 7 ]
[ 26 27 6 3 1 34 8 16 1 13 ]
[ 1 2 7 68 20 4 17 6 8 4 ]
[ 2 28 41 2 10 13 18 9 13 2 ]
[ 22 16 14 18 4 8 1 8 30 20 ]
[ 6 10 11 11 52 11 4 21 13 3 ]
[ 32 25 5 18 8 11 25 5 7 8 ]
[ 0 12 9 1 50 3 37 17 8 12 ]
[ 11 18 16 11 39 11 21 8 15 0 ]
[ 17 15 22 10 31 6 33 10 0 8 ]
[ 1 8 10 18 25 38 17 16 9 13 ]
[ 24 1 24 0 4 46 37 4 6 10 ]
[ 14 2 2 57 3 13 1 49 11 4 ]
[ 4 0 20 50 6 22 46 1 7 0 ]
[ 28 0 27 3 18 10 42 26 0 3 ]
[ 40 27 17 5 23 7 4 7 19 9 ]
[ 7 34 21 11 13 4 3 26 32 7 ]
[ 2 16 2 2 5 29 44 7 43 9 ]

