Timer (generate): 39ms real	40ms user	0ms sys
[ 49 5 42 5 78 41 36 66 35 26 ]
[ 13 19 15 42 79 96 51 77 93 0 ]
[ 43 86 97 40 35 83 44 13 75 19 ]
[ 70 76 76 65 33 54 6 69 20 42 ]
[ 96 86 13 63 28 92 59 31 21 52 ]
[ 84 65 39 33 57 74 68 53 39 43 ]
[ 72 61 20 48 26 5 55 33 75 27 ]
[ 27 23 13 40 86 42 85 45 73 6 ]
[ 97 57 23 88 90 80 14 59 33 53 ]
[ 54 57 67 26 58 93 32 13 78 59 ]
[ 40 5 82 54 98 20 48 83 17 21 ]
[ 41 14 31 65 55 73 97 69 84 31 ]
[ 23 39 88 42 17 46 35 49 11 66 ]
[ 60 52 23 42 58 21 14 6 56 31 ]
[ 27 50 98 10 67 53 84 64 22 20 ]
[ 47 97 11 88 39 29 34 27 30 98 ]
[ 45 91 50 68 85 8 42 0 14 50 ]
[ 31 93 0 29 4 19 34 40 84 9 ]
[ 60 83 58 72 71 50 1 58 77 31 ]
[ 56 22 74 6 42 60 14 84 60 80 ]

Running merge sort algorithm: 
Timer (sort): 44ms real	30ms user	0ms sys
The output is sorted!
[ 34 15 4 3 10 5 0 16 43 10 ]
[ 3 21 4 1 39 14 10 30 23 2 ]
[ 1 14 1 71 29 0 9 7 10 5 ]
[ 5 0 86 4 4 11 12 6 12 7 ]
[ 11 7 4 43 10 20 3 12 2 38 ]
[ 21 9 4 13 2 25 6 38 27 8 ]
[ 19 12 13 12 10 26 19 33 3 9 ]
[ 62 17 8 30 5 14 10 7 2 2 ]
[ 17 19 7 24 26 14 10 23 2 17 ]
[ 45 5 58 5 1 26 10 0 10 0 ]
[ 1 34 4 24 17 7 7 31 26 13 ]
[ 15 43 20 8 1 20 2 35 19 3 ]
[ 52 13 7 6 11 12 19 0 31 15 ]
[ 3 8 34 11 2 17 0 15 37 40 ]
[ 44 7 26 0 17 33 3 20 12 5 ]
[ 44 17 8 41 15 0 11 3 7 23 ]
[ 3 34 3 17 2 35 0 2 41 32 ]
[ 11 24 12 10 34 14 23 30 5 6 ]
[ 18 0 38 10 13 23 15 7 37 9 ]
[ 0 8 25 10 6 55 2 29 13 23 ]

Timer (generate): 36ms real	30ms user	0ms sys
[ 61 54 95 99 23 35 6 93 76 3 ]
[ 37 68 36 99 70 89 16 14 8 16 ]
[ 83 40 23 96 9 28 76 46 68 27 ]
[ 56 29 34 3 80 57 38 86 2 66 ]
[ 41 39 34 78 90 4 19 59 70 27 ]
[ 75 5 67 50 1 28 78 29 26 98 ]
[ 57 34 28 43 37 8 0 27 47 2 ]
[ 93 88 94 79 18 36 35 37 95 5 ]
[ 64 70 62 84 72 15 64 3 45 91 ]
[ 1 54 77 81 97 15 42 49 94 89 ]
[ 3 40 29 97 19 48 34 55 37 81 ]
[ 12 2 4 75 38 76 42 2 79 87 ]
[ 45 33 41 23 14 90 90 8 39 36 ]
[ 97 43 76 79 92 96 79 78 3 16 ]
[ 60 15 18 64 42 8 92 85 63 24 ]
[ 72 8 57 66 83 23 8 25 32 0 ]
[ 62 81 95 38 12 39 86 91 18 89 ]
[ 8 30 5 78 46 99 87 38 84 50 ]
[ 62 9 10 71 27 46 47 35 23 79 ]
[ 87 85 12 82 76 77 22 62 68 92 ]

Running merge sort algorithm: 
Timer (sort): 55ms real	60ms user	0ms sys
The output is sorted!
[ 8 6 26 24 17 2 8 2 6 23 ]
[ 6 20 26 11 0 23 18 11 0 17 ]
[ 4 13 26 32 23 0 2 15 15 3 ]
[ 15 12 3 13 30 26 0 2 21 15 ]
[ 10 38 2 10 2 6 13 2 53 3 ]
[ 1 31 22 7 7 13 29 4 14 13 ]
[ 21 15 9 29 20 1 12 23 15 4 ]
[ 5 34 33 3 9 14 2 1 44 6 ]
[ 2 10 28 17 22 10 0 41 3 20 ]
[ 18 2 2 27 13 37 23 28 5 1 ]
[ 0 20 9 18 25 5 21 10 49 3 ]
[ 11 8 30 13 1 19 8 20 48 3 ]
[ 2 27 9 5 10 37 40 2 8 22 ]
[ 23 11 8 6 66 1 8 15 19 5 ]
[ 45 4 31 1 2 22 16 26 14 2 ]
[ 17 9 12 26 8 8 27 28 27 2 ]
[ 14 7 18 1 10 14 86 11 1 3 ]
[ 2 13 33 50 0 6 6 3 38 16 ]
[ 14 15 40 30 25 11 22 3 5 2 ]
[ 21 7 22 6 3 1 0 32 47 28 ]

Timer (generate): 43ms real	40ms user	0ms sys
[ 54 5 18 51 10 32 16 3 83 27 ]
[ 70 68 55 97 67 80 82 56 80 95 ]
[ 40 75 52 7 38 74 1 78 62 71 ]
[ 77 17 76 95 68 87 80 85 42 63 ]
[ 64 64 31 19 61 50 99 96 6 32 ]
[ 43 47 59 47 6 49 73 60 27 36 ]
[ 31 56 53 59 52 73 98 84 10 93 ]
[ 47 74 57 31 93 71 81 45 19 88 ]
[ 29 62 87 40 10 93 89 83 53 69 ]
[ 71 36 25 24 48 29 98 46 13 60 ]
[ 39 61 35 97 92 80 20 25 77 39 ]
[ 13 6 1 52 98 63 98 88 99 3 ]
[ 9 70 40 34 47 88 64 97 86 29 ]
[ 57 78 90 92 27 34 25 47 60 2 ]
[ 86 25 61 39 78 59 55 28 99 6 ]
[ 31 8 28 23 95 75 63 11 24 50 ]
[ 40 82 28 83 26 55 17 3 54 29 ]
[ 6 92 7 67 31 37 78 38 65 30 ]
[ 44 96 90 73 20 85 48 83 48 25 ]
[ 85 89 59 65 72 85 20 41 41 26 ]

Running merge sort algorithm: 
Timer (sort): 49ms real	50ms user	0ms sys
The output is sorted!
[ 9 29 24 5 1 13 7 18 0 0 ]
[ 41 15 1 0 3 2 7 25 5 17 ]
[ 39 14 1 5 27 3 2 1 18 10 ]
[ 7 4 16 11 11 19 0 36 23 12 ]
[ 2 18 16 6 14 4 11 22 8 40 ]
[ 2 5 8 8 11 4 55 14 19 20 ]
[ 1 27 10 32 19 4 23 29 3 2 ]
[ 32 39 2 4 0 11 9 46 9 0 ]
[ 5 14 14 16 8 12 41 32 8 6 ]
[ 10 31 5 12 13 21 11 11 24 18 ]
[ 13 8 11 8 1 15 6 60 12 24 ]
[ 29 24 1 26 29 14 4 8 17 7 ]
[ 74 4 7 17 18 19 4 0 10 8 ]
[ 0 7 7 3 37 11 29 17 15 35 ]
[ 13 2 44 32 1 1 10 10 9 42 ]
[ 22 17 0 2 9 22 52 13 21 6 ]
[ 3 43 7 26 17 19 13 2 6 30 ]
[ 35 2 6 16 3 9 19 26 20 30 ]
[ 10 11 2 0 66 26 2 12 29 11 ]
[ 12 1 7 1 93 16 14 11 13 1 ]

Timer (generate): 42ms real	30ms user	10ms sys
[ 37 60 79 6 13 84 37 10 69 51 ]
[ 2 44 57 14 36 3 87 76 23 69 ]
[ 29 93 46 70 76 41 48 13 45 89 ]
[ 84 83 49 63 41 63 99 78 25 69 ]
[ 81 80 65 38 46 2 93 33 30 16 ]
[ 55 59 61 1 81 89 42 82 2 88 ]
[ 71 38 23 20 2 64 35 53 94 13 ]
[ 74 75 45 40 65 91 94 58 24 76 ]
[ 26 31 87 88 33 69 77 75 51 32 ]
[ 15 74 70 38 46 24 54 82 78 48 ]
[ 47 4 23 92 96 40 35 90 98 11 ]
[ 18 77 43 6 17 76 27 94 3 30 ]
[ 78 19 4 49 9 50 25 64 84 3 ]
[ 64 83 60 40 27 56 80 62 99 31 ]
[ 74 17 8 69 75 25 45 2 71 48 ]
[ 32 50 19 88 51 29 91 76 45 75 ]
[ 32 9 11 92 49 38 48 30 53 47 ]
[ 13 79 17 21 48 92 98 45 95 21 ]
[ 45 79 71 65 68 74 46 11 51 91 ]
[ 86 35 52 49 27 54 88 27 84 41 ]

Running merge sort algorithm: 
Timer (sort): 50ms real	50ms user	0ms sys
The output is sorted!
[ 16 2 1 2 0 4 13 59 1 6 ]
[ 3 17 0 6 6 37 23 12 7 21 ]
[ 0 0 65 17 13 10 12 5 14 3 ]
[ 43 2 0 3 13 0 10 26 11 32 ]
[ 11 5 5 66 25 5 13 1 1 16 ]
[ 15 17 12 24 11 1 30 22 6 12 ]
[ 0 4 18 32 13 2 14 20 0 52 ]
[ 14 19 2 8 19 20 11 5 50 10 ]
[ 39 15 21 7 26 5 5 10 4 27 ]
[ 2 25 18 13 1 4 27 11 55 5 ]
[ 1 3 5 27 12 69 8 0 17 19 ]
[ 17 13 9 26 25 29 19 2 9 12 ]
[ 9 4 35 13 0 4 21 18 23 36 ]
[ 69 14 10 12 10 7 0 1 36 6 ]
[ 3 1 50 33 9 17 10 8 11 25 ]
[ 6 7 14 38 41 13 3 22 2 21 ]
[ 60 11 13 20 3 9 2 3 3 45 ]
[ 49 8 23 0 24 5 8 15 14 23 ]
[ 6 10 16 5 6 0 13 45 43 26 ]
[ 34 5 12 6 17 14 47 30 3 3 ]

Timer (generate): 37ms real	30ms user	0ms sys
[ 77 52 56 5 65 40 79 57 6 87 ]
[ 60 97 21 84 22 49 54 2 15 13 ]
[ 24 81 96 94 3 70 76 68 46 52 ]
[ 0 23 4 8 29 21 48 8 30 55 ]
[ 47 42 52 20 26 27 22 32 81 37 ]
[ 45 6 70 42 52 73 12 80 41 10 ]
[ 32 94 34 88 2 15 9 3 75 91 ]
[ 10 23 33 14 43 11 41 17 44 23 ]
[ 54 89 81 24 83 85 97 48 66 91 ]
[ 58 98 85 44 87 87 59 48 42 35 ]
[ 40 52 58 25 19 53 37 60 71 81 ]
[ 35 77 22 68 2 6 54 51 6 20 ]
[ 42 16 18 27 61 57 67 72 6 61 ]
[ 7 98 14 17 23 33 23 60 45 46 ]
[ 41 33 23 64 1 25 22 55 77 80 ]
[ 75 71 96 46 99 9 3 18 82 61 ]
[ 79 41 59 45 59 35 30 34 47 76 ]
[ 80 41 61 3 57 62 81 79 18 58 ]
[ 11 45 29 7 91 80 17 47 98 51 ]
[ 8 30 92 20 27 3 7 58 37 54 ]

Running merge sort algorithm: 
Timer (sort): 47ms real	40ms user	0ms sys
The output is sorted!
[ 1 26 2 22 21 0 0 1 6 34 ]
[ 2 0 22 55 8 12 1 0 0 26 ]
[ 7 4 10 14 17 56 0 3 6 14 ]
[ 12 11 7 25 41 4 2 5 8 18 ]
[ 10 0 36 6 0 31 0 17 8 30 ]
[ 2 4 15 8 14 30 19 40 1 8 ]
[ 13 15 18 8 11 2 29 3 8 40 ]
[ 20 15 16 2 1 2 14 30 34 17 ]
[ 2 5 31 8 31 0 50 10 0 18 ]
[ 15 14 2 1 11 1 60 4 9 40 ]
[ 6 42 49 4 20 18 4 6 10 0 ]
[ 3 1 11 16 2 22 14 53 0 39 ]
[ 26 7 2 1 10 55 12 8 27 17 ]
[ 22 4 22 0 2 47 10 10 39 9 ]
[ 12 3 10 3 1 41 22 4 16 54 ]
[ 23 0 12 6 26 34 41 6 9 11 ]
[ 13 7 16 19 19 11 6 7 55 15 ]
[ 15 4 49 11 23 23 10 8 12 14 ]
[ 17 58 25 11 8 12 15 1 22 1 ]
[ 34 19 17 0 32 0 0 1 21 47 ]

Timer (generate): 38ms real	30ms user	0ms sys
[ 74 76 36 46 20 52 58 70 96 19 ]
[ 34 53 8 40 40 99 99 62 31 89 ]
[ 35 5 14 11 88 60 27 35 89 78 ]
[ 22 15 6 10 61 79 62 72 49 58 ]
[ 91 35 11 51 27 4 51 26 18 34 ]
[ 15 54 91 81 17 80 94 97 67 83 ]
[ 27 89 50 34 99 64 65 14 36 14 ]
[ 24 79 1 88 30 29 44 33 55 62 ]
[ 20 23 68 11 56 38 43 50 35 11 ]
[ 85 62 52 36 48 4 0 13 18 88 ]
[ 79 94 19 81 82 1 10 26 35 17 ]
[ 41 7 92 9 18 49 47 14 99 34 ]
[ 25 85 49 77 73 97 81 25 63 51 ]
[ 13 42 46 84 75 80 85 37 59 72 ]
[ 7 0 79 99 61 50 48 61 64 0 ]
[ 95 89 37 44 18 10 94 52 35 57 ]
[ 3 0 99 1 36 27 34 21 64 93 ]
[ 94 71 45 25 71 6 75 71 19 91 ]
[ 23 15 32 60 11 51 22 5 3 57 ]
[ 62 58 9 14 60 45 41 94 19 57 ]

Running merge sort algorithm: 
Timer (sort): 49ms real	50ms user	0ms sys
The output is sorted!
[ 18 2 28 24 4 4 1 1 12 1 ]
[ 8 45 7 6 23 5 0 13 12 17 ]
[ 29 28 14 2 3 21 21 2 5 12 ]
[ 11 9 4 12 24 16 6 24 29 3 ]
[ 8 40 9 6 20 0 1 24 25 13 ]
[ 9 1 14 52 1 9 14 12 20 15 ]
[ 7 5 34 18 7 28 15 14 23 3 ]
[ 31 10 18 9 16 1 15 9 6 39 ]
[ 0 6 52 18 10 1 13 21 23 11 ]
[ 24 6 5 19 5 28 16 49 3 2 ]
[ 1 11 2 21 26 11 29 18 3 36 ]
[ 11 38 25 11 26 11 15 2 17 2 ]
[ 16 30 2 29 14 7 6 1 22 31 ]
[ 15 15 54 5 8 4 1 33 7 17 ]
[ 1 28 13 62 13 18 1 4 10 12 ]
[ 5 0 2 26 11 46 17 6 2 48 ]
[ 86 14 2 17 1 3 14 15 9 3 ]
[ 30 18 37 20 7 4 15 0 20 15 ]
[ 0 23 0 5 25 43 14 17 31 9 ]
[ 24 33 1 12 3 60 16 10 0 13 ]

Timer (generate): 36ms real	30ms user	0ms sys
[ 81 43 74 65 16 26 6 40 95 87 ]
[ 79 89 41 37 85 0 47 50 42 1 ]
[ 3 79 61 13 96 52 25 93 53 56 ]
[ 92 34 51 66 51 19 44 10 60 91 ]
[ 97 39 80 90 28 66 90 76 68 33 ]
[ 29 23 64 90 88 60 94 13 5 47 ]
[ 21 98 34 25 16 85 44 13 95 56 ]
[ 4 45 48 37 35 28 3 78 4 23 ]
[ 11 85 99 27 75 87 88 21 1 93 ]
[ 21 74 43 55 99 12 92 96 77 40 ]
[ 4 81 85 52 18 72 33 73 50 89 ]
[ 49 13 75 48 41 2 35 29 24 88 ]
[ 74 97 63 70 52 14 34 96 62 11 ]
[ 36 19 44 73 23 15 98 56 88 0 ]
[ 46 89 14 21 37 55 23 25 36 99 ]
[ 13 62 96 28 84 0 95 70 49 9 ]
[ 81 37 28 78 11 52 93 61 8 33 ]
[ 61 54 23 75 27 12 82 3 37 70 ]
[ 54 51 85 3 31 69 3 26 40 4 ]
[ 36 73 42 16 51 5 68 44 66 29 ]

Running merge sort algorithm: 
Timer (sort): 45ms real	50ms user	0ms sys
The output is sorted!
[ 4 6 5 13 6 8 32 13 43 1 ]
[ 52 4 3 7 45 12 0 5 3 0 ]
[ 19 29 9 6 0 5 10 26 18 11 ]
[ 42 1 6 0 3 22 7 27 6 24 ]
[ 6 13 20 1 23 26 35 0 15 7 ]
[ 17 12 20 23 32 6 6 12 18 2 ]
[ 1 19 20 6 45 26 19 10 3 3 ]
[ 4 50 2 37 32 3 1 22 0 1 ]
[ 2 33 39 52 0 5 6 8 7 4 ]
[ 7 2 25 3 8 2 20 8 34 49 ]
[ 4 7 28 1 45 9 5 13 42 4 ]
[ 20 15 4 17 8 45 26 9 13 2 ]
[ 5 41 8 31 0 34 6 9 20 7 ]
[ 45 4 10 3 24 12 30 1 0 32 ]
[ 21 11 27 15 32 10 1 8 8 28 ]
[ 42 17 5 8 19 11 44 4 11 1 ]
[ 5 20 1 7 15 8 27 36 25 18 ]
[ 13 27 2 10 11 0 21 26 0 56 ]
[ 4 8 24 0 5 41 10 1 55 20 ]
[ 25 41 1 3 17 3 46 12 4 17 ]

Timer (generate): 32ms real	20ms user	10ms sys
[ 37 16 31 86 29 18 15 2 50 22 ]
[ 31 29 2 21 60 92 28 85 80 71 ]
[ 18 52 54 44 82 84 9 6 75 36 ]
[ 37 64 53 20 50 82 38 17 36 88 ]
[ 40 19 17 42 92 78 86 20 15 18 ]
[ 44 34 22 98 78 5 35 87 63 10 ]
[ 24 52 74 77 73 76 11 11 93 99 ]
[ 0 85 18 69 79 10 99 17 82 15 ]
[ 36 26 49 58 77 79 15 12 67 78 ]
[ 74 43 31 0 72 56 76 35 67 21 ]
[ 34 19 59 4 89 38 14 88 8 48 ]
[ 3 44 75 4 2 4 84 70 16 3 ]
[ 0 42 46 83 42 70 39 70 57 7 ]
[ 91 91 78 2 95 19 93 61 60 1 ]
[ 61 15 45 88 20 99 92 56 21 60 ]
[ 59 22 2 57 5 44 27 45 66 84 ]
[ 4 10 27 82 12 74 54 5 87 14 ]
[ 6 48 29 3 37 49 3 29 5 24 ]
[ 42 16 46 44 73 4 41 52 49 7 ]
[ 88 5 17 67 39 82 93 93 87 80 ]

Running merge sort algorithm: 
Timer (sort): 51ms real	50ms user	0ms sys
The output is sorted!
[ 9 23 43 0 5 2 8 14 18 6 ]
[ 1 10 8 17 6 2 10 43 28 13 ]
[ 3 3 41 4 32 32 10 0 12 9 ]
[ 26 14 9 30 33 2 17 7 1 8 ]
[ 5 20 10 7 0 6 23 0 56 22 ]
[ 9 11 58 16 18 14 3 0 18 3 ]
[ 8 12 4 38 4 18 36 5 19 12 ]
[ 49 23 21 4 9 9 2 25 0 15 ]
[ 5 2 21 6 12 33 3 24 45 8 ]
[ 15 54 0 6 28 9 8 21 3 17 ]
[ 5 21 4 25 8 18 15 43 5 17 ]
[ 3 28 0 35 0 4 3 22 8 59 ]
[ 25 25 1 12 10 28 14 22 5 21 ]
[ 0 6 11 11 15 17 76 21 4 3 ]
[ 11 22 4 25 6 1 1 35 32 28 ]
[ 16 8 14 41 18 2 9 8 45 4 ]
[ 32 10 2 75 5 1 18 5 4 15 ]
[ 14 22 27 54 1 7 9 10 0 23 ]
[ 10 8 9 6 4 28 17 4 0 82 ]
[ 10 37 1 54 1 18 0 18 10 19 ]

Timer (generate): 37ms real	20ms user	0ms sys
[ 87 28 33 47 56 18 2 96 96 7 ]
[ 92 84 16 32 45 1 52 42 47 66 ]
[ 28 16 95 15 94 88 34 74 49 24 ]
[ 28 36 4 13 83 13 32 37 61 80 ]
[ 44 53 64 60 38 61 13 42 3 60 ]
[ 60 84 76 7 99 23 96 33 97 45 ]
[ 9 77 33 13 90 68 78 74 5 39 ]
[ 6 49 45 71 61 35 84 27 77 40 ]
[ 39 90 24 68 97 23 91 45 56 88 ]
[ 42 65 65 75 30 7 95 61 82 0 ]
[ 52 40 1 49 63 15 84 48 42 14 ]
[ 88 81 4 12 49 53 87 40 99 95 ]
[ 80 41 60 97 69 42 5 64 55 39 ]
[ 65 8 31 18 57 95 33 94 43 27 ]
[ 8 83 61 64 47 10 17 34 3 16 ]
[ 29 83 10 41 33 79 35 90 43 91 ]
[ 81 60 51 12 31 8 7 16 2 50 ]
[ 44 62 85 5 26 32 67 44 18 70 ]
[ 12 47 6 22 40 39 53 28 81 97 ]
[ 19 62 9 70 74 40 30 82 9 85 ]

Running merge sort algorithm: 
Timer (sort): 44ms real	40ms user	0ms sys
The output is sorted!
[ 37 10 25 0 6 1 0 3 15 36 ]
[ 2 8 13 29 25 2 6 17 4 27 ]
[ 3 5 3 4 40 0 36 28 12 3 ]
[ 4 6 6 0 30 24 29 2 26 7 ]
[ 22 28 5 10 18 2 7 18 17 8 ]
[ 3 20 1 10 2 28 45 6 15 7 ]
[ 5 33 36 1 29 10 5 9 11 0 ]
[ 19 15 43 3 8 8 0 20 1 29 ]
[ 1 8 14 4 29 3 9 22 51 8 ]
[ 2 8 19 44 3 23 0 10 16 26 ]
[ 4 3 7 71 2 9 5 0 23 28 ]
[ 66 22 11 17 6 13 14 2 2 3 ]
[ 44 20 17 19 22 16 5 0 14 2 ]
[ 7 7 7 11 28 0 8 20 72 0 ]
[ 1 6 0 44 20 2 15 43 12 19 ]
[ 1 17 30 18 6 8 4 3 32 43 ]
[ 35 23 37 3 1 21 7 6 31 1 ]
[ 2 25 27 2 15 55 15 0 12 14 ]
[ 5 7 13 8 15 10 3 40 50 17 ]
[ 49 12 14 4 0 5 5 6 56 19 ]

Timer (generate): 38ms real	30ms user	0ms sys
[ 81 0 66 2 58 24 89 78 24 43 ]
[ 36 61 70 75 89 71 79 91 79 35 ]
[ 70 56 92 13 32 65 63 30 88 90 ]
[ 40 69 42 7 23 1 31 13 31 8 ]
[ 8 67 21 79 94 62 2 73 54 34 ]
[ 60 76 90 52 90 74 18 5 4 58 ]
[ 48 97 27 90 4 3 43 87 16 74 ]
[ 47 76 93 68 7 88 31 62 13 37 ]
[ 96 26 65 38 30 7 13 48 13 69 ]
[ 58 61 66 86 3 22 41 47 10 57 ]
[ 21 57 85 67 78 93 7 61 55 72 ]
[ 50 51 98 15 41 29 23 54 29 88 ]
[ 76 88 49 94 26 52 17 67 51 27 ]
[ 76 25 36 61 92 14 6 99 27 61 ]
[ 71 77 64 22 93 6 51 68 12 80 ]
[ 56 88 68 5 83 94 9 52 13 13 ]
[ 79 89 38 67 51 30 34 57 81 61 ]
[ 71 4 39 87 26 32 93 77 0 58 ]
[ 58 8 98 78 65 33 25 74 85 38 ]
[ 87 16 80 77 84 31 7 18 40 88 ]

Running merge sort algorithm: 
Timer (sort): 50ms real	50ms user	0ms sys
The output is sorted!
[ 21 4 2 58 3 14 1 12 2 13 ]
[ 12 5 3 0 18 3 9 34 19 43 ]
[ 40 0 5 2 6 1 18 16 52 6 ]
[ 38 16 6 5 14 9 44 2 14 1 ]
[ 48 2 12 0 8 10 38 12 10 16 ]
[ 18 1 24 23 4 6 4 11 61 4 ]
[ 22 19 13 3 5 39 3 21 28 6 ]
[ 5 1 4 1 23 61 1 12 12 39 ]
[ 7 3 6 48 39 1 24 3 32 7 ]
[ 3 25 9 3 17 1 20 6 66 20 ]
[ 15 48 2 10 19 6 8 2 2 60 ]
[ 34 4 2 5 8 5 4 29 32 49 ]
[ 4 51 10 1 3 36 15 27 6 20 ]
[ 20 12 6 24 50 49 7 0 0 5 ]
[ 11 15 19 30 36 15 22 4 14 8 ]
[ 5 10 6 36 4 5 3 31 54 20 ]
[ 28 7 7 76 0 6 1 2 29 19 ]
[ 38 3 6 14 5 35 12 5 0 59 ]
[ 6 6 6 64 29 0 35 1 1 29 ]
[ 16 10 4 21 10 19 70 26 1 0 ]

