Timer (generate): 2ms real	0ms user	0ms sys
[ 46 58 70 67 45 57 85 86 92 66 ]
[ 38 5 95 31 96 49 55 18 33 17 ]
[ 63 23 84 81 66 12 32 67 9 94 ]
[ 39 7 53 61 75 50 19 12 88 63 ]
[ 78 27 21 74 10 17 75 65 35 61 ]
[ 34 50 84 18 83 2 82 15 69 91 ]
[ 10 9 99 15 22 26 65 41 90 6 ]
[ 5 21 85 26 47 95 43 22 12 30 ]
[ 83 98 81 19 68 64 22 50 32 43 ]
[ 93 42 4 44 9 27 70 26 20 13 ]
[ 32 25 34 17 3 81 64 98 55 28 ]
[ 29 91 78 62 10 46 78 84 48 10 ]
[ 80 42 4 36 86 65 15 9 92 36 ]
[ 22 76 13 56 46 17 37 10 15 92 ]
[ 91 96 35 69 58 46 68 37 82 16 ]
[ 99 62 58 56 51 45 21 66 54 13 ]
[ 2 76 90 16 84 36 33 21 98 0 ]
[ 65 41 97 1 63 55 99 31 44 33 ]
[ 47 44 96 6 0 99 3 21 65 57 ]
[ 87 68 85 29 84 69 17 69 42 67 ]

Running merge sort algorithm: 
Timer (sort): 1ms real	0ms user	10ms sys
The output is sorted!
[ 28 8 5 50 2 2 11 15 22 8 ]
[ 74 4 4 0 0 16 38 18 38 2 ]
[ 11 6 72 25 2 37 6 23 8 6 ]
[ 46 3 3 3 4 4 57 49 4 29 ]
[ 2 8 1 32 6 20 49 4 36 52 ]
[ 16 8 27 1 26 54 24 10 22 26 ]
[ 12 11 56 11 1 18 24 18 18 46 ]
[ 42 39 16 1 5 7 80 0 3 25 ]
[ 0 16 38 13 33 21 25 19 24 31 ]
[ 27 27 37 29 2 22 8 3 45 20 ]
[ 4 8 8 18 21 49 43 28 42 1 ]
[ 4 14 7 6 30 90 19 15 18 19 ]
[ 65 39 1 29 10 6 42 9 7 15 ]
[ 16 1 11 34 39 32 12 37 26 19 ]
[ 44 42 1 14 14 9 9 52 5 37 ]
[ 52 14 18 5 79 7 2 17 24 9 ]
[ 6 10 14 53 28 21 8 1 77 9 ]
[ 57 17 17 42 1 60 29 1 4 9 ]
[ 27 44 12 32 26 48 2 17 23 6 ]
[ 36 22 44 7 20 51 4 25 27 2 ]

Timer (generate): 2ms real	0ms user	0ms sys
[ 53 2 27 45 89 83 59 52 9 28 ]
[ 41 70 69 71 96 45 82 31 75 2 ]
[ 34 81 30 66 30 77 37 6 9 98 ]
[ 57 63 52 85 60 41 20 19 46 81 ]
[ 99 39 3 68 10 51 66 93 35 93 ]
[ 95 69 74 25 87 57 55 24 15 64 ]
[ 74 73 27 27 10 88 20 30 59 18 ]
[ 63 59 58 19 79 20 70 97 13 5 ]
[ 90 60 26 17 38 13 74 93 89 89 ]
[ 57 64 62 37 43 72 25 15 54 84 ]
[ 86 70 95 44 89 75 64 11 72 30 ]
[ 69 63 90 95 32 28 9 6 21 98 ]
[ 47 31 14 62 68 9 34 45 77 41 ]
[ 81 63 11 77 59 52 4 75 15 76 ]
[ 5 84 91 96 80 23 76 41 81 50 ]
[ 39 29 33 6 91 53 67 77 50 96 ]
[ 70 31 59 33 60 70 85 64 46 53 ]
[ 93 3 37 36 51 17 12 28 58 93 ]
[ 30 50 74 63 8 17 16 27 47 66 ]
[ 24 17 49 35 51 10 6 88 26 4 ]

Running merge sort algorithm: 
Timer (sort): 2ms real	0ms user	0ms sys
The output is sorted!
[ 3 10 53 7 2 20 6 11 45 2 ]
[ 17 38 7 2 30 27 8 5 10 22 ]
[ 32 2 2 45 0 49 8 32 2 6 ]
[ 59 2 7 34 3 9 2 4 3 62 ]
[ 4 4 34 60 0 2 23 30 13 31 ]
[ 58 41 2 19 2 14 18 22 11 15 ]
[ 25 28 1 5 32 25 14 51 21 4 ]
[ 21 0 4 49 6 0 28 64 6 31 ]
[ 7 1 12 41 22 10 63 27 0 32 ]
[ 0 2 64 8 27 6 39 35 15 22 ]
[ 28 17 15 11 56 13 41 41 3 0 ]
[ 62 53 7 24 40 3 9 21 0 9 ]
[ 3 9 4 17 43 4 70 50 1 28 ]
[ 65 31 6 19 9 72 20 5 6 3 ]
[ 73 14 25 14 4 0 19 46 36 5 ]
[ 37 16 1 14 44 74 13 0 3 36 ]
[ 26 14 6 32 49 44 14 28 22 7 ]
[ 53 6 21 0 24 44 3 55 8 30 ]
[ 12 73 30 44 3 9 16 19 32 8 ]
[ 7 13 1 35 74 13 24 3 21 60 ]

Timer (generate): 1ms real	0ms user	0ms sys
[ 64 89 84 82 25 46 21 77 53 28 ]
[ 80 13 84 22 30 55 70 39 9 99 ]
[ 23 57 41 53 99 47 34 21 20 3 ]
[ 3 84 44 39 18 69 86 39 46 91 ]
[ 19 78 56 56 0 86 11 71 77 73 ]
[ 22 0 82 15 5 81 62 91 3 82 ]
[ 46 58 18 90 49 36 59 35 28 57 ]
[ 27 47 35 35 3 36 22 67 59 99 ]
[ 92 81 52 74 48 9 56 10 1 11 ]
[ 44 99 21 62 90 70 50 1 58 78 ]
[ 59 37 78 46 72 33 82 46 52 93 ]
[ 98 44 26 2 71 74 11 79 36 64 ]
[ 42 80 64 15 94 6 85 97 59 95 ]
[ 75 70 32 5 17 57 39 51 3 43 ]
[ 97 53 40 23 55 11 50 67 42 86 ]
[ 83 84 19 99 99 65 57 36 62 17 ]
[ 32 90 87 16 95 56 25 86 8 29 ]
[ 30 5 34 70 80 90 33 30 9 75 ]
[ 69 92 11 88 92 10 5 49 98 68 ]
[ 18 82 10 58 99 57 14 76 44 22 ]

Running merge sort algorithm: 
Timer (sort): 3ms real	0ms user	0ms sys
The output is sorted!
[ 29 16 17 25 19 28 15 14 5 9 ]
[ 28 5 15 6 4 1 62 7 31 19 ]
[ 31 3 19 4 17 1 72 2 5 26 ]
[ 9 31 0 44 28 9 16 3 7 39 ]
[ 16 26 29 4 26 4 43 5 7 40 ]
[ 33 22 33 4 17 4 56 2 23 9 ]
[ 10 8 10 39 3 52 48 20 19 2 ]
[ 5 19 79 1 20 9 7 30 23 18 ]
[ 18 26 5 26 15 34 47 18 10 14 ]
[ 62 12 54 11 12 23 14 2 9 15 ]
[ 34 40 7 30 11 7 8 5 34 44 ]
[ 41 26 6 53 14 34 25 1 13 9 ]
[ 11 52 0 90 2 0 46 0 12 10 ]
[ 12 57 5 4 14 27 64 3 28 11 ]
[ 17 6 9 4 25 72 7 57 25 4 ]
[ 35 7 45 53 2 12 31 37 0 7 ]
[ 0 24 3 2 1 66 96 37 0 5 ]
[ 55 7 20 1 15 40 0 56 43 0 ]
[ 52 20 29 33 35 8 5 20 14 21 ]
[ 12 40 59 26 26 22 0 28 22 8 ]

Timer (generate): 2ms real	0ms user	0ms sys
[ 3 52 62 41 92 25 91 46 55 34 ]
[ 35 28 36 55 4 23 19 72 69 28 ]
[ 74 14 10 55 39 8 67 23 48 70 ]
[ 77 51 22 91 44 66 16 87 12 72 ]
[ 21 99 52 57 54 56 81 25 80 2 ]
[ 54 7 16 64 62 55 72 29 30 72 ]
[ 99 7 75 73 99 20 91 15 7 55 ]
[ 39 81 54 91 38 8 99 71 85 80 ]
[ 73 39 87 41 56 1 49 80 30 79 ]
[ 53 81 87 80 6 38 52 97 53 12 ]
[ 52 45 93 6 36 83 66 36 55 51 ]
[ 68 80 43 7 22 99 8 71 79 38 ]
[ 2 84 71 89 65 77 79 69 74 33 ]
[ 81 78 30 26 84 66 10 2 54 17 ]
[ 53 74 97 48 81 71 47 89 94 79 ]
[ 79 97 63 2 38 80 79 18 50 5 ]
[ 3 83 83 33 62 19 51 72 21 6 ]
[ 41 27 32 38 75 14 62 75 55 56 ]
[ 54 87 53 69 89 44 50 21 62 52 ]
[ 26 17 87 62 50 49 81 1 73 3 ]

Running merge sort algorithm: 
Timer (sort): 2ms real	0ms user	0ms sys
The output is sorted!
[ 3 20 13 4 14 0 64 19 41 5 ]
[ 0 44 68 5 21 4 10 20 8 10 ]
[ 21 49 26 11 18 20 8 42 1 0 ]
[ 0 4 44 37 36 37 0 31 4 11 ]
[ 74 3 13 60 8 0 25 0 18 4 ]
[ 6 2 55 37 19 41 7 15 17 11 ]
[ 30 54 14 4 2 19 4 38 42 11 ]
[ 16 16 28 40 25 7 12 65 7 3 ]
[ 5 33 2 50 52 7 55 1 10 6 ]
[ 24 2 1 55 12 7 10 74 34 4 ]
[ 23 27 63 38 39 3 2 7 12 14 ]
[ 36 0 17 3 53 56 42 1 20 1 ]
[ 3 27 63 26 1 4 43 21 29 16 ]
[ 24 32 0 17 57 37 15 20 22 9 ]
[ 29 9 67 28 1 7 6 0 83 3 ]
[ 14 7 67 21 29 5 12 58 4 18 ]
[ 39 2 0 12 5 34 42 74 18 9 ]
[ 59 1 12 8 13 23 36 14 69 0 ]
[ 77 54 5 4 32 25 9 23 5 5 ]
[ 51 3 68 5 1 37 37 11 3 24 ]

Timer (generate): 1ms real	0ms user	0ms sys
[ 25 81 16 90 77 67 90 4 23 4 ]
[ 85 24 3 53 9 43 7 89 60 44 ]
[ 87 24 90 85 31 9 40 26 27 25 ]
[ 44 52 58 13 94 87 80 84 43 3 ]
[ 40 29 80 44 34 89 87 41 30 99 ]
[ 37 70 75 79 55 7 88 95 85 15 ]
[ 72 81 19 83 94 13 70 26 97 14 ]
[ 30 38 95 62 34 29 51 73 22 34 ]
[ 25 59 4 0 38 11 59 26 6 44 ]
[ 94 30 26 13 13 72 27 36 99 76 ]
[ 2 81 66 97 43 52 78 46 26 0 ]
[ 80 51 11 36 3 49 47 63 27 5 ]
[ 7 73 36 85 39 1 10 18 37 9 ]
[ 94 39 42 13 88 37 65 66 83 91 ]
[ 18 16 94 29 52 98 30 52 61 10 ]
[ 57 20 83 93 58 22 47 68 92 84 ]
[ 77 87 76 71 0 64 8 65 83 43 ]
[ 9 1 59 55 83 64 53 65 16 66 ]
[ 75 73 87 11 19 97 33 66 65 26 ]
[ 2 94 65 78 65 17 43 25 34 26 ]

Running merge sort algorithm: 
Timer (sort): 1ms real	0ms user	0ms sys
The output is sorted!
[ 5 22 67 6 4 2 0 2 8 18 ]
[ 72 3 4 8 6 14 8 4 9 20 ]
[ 33 15 18 7 8 17 0 39 11 9 ]
[ 23 22 1 3 0 63 4 2 31 11 ]
[ 23 10 38 1 4 15 61 25 5 2 ]
[ 8 10 8 33 21 0 1 1 11 97 ]
[ 7 40 17 2 8 10 38 8 9 71 ]
[ 19 41 26 6 10 17 25 11 22 40 ]
[ 6 69 12 14 37 4 15 32 20 14 ]
[ 1 65 4 17 12 49 30 0 13 33 ]
[ 10 7 72 4 65 5 11 7 5 41 ]
[ 10 0 10 28 17 9 34 77 18 25 ]
[ 54 37 30 11 0 4 6 13 11 64 ]
[ 8 6 8 90 42 46 0 3 11 16 ]
[ 27 41 4 1 18 22 37 33 40 8 ]
[ 0 2 11 23 18 93 15 29 33 8 ]
[ 6 53 15 15 10 5 26 7 9 88 ]
[ 10 1 6 54 4 28 26 47 6 53 ]
[ 8 5 17 16 16 11 15 83 42 23 ]
[ 48 12 6 33 22 59 8 14 19 19 ]

Timer (generate): 2ms real	0ms user	0ms sys
[ 26 51 43 12 30 83 7 77 29 39 ]
[ 12 68 37 71 67 8 64 70 37 9 ]
[ 2 74 18 14 4 27 36 56 62 1 ]
[ 65 40 53 60 4 35 44 11 64 73 ]
[ 3 28 93 40 0 61 0 16 83 38 ]
[ 77 85 12 48 0 68 75 88 25 89 ]
[ 90 42 29 95 2 33 82 98 97 46 ]
[ 71 0 74 17 40 26 30 41 95 13 ]
[ 31 24 99 43 72 99 63 99 39 40 ]
[ 88 29 34 69 76 37 55 58 35 52 ]
[ 56 59 52 83 76 44 61 6 37 8 ]
[ 19 20 33 70 15 5 21 79 57 61 ]
[ 19 97 42 6 67 19 43 74 29 30 ]
[ 78 86 41 82 21 17 78 82 75 16 ]
[ 91 47 88 24 69 4 81 91 83 38 ]
[ 4 54 36 46 60 55 17 55 81 47 ]
[ 86 59 85 27 93 6 97 71 88 24 ]
[ 39 79 23 28 55 93 32 37 84 67 ]
[ 27 88 21 15 86 34 22 4 89 55 ]
[ 51 27 66 36 7 59 42 56 31 82 ]

Running merge sort algorithm: 
Timer (sort): 2ms real	0ms user	0ms sys
The output is sorted!
[ 9 26 34 8 22 1 28 6 6 14 ]
[ 33 4 8 7 24 5 2 34 44 1 ]
[ 0 46 3 3 9 41 18 40 6 1 ]
[ 9 16 2 60 25 9 39 8 3 7 ]
[ 2 48 21 12 22 21 0 16 35 3 ]
[ 5 37 36 47 1 0 3 0 45 12 ]
[ 14 17 55 8 27 19 9 2 8 37 ]
[ 12 6 19 69 34 23 1 2 17 16 ]
[ 50 20 62 17 4 28 10 3 3 15 ]
[ 13 25 4 3 42 6 3 13 31 76 ]
[ 44 32 6 6 23 53 24 2 26 3 ]
[ 9 24 22 4 50 3 69 10 16 13 ]
[ 6 23 4 4 21 9 72 13 7 63 ]
[ 5 0 0 3 6 83 25 14 1 85 ]
[ 20 16 8 8 44 31 15 11 69 1 ]
[ 21 11 59 21 13 3 92 1 0 10 ]
[ 7 18 79 11 15 36 24 12 34 1 ]
[ 14 40 11 41 38 0 3 17 30 44 ]
[ 1 3 29 47 17 71 5 54 3 9 ]
[ 8 18 12 13 2 56 93 16 10 11 ]

Timer (generate): 2ms real	0ms user	0ms sys
[ 11 58 0 17 31 83 99 46 14 57 ]
[ 31 78 60 20 34 84 42 9 3 89 ]
[ 34 64 50 87 78 6 38 9 73 24 ]
[ 20 36 82 20 53 65 3 4 11 18 ]
[ 61 42 48 74 14 82 58 9 92 62 ]
[ 98 78 78 0 66 57 7 4 66 32 ]
[ 80 38 68 14 59 73 31 14 78 42 ]
[ 32 91 36 81 65 2 15 76 11 7 ]
[ 90 62 86 68 62 4 25 21 60 43 ]
[ 5 40 82 25 6 93 99 37 7 29 ]
[ 31 40 72 19 73 38 21 88 66 85 ]
[ 48 56 99 86 24 61 90 2 83 50 ]
[ 97 40 42 31 66 0 24 65 37 32 ]
[ 46 20 24 18 39 49 8 12 89 26 ]
[ 49 37 82 48 23 59 10 65 13 45 ]
[ 15 62 85 9 94 51 9 18 68 98 ]
[ 2 66 18 78 37 9 79 97 22 69 ]
[ 24 71 58 58 72 34 17 82 99 82 ]
[ 79 67 45 64 28 39 68 38 9 88 ]
[ 88 64 55 7 94 92 16 74 89 90 ]

Running merge sort algorithm: 
Timer (sort): 1ms real	0ms user	0ms sys
The output is sorted!
[ 10 1 0 34 13 30 15 2 29 24 ]
[ 10 6 20 74 6 34 4 13 3 10 ]
[ 9 17 7 39 12 35 22 20 17 5 ]
[ 0 14 28 6 4 29 78 16 10 19 ]
[ 3 3 17 6 23 70 50 19 9 5 ]
[ 15 7 22 41 4 2 8 63 1 44 ]
[ 11 24 14 3 0 70 59 2 24 4 ]
[ 10 6 4 23 80 31 2 4 15 36 ]
[ 0 18 18 67 8 10 15 37 9 29 ]
[ 26 15 18 49 0 6 9 19 69 3 ]
[ 69 12 27 2 1 12 26 27 11 30 ]
[ 17 15 35 49 13 1 6 15 31 36 ]
[ 23 6 26 48 6 2 4 30 37 38 ]
[ 20 17 83 5 71 4 7 5 7 4 ]
[ 3 5 22 2 12 0 37 28 78 39 ]
[ 45 63 37 3 5 17 31 9 13 3 ]
[ 63 5 4 19 11 31 57 22 9 8 ]
[ 28 6 4 16 22 9 13 46 57 28 ]
[ 0 33 30 4 67 3 17 58 9 8 ]
[ 15 0 71 42 16 3 18 2 52 11 ]

Timer (generate): 2ms real	0ms user	0ms sys
[ 91 47 77 39 8 2 45 48 71 41 ]
[ 75 16 98 97 18 21 43 72 15 55 ]
[ 19 47 42 13 3 84 86 53 88 82 ]
[ 61 31 29 90 70 90 44 15 38 15 ]
[ 8 66 84 7 63 2 80 58 74 96 ]
[ 13 45 95 7 58 99 44 96 52 32 ]
[ 78 14 63 60 56 85 50 1 52 40 ]
[ 68 61 6 52 20 21 54 0 80 80 ]
[ 96 45 25 44 5 36 43 49 32 95 ]
[ 33 63 61 48 23 18 85 25 71 37 ]
[ 65 39 50 24 44 70 45 98 23 77 ]
[ 31 71 75 8 15 80 44 58 81 29 ]
[ 6 66 92 67 14 15 37 51 40 8 ]
[ 88 57 0 39 33 44 61 31 94 36 ]
[ 8 25 60 35 86 75 15 30 86 96 ]
[ 59 92 14 51 11 28 18 49 79 10 ]
[ 9 20 20 61 11 53 57 24 36 52 ]
[ 61 97 29 21 32 67 48 48 98 86 ]
[ 96 9 78 11 13 42 91 31 91 23 ]
[ 94 52 43 14 14 6 19 23 30 56 ]

Running merge sort algorithm: 
Timer (sort): 3ms real	0ms user	0ms sys
The output is sorted!
[ 7 29 1 87 32 10 1 7 0 4 ]
[ 8 9 31 26 3 59 10 24 0 10 ]
[ 6 13 2 1 40 14 8 32 44 20 ]
[ 36 1 28 31 18 3 9 6 27 30 ]
[ 2 31 11 0 27 11 63 18 3 24 ]
[ 12 34 20 4 20 2 25 28 24 32 ]
[ 11 44 50 5 7 13 48 2 2 19 ]
[ 20 9 10 16 11 27 24 22 43 27 ]
[ 8 37 49 16 9 17 11 7 52 10 ]
[ 34 18 8 25 0 23 13 36 12 49 ]
[ 5 5 8 25 1 70 36 1 32 36 ]
[ 0 46 4 35 15 54 5 0 46 14 ]
[ 18 36 14 21 39 31 8 13 5 42 ]
[ 26 50 19 36 14 31 6 30 8 13 ]
[ 17 19 7 33 11 32 54 33 17 11 ]
[ 36 36 11 14 56 23 28 7 16 8 ]
[ 13 1 8 3 95 8 23 17 34 37 ]
[ 13 16 32 5 17 26 32 12 30 58 ]
[ 77 51 9 30 10 11 6 29 9 10 ]
[ 71 8 6 29 0 0 1 59 21 48 ]

Timer (generate): 2ms real	0ms user	0ms sys
[ 93 15 23 93 74 67 53 91 66 38 ]
[ 60 59 88 84 87 92 88 53 16 19 ]
[ 30 13 46 66 38 34 75 84 35 97 ]
[ 5 80 64 81 73 90 48 78 81 14 ]
[ 68 93 25 57 29 12 1 17 17 17 ]
[ 89 47 82 35 65 72 21 41 56 56 ]
[ 90 14 37 54 95 62 45 43 93 78 ]
[ 57 61 24 82 70 53 47 72 23 64 ]
[ 41 12 12 24 47 77 48 21 70 57 ]
[ 77 60 71 66 67 66 29 64 9 74 ]
[ 42 18 35 18 52 58 72 51 82 47 ]
[ 16 23 59 80 99 58 9 0 79 80 ]
[ 57 9 40 80 75 7 98 56 71 59 ]
[ 30 66 77 18 84 81 76 8 33 10 ]
[ 55 1 85 66 81 85 25 90 37 56 ]
[ 22 46 65 15 26 93 22 24 49 46 ]
[ 83 80 64 12 98 0 93 26 61 26 ]
[ 36 68 79 21 35 60 58 12 3 95 ]
[ 68 25 41 86 40 67 79 15 43 28 ]
[ 13 26 8 77 38 58 29 84 84 90 ]

Running merge sort algorithm: 
Timer (sort): 3ms real	10ms user	0ms sys
The output is sorted!
[ 4 19 22 14 13 19 21 34 4 12 ]
[ 19 5 23 37 36 39 1 8 8 24 ]
[ 6 19 25 25 8 20 18 13 50 23 ]
[ 46 6 21 18 11 4 79 12 27 0 ]
[ 2 42 10 46 20 18 16 5 14 53 ]
[ 19 36 29 7 4 35 15 5 15 63 ]
[ 4 50 21 9 26 37 10 23 32 16 ]
[ 4 57 2 51 8 17 34 30 3 22 ]
[ 1 14 55 2 8 15 2 13 80 40 ]
[ 8 9 29 26 4 11 14 41 85 6 ]
[ 18 23 4 12 38 32 41 8 35 22 ]
[ 26 70 28 0 12 48 19 9 8 14 ]
[ 18 25 14 42 19 26 48 0 4 42 ]
[ 42 47 17 22 3 13 9 58 6 21 ]
[ 7 11 63 42 24 36 5 18 10 22 ]
[ 30 30 10 27 39 8 7 45 15 30 ]
[ 13 32 14 19 26 8 27 11 44 48 ]
[ 5 61 8 16 18 6 11 66 2 49 ]
[ 20 0 7 41 9 54 30 74 10 2 ]
[ 7 0 79 24 35 26 49 9 9 10 ]

Timer (generate): 1ms real	0ms user	0ms sys
[ 1 62 3 66 35 19 13 33 67 75 ]
[ 21 33 29 13 86 9 45 61 35 85 ]
[ 1 89 31 54 8 96 41 64 64 59 ]
[ 90 17 73 93 35 9 64 49 42 32 ]
[ 24 63 17 53 76 56 14 22 17 1 ]
[ 59 70 43 90 24 51 86 17 15 2 ]
[ 76 57 19 50 51 7 11 15 56 53 ]
[ 99 32 68 69 37 44 25 4 18 94 ]
[ 5 77 64 48 19 40 99 6 57 67 ]
[ 60 33 24 32 35 27 39 46 43 47 ]
[ 51 94 79 19 63 68 16 40 72 34 ]
[ 86 78 64 2 78 83 42 78 41 99 ]
[ 97 2 85 21 34 72 1 25 71 96 ]
[ 72 22 90 51 42 6 71 10 98 44 ]
[ 44 85 74 8 39 52 44 82 82 37 ]
[ 33 79 39 70 53 25 95 54 50 66 ]
[ 50 74 40 92 77 34 50 49 44 49 ]
[ 93 89 86 19 49 25 71 45 59 6 ]
[ 83 45 85 74 15 90 52 62 44 54 ]
[ 28 46 29 69 91 6 3 41 55 48 ]

Running merge sort algorithm: 
Timer (sort): 1ms real	10ms user	0ms sys
The output is sorted!
[ 52 6 9 5 27 1 23 40 1 11 ]
[ 47 8 1 60 5 11 7 15 20 10 ]
[ 2 22 2 9 16 0 18 28 42 57 ]
[ 29 22 44 26 5 46 5 13 8 0 ]
[ 16 14 29 7 16 16 28 24 19 29 ]
[ 23 11 14 72 2 47 17 6 4 4 ]
[ 0 34 12 0 20 90 26 2 16 1 ]
[ 14 9 21 43 67 17 4 7 19 1 ]
[ 16 3 6 42 86 1 18 6 28 1 ]
[ 4 29 51 17 4 14 0 37 40 13 ]
[ 15 5 1 2 69 14 14 17 56 22 ]
[ 17 12 39 22 14 45 53 5 7 2 ]
[ 2 3 10 16 28 21 58 26 21 34 ]
[ 20 19 3 10 28 4 32 81 7 23 ]
[ 43 14 25 10 18 15 49 0 27 29 ]
[ 15 37 0 41 12 4 30 47 42 2 ]
[ 56 54 53 2 1 3 17 19 12 14 ]
[ 4 40 5 16 10 15 7 53 21 60 ]
[ 37 8 43 42 4 46 5 1 23 24 ]
[ 11 17 74 4 34 0 5 3 40 48 ]

