Timer (generate): 158ms real	100ms user	50ms sys
[ 250000 250000 250000 250000 250000 250000 250000 250000 250000 250000 ]
[ 249999 250000 250000 250000 250000 250000 250000 250000 250000 250000 ]
[ 249999 249999 250000 250000 250000 250000 250000 250000 250000 250000 ]
[ 249999 249999 249999 250000 250000 250000 250000 250000 250000 250000 ]
[ 249999 249999 249999 249999 250000 250000 250000 250000 250000 250000 ]
[ 249999 249999 249999 249999 249999 250000 250000 250000 250000 250000 ]
[ 249999 249999 249999 249999 249999 249999 250000 250000 250000 250000 ]
[ 249999 249999 249999 249999 249999 249999 249999 250000 250000 250000 ]
[ 249999 249999 249999 249999 249999 249999 249999 249999 250000 250000 ]
[ 249999 249999 249999 249999 249999 249999 249999 249999 249999 250000 ]
[ 249999 249999 249999 249999 249999 249999 249999 249999 249999 249999 ]
[ 249998 249999 249999 249999 249999 249999 249999 249999 249999 249999 ]
[ 249998 249998 249999 249999 249999 249999 249999 249999 249999 249999 ]
[ 249998 249998 249998 249999 249999 249999 249999 249999 249999 249999 ]
[ 249998 249998 249998 249998 249999 249999 249999 249999 249999 249999 ]
[ 249998 249998 249998 249998 249998 249999 249999 249999 249999 249999 ]
[ 249998 249998 249998 249998 249998 249998 249999 249999 249999 249999 ]
[ 249998 249998 249998 249998 249998 249998 249998 249999 249999 249999 ]
[ 249998 249998 249998 249998 249998 249998 249998 249998 249999 249999 ]
[ 249998 249998 249998 249998 249998 249998 249998 249998 249998 249999 ]

Running merge sort algorithm: 
Timer (sort): 428ms real	420ms user	0ms sys
The output is sorted!
[ 0 0 0 0 0 0 0 0 0 1 ]
[ 0 0 0 0 0 0 0 0 1 1 ]
[ 0 0 0 0 0 0 0 1 1 1 ]
[ 0 0 0 0 0 0 1 1 1 1 ]
[ 0 0 0 0 0 1 1 1 1 1 ]
[ 0 0 0 0 1 1 1 1 1 1 ]
[ 0 0 0 1 1 1 1 1 1 1 ]
[ 0 0 1 1 1 1 1 1 1 1 ]
[ 0 1 1 1 1 1 1 1 1 1 ]
[ 1 1 1 1 1 1 1 1 1 1 ]
[ 1 1 1 1 1 1 1 1 1 2 ]
[ 1 1 1 1 1 1 1 1 2 2 ]
[ 1 1 1 1 1 1 1 2 2 2 ]
[ 1 1 1 1 1 1 2 2 2 2 ]
[ 1 1 1 1 1 2 2 2 2 2 ]
[ 1 1 1 1 2 2 2 2 2 2 ]
[ 1 1 1 2 2 2 2 2 2 2 ]
[ 1 1 2 2 2 2 2 2 2 2 ]
[ 1 2 2 2 2 2 2 2 2 2 ]
[ 2 2 2 2 2 2 2 2 2 2 ]

Timer (generate): 155ms real	110ms user	40ms sys
[ 250000 250000 250000 250000 250000 250000 250000 250000 250000 250000 ]
[ 249999 250000 250000 250000 250000 250000 250000 250000 250000 250000 ]
[ 249999 249999 250000 250000 250000 250000 250000 250000 250000 250000 ]
[ 249999 249999 249999 250000 250000 250000 250000 250000 250000 250000 ]
[ 249999 249999 249999 249999 250000 250000 250000 250000 250000 250000 ]
[ 249999 249999 249999 249999 249999 250000 250000 250000 250000 250000 ]
[ 249999 249999 249999 249999 249999 249999 250000 250000 250000 250000 ]
[ 249999 249999 249999 249999 249999 249999 249999 250000 250000 250000 ]
[ 249999 249999 249999 249999 249999 249999 249999 249999 250000 250000 ]
[ 249999 249999 249999 249999 249999 249999 249999 249999 249999 250000 ]
[ 249999 249999 249999 249999 249999 249999 249999 249999 249999 249999 ]
[ 249998 249999 249999 249999 249999 249999 249999 249999 249999 249999 ]
[ 249998 249998 249999 249999 249999 249999 249999 249999 249999 249999 ]
[ 249998 249998 249998 249999 249999 249999 249999 249999 249999 249999 ]
[ 249998 249998 249998 249998 249999 249999 249999 249999 249999 249999 ]
[ 249998 249998 249998 249998 249998 249999 249999 249999 249999 249999 ]
[ 249998 249998 249998 249998 249998 249998 249999 249999 249999 249999 ]
[ 249998 249998 249998 249998 249998 249998 249998 249999 249999 249999 ]
[ 249998 249998 249998 249998 249998 249998 249998 249998 249999 249999 ]
[ 249998 249998 249998 249998 249998 249998 249998 249998 249998 249999 ]

Running merge sort algorithm: 
Timer (sort): 413ms real	410ms user	0ms sys
The output is sorted!
[ 0 0 0 0 0 0 0 0 0 1 ]
[ 0 0 0 0 0 0 0 0 1 1 ]
[ 0 0 0 0 0 0 0 1 1 1 ]
[ 0 0 0 0 0 0 1 1 1 1 ]
[ 0 0 0 0 0 1 1 1 1 1 ]
[ 0 0 0 0 1 1 1 1 1 1 ]
[ 0 0 0 1 1 1 1 1 1 1 ]
[ 0 0 1 1 1 1 1 1 1 1 ]
[ 0 1 1 1 1 1 1 1 1 1 ]
[ 1 1 1 1 1 1 1 1 1 1 ]
[ 1 1 1 1 1 1 1 1 1 2 ]
[ 1 1 1 1 1 1 1 1 2 2 ]
[ 1 1 1 1 1 1 1 2 2 2 ]
[ 1 1 1 1 1 1 2 2 2 2 ]
[ 1 1 1 1 1 2 2 2 2 2 ]
[ 1 1 1 1 2 2 2 2 2 2 ]
[ 1 1 1 2 2 2 2 2 2 2 ]
[ 1 1 2 2 2 2 2 2 2 2 ]
[ 1 2 2 2 2 2 2 2 2 2 ]
[ 2 2 2 2 2 2 2 2 2 2 ]

Timer (generate): 162ms real	120ms user	40ms sys
[ 250000 250000 250000 250000 250000 250000 250000 250000 250000 250000 ]
[ 249999 250000 250000 250000 250000 250000 250000 250000 250000 250000 ]
[ 249999 249999 250000 250000 250000 250000 250000 250000 250000 250000 ]
[ 249999 249999 249999 250000 250000 250000 250000 250000 250000 250000 ]
[ 249999 249999 249999 249999 250000 250000 250000 250000 250000 250000 ]
[ 249999 249999 249999 249999 249999 250000 250000 250000 250000 250000 ]
[ 249999 249999 249999 249999 249999 249999 250000 250000 250000 250000 ]
[ 249999 249999 249999 249999 249999 249999 249999 250000 250000 250000 ]
[ 249999 249999 249999 249999 249999 249999 249999 249999 250000 250000 ]
[ 249999 249999 249999 249999 249999 249999 249999 249999 249999 250000 ]
[ 249999 249999 249999 249999 249999 249999 249999 249999 249999 249999 ]
[ 249998 249999 249999 249999 249999 249999 249999 249999 249999 249999 ]
[ 249998 249998 249999 249999 249999 249999 249999 249999 249999 249999 ]
[ 249998 249998 249998 249999 249999 249999 249999 249999 249999 249999 ]
[ 249998 249998 249998 249998 249999 249999 249999 249999 249999 249999 ]
[ 249998 249998 249998 249998 249998 249999 249999 249999 249999 249999 ]
[ 249998 249998 249998 249998 249998 249998 249999 249999 249999 249999 ]
[ 249998 249998 249998 249998 249998 249998 249998 249999 249999 249999 ]
[ 249998 249998 249998 249998 249998 249998 249998 249998 249999 249999 ]
[ 249998 249998 249998 249998 249998 249998 249998 249998 249998 249999 ]

Running merge sort algorithm: 
Timer (sort): 411ms real	410ms user	0ms sys
The output is sorted!
[ 0 0 0 0 0 0 0 0 0 1 ]
[ 0 0 0 0 0 0 0 0 1 1 ]
[ 0 0 0 0 0 0 0 1 1 1 ]
[ 0 0 0 0 0 0 1 1 1 1 ]
[ 0 0 0 0 0 1 1 1 1 1 ]
[ 0 0 0 0 1 1 1 1 1 1 ]
[ 0 0 0 1 1 1 1 1 1 1 ]
[ 0 0 1 1 1 1 1 1 1 1 ]
[ 0 1 1 1 1 1 1 1 1 1 ]
[ 1 1 1 1 1 1 1 1 1 1 ]
[ 1 1 1 1 1 1 1 1 1 2 ]
[ 1 1 1 1 1 1 1 1 2 2 ]
[ 1 1 1 1 1 1 1 2 2 2 ]
[ 1 1 1 1 1 1 2 2 2 2 ]
[ 1 1 1 1 1 2 2 2 2 2 ]
[ 1 1 1 1 2 2 2 2 2 2 ]
[ 1 1 1 2 2 2 2 2 2 2 ]
[ 1 1 2 2 2 2 2 2 2 2 ]
[ 1 2 2 2 2 2 2 2 2 2 ]
[ 2 2 2 2 2 2 2 2 2 2 ]

Timer (generate): 155ms real	120ms user	30ms sys
[ 250000 250000 250000 250000 250000 250000 250000 250000 250000 250000 ]
[ 249999 250000 250000 250000 250000 250000 250000 250000 250000 250000 ]
[ 249999 249999 250000 250000 250000 250000 250000 250000 250000 250000 ]
[ 249999 249999 249999 250000 250000 250000 250000 250000 250000 250000 ]
[ 249999 249999 249999 249999 250000 250000 250000 250000 250000 250000 ]
[ 249999 249999 249999 249999 249999 250000 250000 250000 250000 250000 ]
[ 249999 249999 249999 249999 249999 249999 250000 250000 250000 250000 ]
[ 249999 249999 249999 249999 249999 249999 249999 250000 250000 250000 ]
[ 249999 249999 249999 249999 249999 249999 249999 249999 250000 250000 ]
[ 249999 249999 249999 249999 249999 249999 249999 249999 249999 250000 ]
[ 249999 249999 249999 249999 249999 249999 249999 249999 249999 249999 ]
[ 249998 249999 249999 249999 249999 249999 249999 249999 249999 249999 ]
[ 249998 249998 249999 249999 249999 249999 249999 249999 249999 249999 ]
[ 249998 249998 249998 249999 249999 249999 249999 249999 249999 249999 ]
[ 249998 249998 249998 249998 249999 249999 249999 249999 249999 249999 ]
[ 249998 249998 249998 249998 249998 249999 249999 249999 249999 249999 ]
[ 249998 249998 249998 249998 249998 249998 249999 249999 249999 249999 ]
[ 249998 249998 249998 249998 249998 249998 249998 249999 249999 249999 ]
[ 249998 249998 249998 249998 249998 249998 249998 249998 249999 249999 ]
[ 249998 249998 249998 249998 249998 249998 249998 249998 249998 249999 ]

Running merge sort algorithm: 
Timer (sort): 415ms real	420ms user	0ms sys
The output is sorted!
[ 0 0 0 0 0 0 0 0 0 1 ]
[ 0 0 0 0 0 0 0 0 1 1 ]
[ 0 0 0 0 0 0 0 1 1 1 ]
[ 0 0 0 0 0 0 1 1 1 1 ]
[ 0 0 0 0 0 1 1 1 1 1 ]
[ 0 0 0 0 1 1 1 1 1 1 ]
[ 0 0 0 1 1 1 1 1 1 1 ]
[ 0 0 1 1 1 1 1 1 1 1 ]
[ 0 1 1 1 1 1 1 1 1 1 ]
[ 1 1 1 1 1 1 1 1 1 1 ]
[ 1 1 1 1 1 1 1 1 1 2 ]
[ 1 1 1 1 1 1 1 1 2 2 ]
[ 1 1 1 1 1 1 1 2 2 2 ]
[ 1 1 1 1 1 1 2 2 2 2 ]
[ 1 1 1 1 1 2 2 2 2 2 ]
[ 1 1 1 1 2 2 2 2 2 2 ]
[ 1 1 1 2 2 2 2 2 2 2 ]
[ 1 1 2 2 2 2 2 2 2 2 ]
[ 1 2 2 2 2 2 2 2 2 2 ]
[ 2 2 2 2 2 2 2 2 2 2 ]

Timer (generate): 151ms real	130ms user	10ms sys
[ 250000 250000 250000 250000 250000 250000 250000 250000 250000 250000 ]
[ 249999 250000 250000 250000 250000 250000 250000 250000 250000 250000 ]
[ 249999 249999 250000 250000 250000 250000 250000 250000 250000 250000 ]
[ 249999 249999 249999 250000 250000 250000 250000 250000 250000 250000 ]
[ 249999 249999 249999 249999 250000 250000 250000 250000 250000 250000 ]
[ 249999 249999 249999 249999 249999 250000 250000 250000 250000 250000 ]
[ 249999 249999 249999 249999 249999 249999 250000 250000 250000 250000 ]
[ 249999 249999 249999 249999 249999 249999 249999 250000 250000 250000 ]
[ 249999 249999 249999 249999 249999 249999 249999 249999 250000 250000 ]
[ 249999 249999 249999 249999 249999 249999 249999 249999 249999 250000 ]
[ 249999 249999 249999 249999 249999 249999 249999 249999 249999 249999 ]
[ 249998 249999 249999 249999 249999 249999 249999 249999 249999 249999 ]
[ 249998 249998 249999 249999 249999 249999 249999 249999 249999 249999 ]
[ 249998 249998 249998 249999 249999 249999 249999 249999 249999 249999 ]
[ 249998 249998 249998 249998 249999 249999 249999 249999 249999 249999 ]
[ 249998 249998 249998 249998 249998 249999 249999 249999 249999 249999 ]
[ 249998 249998 249998 249998 249998 249998 249999 249999 249999 249999 ]
[ 249998 249998 249998 249998 249998 249998 249998 249999 249999 249999 ]
[ 249998 249998 249998 249998 249998 249998 249998 249998 249999 249999 ]
[ 249998 249998 249998 249998 249998 249998 249998 249998 249998 249999 ]

Running merge sort algorithm: 
Timer (sort): 401ms real	400ms user	0ms sys
The output is sorted!
[ 0 0 0 0 0 0 0 0 0 1 ]
[ 0 0 0 0 0 0 0 0 1 1 ]
[ 0 0 0 0 0 0 0 1 1 1 ]
[ 0 0 0 0 0 0 1 1 1 1 ]
[ 0 0 0 0 0 1 1 1 1 1 ]
[ 0 0 0 0 1 1 1 1 1 1 ]
[ 0 0 0 1 1 1 1 1 1 1 ]
[ 0 0 1 1 1 1 1 1 1 1 ]
[ 0 1 1 1 1 1 1 1 1 1 ]
[ 1 1 1 1 1 1 1 1 1 1 ]
[ 1 1 1 1 1 1 1 1 1 2 ]
[ 1 1 1 1 1 1 1 1 2 2 ]
[ 1 1 1 1 1 1 1 2 2 2 ]
[ 1 1 1 1 1 1 2 2 2 2 ]
[ 1 1 1 1 1 2 2 2 2 2 ]
[ 1 1 1 1 2 2 2 2 2 2 ]
[ 1 1 1 2 2 2 2 2 2 2 ]
[ 1 1 2 2 2 2 2 2 2 2 ]
[ 1 2 2 2 2 2 2 2 2 2 ]
[ 2 2 2 2 2 2 2 2 2 2 ]

Timer (generate): 152ms real	130ms user	20ms sys
[ 250000 250000 250000 250000 250000 250000 250000 250000 250000 250000 ]
[ 249999 250000 250000 250000 250000 250000 250000 250000 250000 250000 ]
[ 249999 249999 250000 250000 250000 250000 250000 250000 250000 250000 ]
[ 249999 249999 249999 250000 250000 250000 250000 250000 250000 250000 ]
[ 249999 249999 249999 249999 250000 250000 250000 250000 250000 250000 ]
[ 249999 249999 249999 249999 249999 250000 250000 250000 250000 250000 ]
[ 249999 249999 249999 249999 249999 249999 250000 250000 250000 250000 ]
[ 249999 249999 249999 249999 249999 249999 249999 250000 250000 250000 ]
[ 249999 249999 249999 249999 249999 249999 249999 249999 250000 250000 ]
[ 249999 249999 249999 249999 249999 249999 249999 249999 249999 250000 ]
[ 249999 249999 249999 249999 249999 249999 249999 249999 249999 249999 ]
[ 249998 249999 249999 249999 249999 249999 249999 249999 249999 249999 ]
[ 249998 249998 249999 249999 249999 249999 249999 249999 249999 249999 ]
[ 249998 249998 249998 249999 249999 249999 249999 249999 249999 249999 ]
[ 249998 249998 249998 249998 249999 249999 249999 249999 249999 249999 ]
[ 249998 249998 249998 249998 249998 249999 249999 249999 249999 249999 ]
[ 249998 249998 249998 249998 249998 249998 249999 249999 249999 249999 ]
[ 249998 249998 249998 249998 249998 249998 249998 249999 249999 249999 ]
[ 249998 249998 249998 249998 249998 249998 249998 249998 249999 249999 ]
[ 249998 249998 249998 249998 249998 249998 249998 249998 249998 249999 ]

Running merge sort algorithm: 
Timer (sort): 393ms real	380ms user	10ms sys
The output is sorted!
[ 0 0 0 0 0 0 0 0 0 1 ]
[ 0 0 0 0 0 0 0 0 1 1 ]
[ 0 0 0 0 0 0 0 1 1 1 ]
[ 0 0 0 0 0 0 1 1 1 1 ]
[ 0 0 0 0 0 1 1 1 1 1 ]
[ 0 0 0 0 1 1 1 1 1 1 ]
[ 0 0 0 1 1 1 1 1 1 1 ]
[ 0 0 1 1 1 1 1 1 1 1 ]
[ 0 1 1 1 1 1 1 1 1 1 ]
[ 1 1 1 1 1 1 1 1 1 1 ]
[ 1 1 1 1 1 1 1 1 1 2 ]
[ 1 1 1 1 1 1 1 1 2 2 ]
[ 1 1 1 1 1 1 1 2 2 2 ]
[ 1 1 1 1 1 1 2 2 2 2 ]
[ 1 1 1 1 1 2 2 2 2 2 ]
[ 1 1 1 1 2 2 2 2 2 2 ]
[ 1 1 1 2 2 2 2 2 2 2 ]
[ 1 1 2 2 2 2 2 2 2 2 ]
[ 1 2 2 2 2 2 2 2 2 2 ]
[ 2 2 2 2 2 2 2 2 2 2 ]

Timer (generate): 156ms real	130ms user	10ms sys
[ 250000 250000 250000 250000 250000 250000 250000 250000 250000 250000 ]
[ 249999 250000 250000 250000 250000 250000 250000 250000 250000 250000 ]
[ 249999 249999 250000 250000 250000 250000 250000 250000 250000 250000 ]
[ 249999 249999 249999 250000 250000 250000 250000 250000 250000 250000 ]
[ 249999 249999 249999 249999 250000 250000 250000 250000 250000 250000 ]
[ 249999 249999 249999 249999 249999 250000 250000 250000 250000 250000 ]
[ 249999 249999 249999 249999 249999 249999 250000 250000 250000 250000 ]
[ 249999 249999 249999 249999 249999 249999 249999 250000 250000 250000 ]
[ 249999 249999 249999 249999 249999 249999 249999 249999 250000 250000 ]
[ 249999 249999 249999 249999 249999 249999 249999 249999 249999 250000 ]
[ 249999 249999 249999 249999 249999 249999 249999 249999 249999 249999 ]
[ 249998 249999 249999 249999 249999 249999 249999 249999 249999 249999 ]
[ 249998 249998 249999 249999 249999 249999 249999 249999 249999 249999 ]
[ 249998 249998 249998 249999 249999 249999 249999 249999 249999 249999 ]
[ 249998 249998 249998 249998 249999 249999 249999 249999 249999 249999 ]
[ 249998 249998 249998 249998 249998 249999 249999 249999 249999 249999 ]
[ 249998 249998 249998 249998 249998 249998 249999 249999 249999 249999 ]
[ 249998 249998 249998 249998 249998 249998 249998 249999 249999 249999 ]
[ 249998 249998 249998 249998 249998 249998 249998 249998 249999 249999 ]
[ 249998 249998 249998 249998 249998 249998 249998 249998 249998 249999 ]

Running merge sort algorithm: 
Timer (sort): 425ms real	400ms user	30ms sys
The output is sorted!
[ 0 0 0 0 0 0 0 0 0 1 ]
[ 0 0 0 0 0 0 0 0 1 1 ]
[ 0 0 0 0 0 0 0 1 1 1 ]
[ 0 0 0 0 0 0 1 1 1 1 ]
[ 0 0 0 0 0 1 1 1 1 1 ]
[ 0 0 0 0 1 1 1 1 1 1 ]
[ 0 0 0 1 1 1 1 1 1 1 ]
[ 0 0 1 1 1 1 1 1 1 1 ]
[ 0 1 1 1 1 1 1 1 1 1 ]
[ 1 1 1 1 1 1 1 1 1 1 ]
[ 1 1 1 1 1 1 1 1 1 2 ]
[ 1 1 1 1 1 1 1 1 2 2 ]
[ 1 1 1 1 1 1 1 2 2 2 ]
[ 1 1 1 1 1 1 2 2 2 2 ]
[ 1 1 1 1 1 2 2 2 2 2 ]
[ 1 1 1 1 2 2 2 2 2 2 ]
[ 1 1 1 2 2 2 2 2 2 2 ]
[ 1 1 2 2 2 2 2 2 2 2 ]
[ 1 2 2 2 2 2 2 2 2 2 ]
[ 2 2 2 2 2 2 2 2 2 2 ]

Timer (generate): 179ms real	160ms user	20ms sys
[ 250000 250000 250000 250000 250000 250000 250000 250000 250000 250000 ]
[ 249999 250000 250000 250000 250000 250000 250000 250000 250000 250000 ]
[ 249999 249999 250000 250000 250000 250000 250000 250000 250000 250000 ]
[ 249999 249999 249999 250000 250000 250000 250000 250000 250000 250000 ]
[ 249999 249999 249999 249999 250000 250000 250000 250000 250000 250000 ]
[ 249999 249999 249999 249999 249999 250000 250000 250000 250000 250000 ]
[ 249999 249999 249999 249999 249999 249999 250000 250000 250000 250000 ]
[ 249999 249999 249999 249999 249999 249999 249999 250000 250000 250000 ]
[ 249999 249999 249999 249999 249999 249999 249999 249999 250000 250000 ]
[ 249999 249999 249999 249999 249999 249999 249999 249999 249999 250000 ]
[ 249999 249999 249999 249999 249999 249999 249999 249999 249999 249999 ]
[ 249998 249999 249999 249999 249999 249999 249999 249999 249999 249999 ]
[ 249998 249998 249999 249999 249999 249999 249999 249999 249999 249999 ]
[ 249998 249998 249998 249999 249999 249999 249999 249999 249999 249999 ]
[ 249998 249998 249998 249998 249999 249999 249999 249999 249999 249999 ]
[ 249998 249998 249998 249998 249998 249999 249999 249999 249999 249999 ]
[ 249998 249998 249998 249998 249998 249998 249999 249999 249999 249999 ]
[ 249998 249998 249998 249998 249998 249998 249998 249999 249999 249999 ]
[ 249998 249998 249998 249998 249998 249998 249998 249998 249999 249999 ]
[ 249998 249998 249998 249998 249998 249998 249998 249998 249998 249999 ]

Running merge sort algorithm: 
Timer (sort): 440ms real	420ms user	20ms sys
The output is sorted!
[ 0 0 0 0 0 0 0 0 0 1 ]
[ 0 0 0 0 0 0 0 0 1 1 ]
[ 0 0 0 0 0 0 0 1 1 1 ]
[ 0 0 0 0 0 0 1 1 1 1 ]
[ 0 0 0 0 0 1 1 1 1 1 ]
[ 0 0 0 0 1 1 1 1 1 1 ]
[ 0 0 0 1 1 1 1 1 1 1 ]
[ 0 0 1 1 1 1 1 1 1 1 ]
[ 0 1 1 1 1 1 1 1 1 1 ]
[ 1 1 1 1 1 1 1 1 1 1 ]
[ 1 1 1 1 1 1 1 1 1 2 ]
[ 1 1 1 1 1 1 1 1 2 2 ]
[ 1 1 1 1 1 1 1 2 2 2 ]
[ 1 1 1 1 1 1 2 2 2 2 ]
[ 1 1 1 1 1 2 2 2 2 2 ]
[ 1 1 1 1 2 2 2 2 2 2 ]
[ 1 1 1 2 2 2 2 2 2 2 ]
[ 1 1 2 2 2 2 2 2 2 2 ]
[ 1 2 2 2 2 2 2 2 2 2 ]
[ 2 2 2 2 2 2 2 2 2 2 ]

Timer (generate): 177ms real	150ms user	20ms sys
[ 250000 250000 250000 250000 250000 250000 250000 250000 250000 250000 ]
[ 249999 250000 250000 250000 250000 250000 250000 250000 250000 250000 ]
[ 249999 249999 250000 250000 250000 250000 250000 250000 250000 250000 ]
[ 249999 249999 249999 250000 250000 250000 250000 250000 250000 250000 ]
[ 249999 249999 249999 249999 250000 250000 250000 250000 250000 250000 ]
[ 249999 249999 249999 249999 249999 250000 250000 250000 250000 250000 ]
[ 249999 249999 249999 249999 249999 249999 250000 250000 250000 250000 ]
[ 249999 249999 249999 249999 249999 249999 249999 250000 250000 250000 ]
[ 249999 249999 249999 249999 249999 249999 249999 249999 250000 250000 ]
[ 249999 249999 249999 249999 249999 249999 249999 249999 249999 250000 ]
[ 249999 249999 249999 249999 249999 249999 249999 249999 249999 249999 ]
[ 249998 249999 249999 249999 249999 249999 249999 249999 249999 249999 ]
[ 249998 249998 249999 249999 249999 249999 249999 249999 249999 249999 ]
[ 249998 249998 249998 249999 249999 249999 249999 249999 249999 249999 ]
[ 249998 249998 249998 249998 249999 249999 249999 249999 249999 249999 ]
[ 249998 249998 249998 249998 249998 249999 249999 249999 249999 249999 ]
[ 249998 249998 249998 249998 249998 249998 249999 249999 249999 249999 ]
[ 249998 249998 249998 249998 249998 249998 249998 249999 249999 249999 ]
[ 249998 249998 249998 249998 249998 249998 249998 249998 249999 249999 ]
[ 249998 249998 249998 249998 249998 249998 249998 249998 249998 249999 ]

Running merge sort algorithm: 
Timer (sort): 425ms real	410ms user	20ms sys
The output is sorted!
[ 0 0 0 0 0 0 0 0 0 1 ]
[ 0 0 0 0 0 0 0 0 1 1 ]
[ 0 0 0 0 0 0 0 1 1 1 ]
[ 0 0 0 0 0 0 1 1 1 1 ]
[ 0 0 0 0 0 1 1 1 1 1 ]
[ 0 0 0 0 1 1 1 1 1 1 ]
[ 0 0 0 1 1 1 1 1 1 1 ]
[ 0 0 1 1 1 1 1 1 1 1 ]
[ 0 1 1 1 1 1 1 1 1 1 ]
[ 1 1 1 1 1 1 1 1 1 1 ]
[ 1 1 1 1 1 1 1 1 1 2 ]
[ 1 1 1 1 1 1 1 1 2 2 ]
[ 1 1 1 1 1 1 1 2 2 2 ]
[ 1 1 1 1 1 1 2 2 2 2 ]
[ 1 1 1 1 1 2 2 2 2 2 ]
[ 1 1 1 1 2 2 2 2 2 2 ]
[ 1 1 1 2 2 2 2 2 2 2 ]
[ 1 1 2 2 2 2 2 2 2 2 ]
[ 1 2 2 2 2 2 2 2 2 2 ]
[ 2 2 2 2 2 2 2 2 2 2 ]

Timer (generate): 158ms real	130ms user	20ms sys
[ 250000 250000 250000 250000 250000 250000 250000 250000 250000 250000 ]
[ 249999 250000 250000 250000 250000 250000 250000 250000 250000 250000 ]
[ 249999 249999 250000 250000 250000 250000 250000 250000 250000 250000 ]
[ 249999 249999 249999 250000 250000 250000 250000 250000 250000 250000 ]
[ 249999 249999 249999 249999 250000 250000 250000 250000 250000 250000 ]
[ 249999 249999 249999 249999 249999 250000 250000 250000 250000 250000 ]
[ 249999 249999 249999 249999 249999 249999 250000 250000 250000 250000 ]
[ 249999 249999 249999 249999 249999 249999 249999 250000 250000 250000 ]
[ 249999 249999 249999 249999 249999 249999 249999 249999 250000 250000 ]
[ 249999 249999 249999 249999 249999 249999 249999 249999 249999 250000 ]
[ 249999 249999 249999 249999 249999 249999 249999 249999 249999 249999 ]
[ 249998 249999 249999 249999 249999 249999 249999 249999 249999 249999 ]
[ 249998 249998 249999 249999 249999 249999 249999 249999 249999 249999 ]
[ 249998 249998 249998 249999 249999 249999 249999 249999 249999 249999 ]
[ 249998 249998 249998 249998 249999 249999 249999 249999 249999 249999 ]
[ 249998 249998 249998 249998 249998 249999 249999 249999 249999 249999 ]
[ 249998 249998 249998 249998 249998 249998 249999 249999 249999 249999 ]
[ 249998 249998 249998 249998 249998 249998 249998 249999 249999 249999 ]
[ 249998 249998 249998 249998 249998 249998 249998 249998 249999 249999 ]
[ 249998 249998 249998 249998 249998 249998 249998 249998 249998 249999 ]

Running merge sort algorithm: 
Timer (sort): 429ms real	430ms user	0ms sys
The output is sorted!
[ 0 0 0 0 0 0 0 0 0 1 ]
[ 0 0 0 0 0 0 0 0 1 1 ]
[ 0 0 0 0 0 0 0 1 1 1 ]
[ 0 0 0 0 0 0 1 1 1 1 ]
[ 0 0 0 0 0 1 1 1 1 1 ]
[ 0 0 0 0 1 1 1 1 1 1 ]
[ 0 0 0 1 1 1 1 1 1 1 ]
[ 0 0 1 1 1 1 1 1 1 1 ]
[ 0 1 1 1 1 1 1 1 1 1 ]
[ 1 1 1 1 1 1 1 1 1 1 ]
[ 1 1 1 1 1 1 1 1 1 2 ]
[ 1 1 1 1 1 1 1 1 2 2 ]
[ 1 1 1 1 1 1 1 2 2 2 ]
[ 1 1 1 1 1 1 2 2 2 2 ]
[ 1 1 1 1 1 2 2 2 2 2 ]
[ 1 1 1 1 2 2 2 2 2 2 ]
[ 1 1 1 2 2 2 2 2 2 2 ]
[ 1 1 2 2 2 2 2 2 2 2 ]
[ 1 2 2 2 2 2 2 2 2 2 ]
[ 2 2 2 2 2 2 2 2 2 2 ]

