Timer (generate): 17ms real	10ms user	0ms sys
[ 25000 25000 25000 25000 25000 25000 25000 25000 25000 25000 ]
[ 24999 25000 25000 25000 25000 25000 25000 25000 25000 25000 ]
[ 24999 24999 25000 25000 25000 25000 25000 25000 25000 25000 ]
[ 24999 24999 24999 25000 25000 25000 25000 25000 25000 25000 ]
[ 24999 24999 24999 24999 25000 25000 25000 25000 25000 25000 ]
[ 24999 24999 24999 24999 24999 25000 25000 25000 25000 25000 ]
[ 24999 24999 24999 24999 24999 24999 25000 25000 25000 25000 ]
[ 24999 24999 24999 24999 24999 24999 24999 25000 25000 25000 ]
[ 24999 24999 24999 24999 24999 24999 24999 24999 25000 25000 ]
[ 24999 24999 24999 24999 24999 24999 24999 24999 24999 25000 ]
[ 24999 24999 24999 24999 24999 24999 24999 24999 24999 24999 ]
[ 24998 24999 24999 24999 24999 24999 24999 24999 24999 24999 ]
[ 24998 24998 24999 24999 24999 24999 24999 24999 24999 24999 ]
[ 24998 24998 24998 24999 24999 24999 24999 24999 24999 24999 ]
[ 24998 24998 24998 24998 24999 24999 24999 24999 24999 24999 ]
[ 24998 24998 24998 24998 24998 24999 24999 24999 24999 24999 ]
[ 24998 24998 24998 24998 24998 24998 24999 24999 24999 24999 ]
[ 24998 24998 24998 24998 24998 24998 24998 24999 24999 24999 ]
[ 24998 24998 24998 24998 24998 24998 24998 24998 24999 24999 ]
[ 24998 24998 24998 24998 24998 24998 24998 24998 24998 24999 ]

Running merge sort algorithm: 
Timer (sort): 40ms real	40ms user	0ms sys
The output is sorted!
[ 0 0 0 0 0 0 0 0 0 1 ]
[ 0 0 0 0 0 0 0 0 1 1 ]
[ 0 0 0 0 0 0 0 1 1 1 ]
[ 0 0 0 0 0 0 1 1 1 1 ]
[ 0 0 0 0 0 1 1 1 1 1 ]
[ 0 0 0 0 1 1 1 1 1 1 ]
[ 0 0 0 1 1 1 1 1 1 1 ]
[ 0 0 1 1 1 1 1 1 1 1 ]
[ 0 1 1 1 1 1 1 1 1 1 ]
[ 1 1 1 1 1 1 1 1 1 1 ]
[ 1 1 1 1 1 1 1 1 1 2 ]
[ 1 1 1 1 1 1 1 1 2 2 ]
[ 1 1 1 1 1 1 1 2 2 2 ]
[ 1 1 1 1 1 1 2 2 2 2 ]
[ 1 1 1 1 1 2 2 2 2 2 ]
[ 1 1 1 1 2 2 2 2 2 2 ]
[ 1 1 1 2 2 2 2 2 2 2 ]
[ 1 1 2 2 2 2 2 2 2 2 ]
[ 1 2 2 2 2 2 2 2 2 2 ]
[ 2 2 2 2 2 2 2 2 2 2 ]

Timer (generate): 17ms real	0ms user	0ms sys
[ 25000 25000 25000 25000 25000 25000 25000 25000 25000 25000 ]
[ 24999 25000 25000 25000 25000 25000 25000 25000 25000 25000 ]
[ 24999 24999 25000 25000 25000 25000 25000 25000 25000 25000 ]
[ 24999 24999 24999 25000 25000 25000 25000 25000 25000 25000 ]
[ 24999 24999 24999 24999 25000 25000 25000 25000 25000 25000 ]
[ 24999 24999 24999 24999 24999 25000 25000 25000 25000 25000 ]
[ 24999 24999 24999 24999 24999 24999 25000 25000 25000 25000 ]
[ 24999 24999 24999 24999 24999 24999 24999 25000 25000 25000 ]
[ 24999 24999 24999 24999 24999 24999 24999 24999 25000 25000 ]
[ 24999 24999 24999 24999 24999 24999 24999 24999 24999 25000 ]
[ 24999 24999 24999 24999 24999 24999 24999 24999 24999 24999 ]
[ 24998 24999 24999 24999 24999 24999 24999 24999 24999 24999 ]
[ 24998 24998 24999 24999 24999 24999 24999 24999 24999 24999 ]
[ 24998 24998 24998 24999 24999 24999 24999 24999 24999 24999 ]
[ 24998 24998 24998 24998 24999 24999 24999 24999 24999 24999 ]
[ 24998 24998 24998 24998 24998 24999 24999 24999 24999 24999 ]
[ 24998 24998 24998 24998 24998 24998 24999 24999 24999 24999 ]
[ 24998 24998 24998 24998 24998 24998 24998 24999 24999 24999 ]
[ 24998 24998 24998 24998 24998 24998 24998 24998 24999 24999 ]
[ 24998 24998 24998 24998 24998 24998 24998 24998 24998 24999 ]

Running merge sort algorithm: 
Timer (sort): 36ms real	20ms user	0ms sys
The output is sorted!
[ 0 0 0 0 0 0 0 0 0 1 ]
[ 0 0 0 0 0 0 0 0 1 1 ]
[ 0 0 0 0 0 0 0 1 1 1 ]
[ 0 0 0 0 0 0 1 1 1 1 ]
[ 0 0 0 0 0 1 1 1 1 1 ]
[ 0 0 0 0 1 1 1 1 1 1 ]
[ 0 0 0 1 1 1 1 1 1 1 ]
[ 0 0 1 1 1 1 1 1 1 1 ]
[ 0 1 1 1 1 1 1 1 1 1 ]
[ 1 1 1 1 1 1 1 1 1 1 ]
[ 1 1 1 1 1 1 1 1 1 2 ]
[ 1 1 1 1 1 1 1 1 2 2 ]
[ 1 1 1 1 1 1 1 2 2 2 ]
[ 1 1 1 1 1 1 2 2 2 2 ]
[ 1 1 1 1 1 2 2 2 2 2 ]
[ 1 1 1 1 2 2 2 2 2 2 ]
[ 1 1 1 2 2 2 2 2 2 2 ]
[ 1 1 2 2 2 2 2 2 2 2 ]
[ 1 2 2 2 2 2 2 2 2 2 ]
[ 2 2 2 2 2 2 2 2 2 2 ]

Timer (generate): 16ms real	0ms user	0ms sys
[ 25000 25000 25000 25000 25000 25000 25000 25000 25000 25000 ]
[ 24999 25000 25000 25000 25000 25000 25000 25000 25000 25000 ]
[ 24999 24999 25000 25000 25000 25000 25000 25000 25000 25000 ]
[ 24999 24999 24999 25000 25000 25000 25000 25000 25000 25000 ]
[ 24999 24999 24999 24999 25000 25000 25000 25000 25000 25000 ]
[ 24999 24999 24999 24999 24999 25000 25000 25000 25000 25000 ]
[ 24999 24999 24999 24999 24999 24999 25000 25000 25000 25000 ]
[ 24999 24999 24999 24999 24999 24999 24999 25000 25000 25000 ]
[ 24999 24999 24999 24999 24999 24999 24999 24999 25000 25000 ]
[ 24999 24999 24999 24999 24999 24999 24999 24999 24999 25000 ]
[ 24999 24999 24999 24999 24999 24999 24999 24999 24999 24999 ]
[ 24998 24999 24999 24999 24999 24999 24999 24999 24999 24999 ]
[ 24998 24998 24999 24999 24999 24999 24999 24999 24999 24999 ]
[ 24998 24998 24998 24999 24999 24999 24999 24999 24999 24999 ]
[ 24998 24998 24998 24998 24999 24999 24999 24999 24999 24999 ]
[ 24998 24998 24998 24998 24998 24999 24999 24999 24999 24999 ]
[ 24998 24998 24998 24998 24998 24998 24999 24999 24999 24999 ]
[ 24998 24998 24998 24998 24998 24998 24998 24999 24999 24999 ]
[ 24998 24998 24998 24998 24998 24998 24998 24998 24999 24999 ]
[ 24998 24998 24998 24998 24998 24998 24998 24998 24998 24999 ]

Running merge sort algorithm: 
Timer (sort): 35ms real	40ms user	10ms sys
The output is sorted!
[ 0 0 0 0 0 0 0 0 0 1 ]
[ 0 0 0 0 0 0 0 0 1 1 ]
[ 0 0 0 0 0 0 0 1 1 1 ]
[ 0 0 0 0 0 0 1 1 1 1 ]
[ 0 0 0 0 0 1 1 1 1 1 ]
[ 0 0 0 0 1 1 1 1 1 1 ]
[ 0 0 0 1 1 1 1 1 1 1 ]
[ 0 0 1 1 1 1 1 1 1 1 ]
[ 0 1 1 1 1 1 1 1 1 1 ]
[ 1 1 1 1 1 1 1 1 1 1 ]
[ 1 1 1 1 1 1 1 1 1 2 ]
[ 1 1 1 1 1 1 1 1 2 2 ]
[ 1 1 1 1 1 1 1 2 2 2 ]
[ 1 1 1 1 1 1 2 2 2 2 ]
[ 1 1 1 1 1 2 2 2 2 2 ]
[ 1 1 1 1 2 2 2 2 2 2 ]
[ 1 1 1 2 2 2 2 2 2 2 ]
[ 1 1 2 2 2 2 2 2 2 2 ]
[ 1 2 2 2 2 2 2 2 2 2 ]
[ 2 2 2 2 2 2 2 2 2 2 ]

Timer (generate): 11ms real	10ms user	0ms sys
[ 25000 25000 25000 25000 25000 25000 25000 25000 25000 25000 ]
[ 24999 25000 25000 25000 25000 25000 25000 25000 25000 25000 ]
[ 24999 24999 25000 25000 25000 25000 25000 25000 25000 25000 ]
[ 24999 24999 24999 25000 25000 25000 25000 25000 25000 25000 ]
[ 24999 24999 24999 24999 25000 25000 25000 25000 25000 25000 ]
[ 24999 24999 24999 24999 24999 25000 25000 25000 25000 25000 ]
[ 24999 24999 24999 24999 24999 24999 25000 25000 25000 25000 ]
[ 24999 24999 24999 24999 24999 24999 24999 25000 25000 25000 ]
[ 24999 24999 24999 24999 24999 24999 24999 24999 25000 25000 ]
[ 24999 24999 24999 24999 24999 24999 24999 24999 24999 25000 ]
[ 24999 24999 24999 24999 24999 24999 24999 24999 24999 24999 ]
[ 24998 24999 24999 24999 24999 24999 24999 24999 24999 24999 ]
[ 24998 24998 24999 24999 24999 24999 24999 24999 24999 24999 ]
[ 24998 24998 24998 24999 24999 24999 24999 24999 24999 24999 ]
[ 24998 24998 24998 24998 24999 24999 24999 24999 24999 24999 ]
[ 24998 24998 24998 24998 24998 24999 24999 24999 24999 24999 ]
[ 24998 24998 24998 24998 24998 24998 24999 24999 24999 24999 ]
[ 24998 24998 24998 24998 24998 24998 24998 24999 24999 24999 ]
[ 24998 24998 24998 24998 24998 24998 24998 24998 24999 24999 ]
[ 24998 24998 24998 24998 24998 24998 24998 24998 24998 24999 ]

Running merge sort algorithm: 
Timer (sort): 59ms real	50ms user	10ms sys
The output is sorted!
[ 0 0 0 0 0 0 0 0 0 1 ]
[ 0 0 0 0 0 0 0 0 1 1 ]
[ 0 0 0 0 0 0 0 1 1 1 ]
[ 0 0 0 0 0 0 1 1 1 1 ]
[ 0 0 0 0 0 1 1 1 1 1 ]
[ 0 0 0 0 1 1 1 1 1 1 ]
[ 0 0 0 1 1 1 1 1 1 1 ]
[ 0 0 1 1 1 1 1 1 1 1 ]
[ 0 1 1 1 1 1 1 1 1 1 ]
[ 1 1 1 1 1 1 1 1 1 1 ]
[ 1 1 1 1 1 1 1 1 1 2 ]
[ 1 1 1 1 1 1 1 1 2 2 ]
[ 1 1 1 1 1 1 1 2 2 2 ]
[ 1 1 1 1 1 1 2 2 2 2 ]
[ 1 1 1 1 1 2 2 2 2 2 ]
[ 1 1 1 1 2 2 2 2 2 2 ]
[ 1 1 1 2 2 2 2 2 2 2 ]
[ 1 1 2 2 2 2 2 2 2 2 ]
[ 1 2 2 2 2 2 2 2 2 2 ]
[ 2 2 2 2 2 2 2 2 2 2 ]

Timer (generate): 20ms real	20ms user	0ms sys
[ 25000 25000 25000 25000 25000 25000 25000 25000 25000 25000 ]
[ 24999 25000 25000 25000 25000 25000 25000 25000 25000 25000 ]
[ 24999 24999 25000 25000 25000 25000 25000 25000 25000 25000 ]
[ 24999 24999 24999 25000 25000 25000 25000 25000 25000 25000 ]
[ 24999 24999 24999 24999 25000 25000 25000 25000 25000 25000 ]
[ 24999 24999 24999 24999 24999 25000 25000 25000 25000 25000 ]
[ 24999 24999 24999 24999 24999 24999 25000 25000 25000 25000 ]
[ 24999 24999 24999 24999 24999 24999 24999 25000 25000 25000 ]
[ 24999 24999 24999 24999 24999 24999 24999 24999 25000 25000 ]
[ 24999 24999 24999 24999 24999 24999 24999 24999 24999 25000 ]
[ 24999 24999 24999 24999 24999 24999 24999 24999 24999 24999 ]
[ 24998 24999 24999 24999 24999 24999 24999 24999 24999 24999 ]
[ 24998 24998 24999 24999 24999 24999 24999 24999 24999 24999 ]
[ 24998 24998 24998 24999 24999 24999 24999 24999 24999 24999 ]
[ 24998 24998 24998 24998 24999 24999 24999 24999 24999 24999 ]
[ 24998 24998 24998 24998 24998 24999 24999 24999 24999 24999 ]
[ 24998 24998 24998 24998 24998 24998 24999 24999 24999 24999 ]
[ 24998 24998 24998 24998 24998 24998 24998 24999 24999 24999 ]
[ 24998 24998 24998 24998 24998 24998 24998 24998 24999 24999 ]
[ 24998 24998 24998 24998 24998 24998 24998 24998 24998 24999 ]

Running merge sort algorithm: 
Timer (sort): 53ms real	50ms user	0ms sys
The output is sorted!
[ 0 0 0 0 0 0 0 0 0 1 ]
[ 0 0 0 0 0 0 0 0 1 1 ]
[ 0 0 0 0 0 0 0 1 1 1 ]
[ 0 0 0 0 0 0 1 1 1 1 ]
[ 0 0 0 0 0 1 1 1 1 1 ]
[ 0 0 0 0 1 1 1 1 1 1 ]
[ 0 0 0 1 1 1 1 1 1 1 ]
[ 0 0 1 1 1 1 1 1 1 1 ]
[ 0 1 1 1 1 1 1 1 1 1 ]
[ 1 1 1 1 1 1 1 1 1 1 ]
[ 1 1 1 1 1 1 1 1 1 2 ]
[ 1 1 1 1 1 1 1 1 2 2 ]
[ 1 1 1 1 1 1 1 2 2 2 ]
[ 1 1 1 1 1 1 2 2 2 2 ]
[ 1 1 1 1 1 2 2 2 2 2 ]
[ 1 1 1 1 2 2 2 2 2 2 ]
[ 1 1 1 2 2 2 2 2 2 2 ]
[ 1 1 2 2 2 2 2 2 2 2 ]
[ 1 2 2 2 2 2 2 2 2 2 ]
[ 2 2 2 2 2 2 2 2 2 2 ]

Timer (generate): 16ms real	0ms user	0ms sys
[ 25000 25000 25000 25000 25000 25000 25000 25000 25000 25000 ]
[ 24999 25000 25000 25000 25000 25000 25000 25000 25000 25000 ]
[ 24999 24999 25000 25000 25000 25000 25000 25000 25000 25000 ]
[ 24999 24999 24999 25000 25000 25000 25000 25000 25000 25000 ]
[ 24999 24999 24999 24999 25000 25000 25000 25000 25000 25000 ]
[ 24999 24999 24999 24999 24999 25000 25000 25000 25000 25000 ]
[ 24999 24999 24999 24999 24999 24999 25000 25000 25000 25000 ]
[ 24999 24999 24999 24999 24999 24999 24999 25000 25000 25000 ]
[ 24999 24999 24999 24999 24999 24999 24999 24999 25000 25000 ]
[ 24999 24999 24999 24999 24999 24999 24999 24999 24999 25000 ]
[ 24999 24999 24999 24999 24999 24999 24999 24999 24999 24999 ]
[ 24998 24999 24999 24999 24999 24999 24999 24999 24999 24999 ]
[ 24998 24998 24999 24999 24999 24999 24999 24999 24999 24999 ]
[ 24998 24998 24998 24999 24999 24999 24999 24999 24999 24999 ]
[ 24998 24998 24998 24998 24999 24999 24999 24999 24999 24999 ]
[ 24998 24998 24998 24998 24998 24999 24999 24999 24999 24999 ]
[ 24998 24998 24998 24998 24998 24998 24999 24999 24999 24999 ]
[ 24998 24998 24998 24998 24998 24998 24998 24999 24999 24999 ]
[ 24998 24998 24998 24998 24998 24998 24998 24998 24999 24999 ]
[ 24998 24998 24998 24998 24998 24998 24998 24998 24998 24999 ]

Running merge sort algorithm: 
Timer (sort): 38ms real	40ms user	0ms sys
The output is sorted!
[ 0 0 0 0 0 0 0 0 0 1 ]
[ 0 0 0 0 0 0 0 0 1 1 ]
[ 0 0 0 0 0 0 0 1 1 1 ]
[ 0 0 0 0 0 0 1 1 1 1 ]
[ 0 0 0 0 0 1 1 1 1 1 ]
[ 0 0 0 0 1 1 1 1 1 1 ]
[ 0 0 0 1 1 1 1 1 1 1 ]
[ 0 0 1 1 1 1 1 1 1 1 ]
[ 0 1 1 1 1 1 1 1 1 1 ]
[ 1 1 1 1 1 1 1 1 1 1 ]
[ 1 1 1 1 1 1 1 1 1 2 ]
[ 1 1 1 1 1 1 1 1 2 2 ]
[ 1 1 1 1 1 1 1 2 2 2 ]
[ 1 1 1 1 1 1 2 2 2 2 ]
[ 1 1 1 1 1 2 2 2 2 2 ]
[ 1 1 1 1 2 2 2 2 2 2 ]
[ 1 1 1 2 2 2 2 2 2 2 ]
[ 1 1 2 2 2 2 2 2 2 2 ]
[ 1 2 2 2 2 2 2 2 2 2 ]
[ 2 2 2 2 2 2 2 2 2 2 ]

Timer (generate): 19ms real	10ms user	10ms sys
[ 25000 25000 25000 25000 25000 25000 25000 25000 25000 25000 ]
[ 24999 25000 25000 25000 25000 25000 25000 25000 25000 25000 ]
[ 24999 24999 25000 25000 25000 25000 25000 25000 25000 25000 ]
[ 24999 24999 24999 25000 25000 25000 25000 25000 25000 25000 ]
[ 24999 24999 24999 24999 25000 25000 25000 25000 25000 25000 ]
[ 24999 24999 24999 24999 24999 25000 25000 25000 25000 25000 ]
[ 24999 24999 24999 24999 24999 24999 25000 25000 25000 25000 ]
[ 24999 24999 24999 24999 24999 24999 24999 25000 25000 25000 ]
[ 24999 24999 24999 24999 24999 24999 24999 24999 25000 25000 ]
[ 24999 24999 24999 24999 24999 24999 24999 24999 24999 25000 ]
[ 24999 24999 24999 24999 24999 24999 24999 24999 24999 24999 ]
[ 24998 24999 24999 24999 24999 24999 24999 24999 24999 24999 ]
[ 24998 24998 24999 24999 24999 24999 24999 24999 24999 24999 ]
[ 24998 24998 24998 24999 24999 24999 24999 24999 24999 24999 ]
[ 24998 24998 24998 24998 24999 24999 24999 24999 24999 24999 ]
[ 24998 24998 24998 24998 24998 24999 24999 24999 24999 24999 ]
[ 24998 24998 24998 24998 24998 24998 24999 24999 24999 24999 ]
[ 24998 24998 24998 24998 24998 24998 24998 24999 24999 24999 ]
[ 24998 24998 24998 24998 24998 24998 24998 24998 24999 24999 ]
[ 24998 24998 24998 24998 24998 24998 24998 24998 24998 24999 ]

Running merge sort algorithm: 
Timer (sort): 36ms real	30ms user	0ms sys
The output is sorted!
[ 0 0 0 0 0 0 0 0 0 1 ]
[ 0 0 0 0 0 0 0 0 1 1 ]
[ 0 0 0 0 0 0 0 1 1 1 ]
[ 0 0 0 0 0 0 1 1 1 1 ]
[ 0 0 0 0 0 1 1 1 1 1 ]
[ 0 0 0 0 1 1 1 1 1 1 ]
[ 0 0 0 1 1 1 1 1 1 1 ]
[ 0 0 1 1 1 1 1 1 1 1 ]
[ 0 1 1 1 1 1 1 1 1 1 ]
[ 1 1 1 1 1 1 1 1 1 1 ]
[ 1 1 1 1 1 1 1 1 1 2 ]
[ 1 1 1 1 1 1 1 1 2 2 ]
[ 1 1 1 1 1 1 1 2 2 2 ]
[ 1 1 1 1 1 1 2 2 2 2 ]
[ 1 1 1 1 1 2 2 2 2 2 ]
[ 1 1 1 1 2 2 2 2 2 2 ]
[ 1 1 1 2 2 2 2 2 2 2 ]
[ 1 1 2 2 2 2 2 2 2 2 ]
[ 1 2 2 2 2 2 2 2 2 2 ]
[ 2 2 2 2 2 2 2 2 2 2 ]

Timer (generate): 16ms real	10ms user	0ms sys
[ 25000 25000 25000 25000 25000 25000 25000 25000 25000 25000 ]
[ 24999 25000 25000 25000 25000 25000 25000 25000 25000 25000 ]
[ 24999 24999 25000 25000 25000 25000 25000 25000 25000 25000 ]
[ 24999 24999 24999 25000 25000 25000 25000 25000 25000 25000 ]
[ 24999 24999 24999 24999 25000 25000 25000 25000 25000 25000 ]
[ 24999 24999 24999 24999 24999 25000 25000 25000 25000 25000 ]
[ 24999 24999 24999 24999 24999 24999 25000 25000 25000 25000 ]
[ 24999 24999 24999 24999 24999 24999 24999 25000 25000 25000 ]
[ 24999 24999 24999 24999 24999 24999 24999 24999 25000 25000 ]
[ 24999 24999 24999 24999 24999 24999 24999 24999 24999 25000 ]
[ 24999 24999 24999 24999 24999 24999 24999 24999 24999 24999 ]
[ 24998 24999 24999 24999 24999 24999 24999 24999 24999 24999 ]
[ 24998 24998 24999 24999 24999 24999 24999 24999 24999 24999 ]
[ 24998 24998 24998 24999 24999 24999 24999 24999 24999 24999 ]
[ 24998 24998 24998 24998 24999 24999 24999 24999 24999 24999 ]
[ 24998 24998 24998 24998 24998 24999 24999 24999 24999 24999 ]
[ 24998 24998 24998 24998 24998 24998 24999 24999 24999 24999 ]
[ 24998 24998 24998 24998 24998 24998 24998 24999 24999 24999 ]
[ 24998 24998 24998 24998 24998 24998 24998 24998 24999 24999 ]
[ 24998 24998 24998 24998 24998 24998 24998 24998 24998 24999 ]

Running merge sort algorithm: 
Timer (sort): 35ms real	40ms user	0ms sys
The output is sorted!
[ 0 0 0 0 0 0 0 0 0 1 ]
[ 0 0 0 0 0 0 0 0 1 1 ]
[ 0 0 0 0 0 0 0 1 1 1 ]
[ 0 0 0 0 0 0 1 1 1 1 ]
[ 0 0 0 0 0 1 1 1 1 1 ]
[ 0 0 0 0 1 1 1 1 1 1 ]
[ 0 0 0 1 1 1 1 1 1 1 ]
[ 0 0 1 1 1 1 1 1 1 1 ]
[ 0 1 1 1 1 1 1 1 1 1 ]
[ 1 1 1 1 1 1 1 1 1 1 ]
[ 1 1 1 1 1 1 1 1 1 2 ]
[ 1 1 1 1 1 1 1 1 2 2 ]
[ 1 1 1 1 1 1 1 2 2 2 ]
[ 1 1 1 1 1 1 2 2 2 2 ]
[ 1 1 1 1 1 2 2 2 2 2 ]
[ 1 1 1 1 2 2 2 2 2 2 ]
[ 1 1 1 2 2 2 2 2 2 2 ]
[ 1 1 2 2 2 2 2 2 2 2 ]
[ 1 2 2 2 2 2 2 2 2 2 ]
[ 2 2 2 2 2 2 2 2 2 2 ]

Timer (generate): 19ms real	20ms user	0ms sys
[ 25000 25000 25000 25000 25000 25000 25000 25000 25000 25000 ]
[ 24999 25000 25000 25000 25000 25000 25000 25000 25000 25000 ]
[ 24999 24999 25000 25000 25000 25000 25000 25000 25000 25000 ]
[ 24999 24999 24999 25000 25000 25000 25000 25000 25000 25000 ]
[ 24999 24999 24999 24999 25000 25000 25000 25000 25000 25000 ]
[ 24999 24999 24999 24999 24999 25000 25000 25000 25000 25000 ]
[ 24999 24999 24999 24999 24999 24999 25000 25000 25000 25000 ]
[ 24999 24999 24999 24999 24999 24999 24999 25000 25000 25000 ]
[ 24999 24999 24999 24999 24999 24999 24999 24999 25000 25000 ]
[ 24999 24999 24999 24999 24999 24999 24999 24999 24999 25000 ]
[ 24999 24999 24999 24999 24999 24999 24999 24999 24999 24999 ]
[ 24998 24999 24999 24999 24999 24999 24999 24999 24999 24999 ]
[ 24998 24998 24999 24999 24999 24999 24999 24999 24999 24999 ]
[ 24998 24998 24998 24999 24999 24999 24999 24999 24999 24999 ]
[ 24998 24998 24998 24998 24999 24999 24999 24999 24999 24999 ]
[ 24998 24998 24998 24998 24998 24999 24999 24999 24999 24999 ]
[ 24998 24998 24998 24998 24998 24998 24999 24999 24999 24999 ]
[ 24998 24998 24998 24998 24998 24998 24998 24999 24999 24999 ]
[ 24998 24998 24998 24998 24998 24998 24998 24998 24999 24999 ]
[ 24998 24998 24998 24998 24998 24998 24998 24998 24998 24999 ]

Running merge sort algorithm: 
Timer (sort): 36ms real	30ms user	0ms sys
The output is sorted!
[ 0 0 0 0 0 0 0 0 0 1 ]
[ 0 0 0 0 0 0 0 0 1 1 ]
[ 0 0 0 0 0 0 0 1 1 1 ]
[ 0 0 0 0 0 0 1 1 1 1 ]
[ 0 0 0 0 0 1 1 1 1 1 ]
[ 0 0 0 0 1 1 1 1 1 1 ]
[ 0 0 0 1 1 1 1 1 1 1 ]
[ 0 0 1 1 1 1 1 1 1 1 ]
[ 0 1 1 1 1 1 1 1 1 1 ]
[ 1 1 1 1 1 1 1 1 1 1 ]
[ 1 1 1 1 1 1 1 1 1 2 ]
[ 1 1 1 1 1 1 1 1 2 2 ]
[ 1 1 1 1 1 1 1 2 2 2 ]
[ 1 1 1 1 1 1 2 2 2 2 ]
[ 1 1 1 1 1 2 2 2 2 2 ]
[ 1 1 1 1 2 2 2 2 2 2 ]
[ 1 1 1 2 2 2 2 2 2 2 ]
[ 1 1 2 2 2 2 2 2 2 2 ]
[ 1 2 2 2 2 2 2 2 2 2 ]
[ 2 2 2 2 2 2 2 2 2 2 ]

Timer (generate): 18ms real	0ms user	0ms sys
[ 25000 25000 25000 25000 25000 25000 25000 25000 25000 25000 ]
[ 24999 25000 25000 25000 25000 25000 25000 25000 25000 25000 ]
[ 24999 24999 25000 25000 25000 25000 25000 25000 25000 25000 ]
[ 24999 24999 24999 25000 25000 25000 25000 25000 25000 25000 ]
[ 24999 24999 24999 24999 25000 25000 25000 25000 25000 25000 ]
[ 24999 24999 24999 24999 24999 25000 25000 25000 25000 25000 ]
[ 24999 24999 24999 24999 24999 24999 25000 25000 25000 25000 ]
[ 24999 24999 24999 24999 24999 24999 24999 25000 25000 25000 ]
[ 24999 24999 24999 24999 24999 24999 24999 24999 25000 25000 ]
[ 24999 24999 24999 24999 24999 24999 24999 24999 24999 25000 ]
[ 24999 24999 24999 24999 24999 24999 24999 24999 24999 24999 ]
[ 24998 24999 24999 24999 24999 24999 24999 24999 24999 24999 ]
[ 24998 24998 24999 24999 24999 24999 24999 24999 24999 24999 ]
[ 24998 24998 24998 24999 24999 24999 24999 24999 24999 24999 ]
[ 24998 24998 24998 24998 24999 24999 24999 24999 24999 24999 ]
[ 24998 24998 24998 24998 24998 24999 24999 24999 24999 24999 ]
[ 24998 24998 24998 24998 24998 24998 24999 24999 24999 24999 ]
[ 24998 24998 24998 24998 24998 24998 24998 24999 24999 24999 ]
[ 24998 24998 24998 24998 24998 24998 24998 24998 24999 24999 ]
[ 24998 24998 24998 24998 24998 24998 24998 24998 24998 24999 ]

Running merge sort algorithm: 
Timer (sort): 27ms real	30ms user	0ms sys
The output is sorted!
[ 0 0 0 0 0 0 0 0 0 1 ]
[ 0 0 0 0 0 0 0 0 1 1 ]
[ 0 0 0 0 0 0 0 1 1 1 ]
[ 0 0 0 0 0 0 1 1 1 1 ]
[ 0 0 0 0 0 1 1 1 1 1 ]
[ 0 0 0 0 1 1 1 1 1 1 ]
[ 0 0 0 1 1 1 1 1 1 1 ]
[ 0 0 1 1 1 1 1 1 1 1 ]
[ 0 1 1 1 1 1 1 1 1 1 ]
[ 1 1 1 1 1 1 1 1 1 1 ]
[ 1 1 1 1 1 1 1 1 1 2 ]
[ 1 1 1 1 1 1 1 1 2 2 ]
[ 1 1 1 1 1 1 1 2 2 2 ]
[ 1 1 1 1 1 1 2 2 2 2 ]
[ 1 1 1 1 1 2 2 2 2 2 ]
[ 1 1 1 1 2 2 2 2 2 2 ]
[ 1 1 1 2 2 2 2 2 2 2 ]
[ 1 1 2 2 2 2 2 2 2 2 ]
[ 1 2 2 2 2 2 2 2 2 2 ]
[ 2 2 2 2 2 2 2 2 2 2 ]

