Timer (generate): 64ms real	60ms user	0ms sys
[ 100000 100000 100000 100000 100000 100000 100000 100000 100000 100000 ]
[ 99999 100000 100000 100000 100000 100000 100000 100000 100000 100000 ]
[ 99999 99999 100000 100000 100000 100000 100000 100000 100000 100000 ]
[ 99999 99999 99999 100000 100000 100000 100000 100000 100000 100000 ]
[ 99999 99999 99999 99999 100000 100000 100000 100000 100000 100000 ]
[ 99999 99999 99999 99999 99999 100000 100000 100000 100000 100000 ]
[ 99999 99999 99999 99999 99999 99999 100000 100000 100000 100000 ]
[ 99999 99999 99999 99999 99999 99999 99999 100000 100000 100000 ]
[ 99999 99999 99999 99999 99999 99999 99999 99999 100000 100000 ]
[ 99999 99999 99999 99999 99999 99999 99999 99999 99999 100000 ]
[ 99999 99999 99999 99999 99999 99999 99999 99999 99999 99999 ]
[ 99998 99999 99999 99999 99999 99999 99999 99999 99999 99999 ]
[ 99998 99998 99999 99999 99999 99999 99999 99999 99999 99999 ]
[ 99998 99998 99998 99999 99999 99999 99999 99999 99999 99999 ]
[ 99998 99998 99998 99998 99999 99999 99999 99999 99999 99999 ]
[ 99998 99998 99998 99998 99998 99999 99999 99999 99999 99999 ]
[ 99998 99998 99998 99998 99998 99998 99999 99999 99999 99999 ]
[ 99998 99998 99998 99998 99998 99998 99998 99999 99999 99999 ]
[ 99998 99998 99998 99998 99998 99998 99998 99998 99999 99999 ]
[ 99998 99998 99998 99998 99998 99998 99998 99998 99998 99999 ]

Running merge sort algorithm: 
Timer (sort): 141ms real	140ms user	0ms sys
The output is sorted!
[ 0 0 0 0 0 0 0 0 0 1 ]
[ 0 0 0 0 0 0 0 0 1 1 ]
[ 0 0 0 0 0 0 0 1 1 1 ]
[ 0 0 0 0 0 0 1 1 1 1 ]
[ 0 0 0 0 0 1 1 1 1 1 ]
[ 0 0 0 0 1 1 1 1 1 1 ]
[ 0 0 0 1 1 1 1 1 1 1 ]
[ 0 0 1 1 1 1 1 1 1 1 ]
[ 0 1 1 1 1 1 1 1 1 1 ]
[ 1 1 1 1 1 1 1 1 1 1 ]
[ 1 1 1 1 1 1 1 1 1 2 ]
[ 1 1 1 1 1 1 1 1 2 2 ]
[ 1 1 1 1 1 1 1 2 2 2 ]
[ 1 1 1 1 1 1 2 2 2 2 ]
[ 1 1 1 1 1 2 2 2 2 2 ]
[ 1 1 1 1 2 2 2 2 2 2 ]
[ 1 1 1 2 2 2 2 2 2 2 ]
[ 1 1 2 2 2 2 2 2 2 2 ]
[ 1 2 2 2 2 2 2 2 2 2 ]
[ 2 2 2 2 2 2 2 2 2 2 ]

Timer (generate): 67ms real	60ms user	0ms sys
[ 100000 100000 100000 100000 100000 100000 100000 100000 100000 100000 ]
[ 99999 100000 100000 100000 100000 100000 100000 100000 100000 100000 ]
[ 99999 99999 100000 100000 100000 100000 100000 100000 100000 100000 ]
[ 99999 99999 99999 100000 100000 100000 100000 100000 100000 100000 ]
[ 99999 99999 99999 99999 100000 100000 100000 100000 100000 100000 ]
[ 99999 99999 99999 99999 99999 100000 100000 100000 100000 100000 ]
[ 99999 99999 99999 99999 99999 99999 100000 100000 100000 100000 ]
[ 99999 99999 99999 99999 99999 99999 99999 100000 100000 100000 ]
[ 99999 99999 99999 99999 99999 99999 99999 99999 100000 100000 ]
[ 99999 99999 99999 99999 99999 99999 99999 99999 99999 100000 ]
[ 99999 99999 99999 99999 99999 99999 99999 99999 99999 99999 ]
[ 99998 99999 99999 99999 99999 99999 99999 99999 99999 99999 ]
[ 99998 99998 99999 99999 99999 99999 99999 99999 99999 99999 ]
[ 99998 99998 99998 99999 99999 99999 99999 99999 99999 99999 ]
[ 99998 99998 99998 99998 99999 99999 99999 99999 99999 99999 ]
[ 99998 99998 99998 99998 99998 99999 99999 99999 99999 99999 ]
[ 99998 99998 99998 99998 99998 99998 99999 99999 99999 99999 ]
[ 99998 99998 99998 99998 99998 99998 99998 99999 99999 99999 ]
[ 99998 99998 99998 99998 99998 99998 99998 99998 99999 99999 ]
[ 99998 99998 99998 99998 99998 99998 99998 99998 99998 99999 ]

Running merge sort algorithm: 
Timer (sort): 143ms real	150ms user	0ms sys
The output is sorted!
[ 0 0 0 0 0 0 0 0 0 1 ]
[ 0 0 0 0 0 0 0 0 1 1 ]
[ 0 0 0 0 0 0 0 1 1 1 ]
[ 0 0 0 0 0 0 1 1 1 1 ]
[ 0 0 0 0 0 1 1 1 1 1 ]
[ 0 0 0 0 1 1 1 1 1 1 ]
[ 0 0 0 1 1 1 1 1 1 1 ]
[ 0 0 1 1 1 1 1 1 1 1 ]
[ 0 1 1 1 1 1 1 1 1 1 ]
[ 1 1 1 1 1 1 1 1 1 1 ]
[ 1 1 1 1 1 1 1 1 1 2 ]
[ 1 1 1 1 1 1 1 1 2 2 ]
[ 1 1 1 1 1 1 1 2 2 2 ]
[ 1 1 1 1 1 1 2 2 2 2 ]
[ 1 1 1 1 1 2 2 2 2 2 ]
[ 1 1 1 1 2 2 2 2 2 2 ]
[ 1 1 1 2 2 2 2 2 2 2 ]
[ 1 1 2 2 2 2 2 2 2 2 ]
[ 1 2 2 2 2 2 2 2 2 2 ]
[ 2 2 2 2 2 2 2 2 2 2 ]

Timer (generate): 67ms real	60ms user	10ms sys
[ 100000 100000 100000 100000 100000 100000 100000 100000 100000 100000 ]
[ 99999 100000 100000 100000 100000 100000 100000 100000 100000 100000 ]
[ 99999 99999 100000 100000 100000 100000 100000 100000 100000 100000 ]
[ 99999 99999 99999 100000 100000 100000 100000 100000 100000 100000 ]
[ 99999 99999 99999 99999 100000 100000 100000 100000 100000 100000 ]
[ 99999 99999 99999 99999 99999 100000 100000 100000 100000 100000 ]
[ 99999 99999 99999 99999 99999 99999 100000 100000 100000 100000 ]
[ 99999 99999 99999 99999 99999 99999 99999 100000 100000 100000 ]
[ 99999 99999 99999 99999 99999 99999 99999 99999 100000 100000 ]
[ 99999 99999 99999 99999 99999 99999 99999 99999 99999 100000 ]
[ 99999 99999 99999 99999 99999 99999 99999 99999 99999 99999 ]
[ 99998 99999 99999 99999 99999 99999 99999 99999 99999 99999 ]
[ 99998 99998 99999 99999 99999 99999 99999 99999 99999 99999 ]
[ 99998 99998 99998 99999 99999 99999 99999 99999 99999 99999 ]
[ 99998 99998 99998 99998 99999 99999 99999 99999 99999 99999 ]
[ 99998 99998 99998 99998 99998 99999 99999 99999 99999 99999 ]
[ 99998 99998 99998 99998 99998 99998 99999 99999 99999 99999 ]
[ 99998 99998 99998 99998 99998 99998 99998 99999 99999 99999 ]
[ 99998 99998 99998 99998 99998 99998 99998 99998 99999 99999 ]
[ 99998 99998 99998 99998 99998 99998 99998 99998 99998 99999 ]

Running merge sort algorithm: 
Timer (sort): 154ms real	150ms user	0ms sys
The output is sorted!
[ 0 0 0 0 0 0 0 0 0 1 ]
[ 0 0 0 0 0 0 0 0 1 1 ]
[ 0 0 0 0 0 0 0 1 1 1 ]
[ 0 0 0 0 0 0 1 1 1 1 ]
[ 0 0 0 0 0 1 1 1 1 1 ]
[ 0 0 0 0 1 1 1 1 1 1 ]
[ 0 0 0 1 1 1 1 1 1 1 ]
[ 0 0 1 1 1 1 1 1 1 1 ]
[ 0 1 1 1 1 1 1 1 1 1 ]
[ 1 1 1 1 1 1 1 1 1 1 ]
[ 1 1 1 1 1 1 1 1 1 2 ]
[ 1 1 1 1 1 1 1 1 2 2 ]
[ 1 1 1 1 1 1 1 2 2 2 ]
[ 1 1 1 1 1 1 2 2 2 2 ]
[ 1 1 1 1 1 2 2 2 2 2 ]
[ 1 1 1 1 2 2 2 2 2 2 ]
[ 1 1 1 2 2 2 2 2 2 2 ]
[ 1 1 2 2 2 2 2 2 2 2 ]
[ 1 2 2 2 2 2 2 2 2 2 ]
[ 2 2 2 2 2 2 2 2 2 2 ]

Timer (generate): 66ms real	30ms user	30ms sys
[ 100000 100000 100000 100000 100000 100000 100000 100000 100000 100000 ]
[ 99999 100000 100000 100000 100000 100000 100000 100000 100000 100000 ]
[ 99999 99999 100000 100000 100000 100000 100000 100000 100000 100000 ]
[ 99999 99999 99999 100000 100000 100000 100000 100000 100000 100000 ]
[ 99999 99999 99999 99999 100000 100000 100000 100000 100000 100000 ]
[ 99999 99999 99999 99999 99999 100000 100000 100000 100000 100000 ]
[ 99999 99999 99999 99999 99999 99999 100000 100000 100000 100000 ]
[ 99999 99999 99999 99999 99999 99999 99999 100000 100000 100000 ]
[ 99999 99999 99999 99999 99999 99999 99999 99999 100000 100000 ]
[ 99999 99999 99999 99999 99999 99999 99999 99999 99999 100000 ]
[ 99999 99999 99999 99999 99999 99999 99999 99999 99999 99999 ]
[ 99998 99999 99999 99999 99999 99999 99999 99999 99999 99999 ]
[ 99998 99998 99999 99999 99999 99999 99999 99999 99999 99999 ]
[ 99998 99998 99998 99999 99999 99999 99999 99999 99999 99999 ]
[ 99998 99998 99998 99998 99999 99999 99999 99999 99999 99999 ]
[ 99998 99998 99998 99998 99998 99999 99999 99999 99999 99999 ]
[ 99998 99998 99998 99998 99998 99998 99999 99999 99999 99999 ]
[ 99998 99998 99998 99998 99998 99998 99998 99999 99999 99999 ]
[ 99998 99998 99998 99998 99998 99998 99998 99998 99999 99999 ]
[ 99998 99998 99998 99998 99998 99998 99998 99998 99998 99999 ]

Running merge sort algorithm: 
Timer (sort): 154ms real	140ms user	20ms sys
The output is sorted!
[ 0 0 0 0 0 0 0 0 0 1 ]
[ 0 0 0 0 0 0 0 0 1 1 ]
[ 0 0 0 0 0 0 0 1 1 1 ]
[ 0 0 0 0 0 0 1 1 1 1 ]
[ 0 0 0 0 0 1 1 1 1 1 ]
[ 0 0 0 0 1 1 1 1 1 1 ]
[ 0 0 0 1 1 1 1 1 1 1 ]
[ 0 0 1 1 1 1 1 1 1 1 ]
[ 0 1 1 1 1 1 1 1 1 1 ]
[ 1 1 1 1 1 1 1 1 1 1 ]
[ 1 1 1 1 1 1 1 1 1 2 ]
[ 1 1 1 1 1 1 1 1 2 2 ]
[ 1 1 1 1 1 1 1 2 2 2 ]
[ 1 1 1 1 1 1 2 2 2 2 ]
[ 1 1 1 1 1 2 2 2 2 2 ]
[ 1 1 1 1 2 2 2 2 2 2 ]
[ 1 1 1 2 2 2 2 2 2 2 ]
[ 1 1 2 2 2 2 2 2 2 2 ]
[ 1 2 2 2 2 2 2 2 2 2 ]
[ 2 2 2 2 2 2 2 2 2 2 ]

Timer (generate): 65ms real	50ms user	0ms sys
[ 100000 100000 100000 100000 100000 100000 100000 100000 100000 100000 ]
[ 99999 100000 100000 100000 100000 100000 100000 100000 100000 100000 ]
[ 99999 99999 100000 100000 100000 100000 100000 100000 100000 100000 ]
[ 99999 99999 99999 100000 100000 100000 100000 100000 100000 100000 ]
[ 99999 99999 99999 99999 100000 100000 100000 100000 100000 100000 ]
[ 99999 99999 99999 99999 99999 100000 100000 100000 100000 100000 ]
[ 99999 99999 99999 99999 99999 99999 100000 100000 100000 100000 ]
[ 99999 99999 99999 99999 99999 99999 99999 100000 100000 100000 ]
[ 99999 99999 99999 99999 99999 99999 99999 99999 100000 100000 ]
[ 99999 99999 99999 99999 99999 99999 99999 99999 99999 100000 ]
[ 99999 99999 99999 99999 99999 99999 99999 99999 99999 99999 ]
[ 99998 99999 99999 99999 99999 99999 99999 99999 99999 99999 ]
[ 99998 99998 99999 99999 99999 99999 99999 99999 99999 99999 ]
[ 99998 99998 99998 99999 99999 99999 99999 99999 99999 99999 ]
[ 99998 99998 99998 99998 99999 99999 99999 99999 99999 99999 ]
[ 99998 99998 99998 99998 99998 99999 99999 99999 99999 99999 ]
[ 99998 99998 99998 99998 99998 99998 99999 99999 99999 99999 ]
[ 99998 99998 99998 99998 99998 99998 99998 99999 99999 99999 ]
[ 99998 99998 99998 99998 99998 99998 99998 99998 99999 99999 ]
[ 99998 99998 99998 99998 99998 99998 99998 99998 99998 99999 ]

Running merge sort algorithm: 
Timer (sort): 134ms real	140ms user	0ms sys
The output is sorted!
[ 0 0 0 0 0 0 0 0 0 1 ]
[ 0 0 0 0 0 0 0 0 1 1 ]
[ 0 0 0 0 0 0 0 1 1 1 ]
[ 0 0 0 0 0 0 1 1 1 1 ]
[ 0 0 0 0 0 1 1 1 1 1 ]
[ 0 0 0 0 1 1 1 1 1 1 ]
[ 0 0 0 1 1 1 1 1 1 1 ]
[ 0 0 1 1 1 1 1 1 1 1 ]
[ 0 1 1 1 1 1 1 1 1 1 ]
[ 1 1 1 1 1 1 1 1 1 1 ]
[ 1 1 1 1 1 1 1 1 1 2 ]
[ 1 1 1 1 1 1 1 1 2 2 ]
[ 1 1 1 1 1 1 1 2 2 2 ]
[ 1 1 1 1 1 1 2 2 2 2 ]
[ 1 1 1 1 1 2 2 2 2 2 ]
[ 1 1 1 1 2 2 2 2 2 2 ]
[ 1 1 1 2 2 2 2 2 2 2 ]
[ 1 1 2 2 2 2 2 2 2 2 ]
[ 1 2 2 2 2 2 2 2 2 2 ]
[ 2 2 2 2 2 2 2 2 2 2 ]

Timer (generate): 70ms real	50ms user	20ms sys
[ 100000 100000 100000 100000 100000 100000 100000 100000 100000 100000 ]
[ 99999 100000 100000 100000 100000 100000 100000 100000 100000 100000 ]
[ 99999 99999 100000 100000 100000 100000 100000 100000 100000 100000 ]
[ 99999 99999 99999 100000 100000 100000 100000 100000 100000 100000 ]
[ 99999 99999 99999 99999 100000 100000 100000 100000 100000 100000 ]
[ 99999 99999 99999 99999 99999 100000 100000 100000 100000 100000 ]
[ 99999 99999 99999 99999 99999 99999 100000 100000 100000 100000 ]
[ 99999 99999 99999 99999 99999 99999 99999 100000 100000 100000 ]
[ 99999 99999 99999 99999 99999 99999 99999 99999 100000 100000 ]
[ 99999 99999 99999 99999 99999 99999 99999 99999 99999 100000 ]
[ 99999 99999 99999 99999 99999 99999 99999 99999 99999 99999 ]
[ 99998 99999 99999 99999 99999 99999 99999 99999 99999 99999 ]
[ 99998 99998 99999 99999 99999 99999 99999 99999 99999 99999 ]
[ 99998 99998 99998 99999 99999 99999 99999 99999 99999 99999 ]
[ 99998 99998 99998 99998 99999 99999 99999 99999 99999 99999 ]
[ 99998 99998 99998 99998 99998 99999 99999 99999 99999 99999 ]
[ 99998 99998 99998 99998 99998 99998 99999 99999 99999 99999 ]
[ 99998 99998 99998 99998 99998 99998 99998 99999 99999 99999 ]
[ 99998 99998 99998 99998 99998 99998 99998 99998 99999 99999 ]
[ 99998 99998 99998 99998 99998 99998 99998 99998 99998 99999 ]

Running merge sort algorithm: 
Timer (sort): 165ms real	160ms user	0ms sys
The output is sorted!
[ 0 0 0 0 0 0 0 0 0 1 ]
[ 0 0 0 0 0 0 0 0 1 1 ]
[ 0 0 0 0 0 0 0 1 1 1 ]
[ 0 0 0 0 0 0 1 1 1 1 ]
[ 0 0 0 0 0 1 1 1 1 1 ]
[ 0 0 0 0 1 1 1 1 1 1 ]
[ 0 0 0 1 1 1 1 1 1 1 ]
[ 0 0 1 1 1 1 1 1 1 1 ]
[ 0 1 1 1 1 1 1 1 1 1 ]
[ 1 1 1 1 1 1 1 1 1 1 ]
[ 1 1 1 1 1 1 1 1 1 2 ]
[ 1 1 1 1 1 1 1 1 2 2 ]
[ 1 1 1 1 1 1 1 2 2 2 ]
[ 1 1 1 1 1 1 2 2 2 2 ]
[ 1 1 1 1 1 2 2 2 2 2 ]
[ 1 1 1 1 2 2 2 2 2 2 ]
[ 1 1 1 2 2 2 2 2 2 2 ]
[ 1 1 2 2 2 2 2 2 2 2 ]
[ 1 2 2 2 2 2 2 2 2 2 ]
[ 2 2 2 2 2 2 2 2 2 2 ]

Timer (generate): 64ms real	30ms user	30ms sys
[ 100000 100000 100000 100000 100000 100000 100000 100000 100000 100000 ]
[ 99999 100000 100000 100000 100000 100000 100000 100000 100000 100000 ]
[ 99999 99999 100000 100000 100000 100000 100000 100000 100000 100000 ]
[ 99999 99999 99999 100000 100000 100000 100000 100000 100000 100000 ]
[ 99999 99999 99999 99999 100000 100000 100000 100000 100000 100000 ]
[ 99999 99999 99999 99999 99999 100000 100000 100000 100000 100000 ]
[ 99999 99999 99999 99999 99999 99999 100000 100000 100000 100000 ]
[ 99999 99999 99999 99999 99999 99999 99999 100000 100000 100000 ]
[ 99999 99999 99999 99999 99999 99999 99999 99999 100000 100000 ]
[ 99999 99999 99999 99999 99999 99999 99999 99999 99999 100000 ]
[ 99999 99999 99999 99999 99999 99999 99999 99999 99999 99999 ]
[ 99998 99999 99999 99999 99999 99999 99999 99999 99999 99999 ]
[ 99998 99998 99999 99999 99999 99999 99999 99999 99999 99999 ]
[ 99998 99998 99998 99999 99999 99999 99999 99999 99999 99999 ]
[ 99998 99998 99998 99998 99999 99999 99999 99999 99999 99999 ]
[ 99998 99998 99998 99998 99998 99999 99999 99999 99999 99999 ]
[ 99998 99998 99998 99998 99998 99998 99999 99999 99999 99999 ]
[ 99998 99998 99998 99998 99998 99998 99998 99999 99999 99999 ]
[ 99998 99998 99998 99998 99998 99998 99998 99998 99999 99999 ]
[ 99998 99998 99998 99998 99998 99998 99998 99998 99998 99999 ]

Running merge sort algorithm: 
Timer (sort): 144ms real	140ms user	0ms sys
The output is sorted!
[ 0 0 0 0 0 0 0 0 0 1 ]
[ 0 0 0 0 0 0 0 0 1 1 ]
[ 0 0 0 0 0 0 0 1 1 1 ]
[ 0 0 0 0 0 0 1 1 1 1 ]
[ 0 0 0 0 0 1 1 1 1 1 ]
[ 0 0 0 0 1 1 1 1 1 1 ]
[ 0 0 0 1 1 1 1 1 1 1 ]
[ 0 0 1 1 1 1 1 1 1 1 ]
[ 0 1 1 1 1 1 1 1 1 1 ]
[ 1 1 1 1 1 1 1 1 1 1 ]
[ 1 1 1 1 1 1 1 1 1 2 ]
[ 1 1 1 1 1 1 1 1 2 2 ]
[ 1 1 1 1 1 1 1 2 2 2 ]
[ 1 1 1 1 1 1 2 2 2 2 ]
[ 1 1 1 1 1 2 2 2 2 2 ]
[ 1 1 1 1 2 2 2 2 2 2 ]
[ 1 1 1 2 2 2 2 2 2 2 ]
[ 1 1 2 2 2 2 2 2 2 2 ]
[ 1 2 2 2 2 2 2 2 2 2 ]
[ 2 2 2 2 2 2 2 2 2 2 ]

Timer (generate): 69ms real	50ms user	10ms sys
[ 100000 100000 100000 100000 100000 100000 100000 100000 100000 100000 ]
[ 99999 100000 100000 100000 100000 100000 100000 100000 100000 100000 ]
[ 99999 99999 100000 100000 100000 100000 100000 100000 100000 100000 ]
[ 99999 99999 99999 100000 100000 100000 100000 100000 100000 100000 ]
[ 99999 99999 99999 99999 100000 100000 100000 100000 100000 100000 ]
[ 99999 99999 99999 99999 99999 100000 100000 100000 100000 100000 ]
[ 99999 99999 99999 99999 99999 99999 100000 100000 100000 100000 ]
[ 99999 99999 99999 99999 99999 99999 99999 100000 100000 100000 ]
[ 99999 99999 99999 99999 99999 99999 99999 99999 100000 100000 ]
[ 99999 99999 99999 99999 99999 99999 99999 99999 99999 100000 ]
[ 99999 99999 99999 99999 99999 99999 99999 99999 99999 99999 ]
[ 99998 99999 99999 99999 99999 99999 99999 99999 99999 99999 ]
[ 99998 99998 99999 99999 99999 99999 99999 99999 99999 99999 ]
[ 99998 99998 99998 99999 99999 99999 99999 99999 99999 99999 ]
[ 99998 99998 99998 99998 99999 99999 99999 99999 99999 99999 ]
[ 99998 99998 99998 99998 99998 99999 99999 99999 99999 99999 ]
[ 99998 99998 99998 99998 99998 99998 99999 99999 99999 99999 ]
[ 99998 99998 99998 99998 99998 99998 99998 99999 99999 99999 ]
[ 99998 99998 99998 99998 99998 99998 99998 99998 99999 99999 ]
[ 99998 99998 99998 99998 99998 99998 99998 99998 99998 99999 ]

Running merge sort algorithm: 
Timer (sort): 134ms real	130ms user	0ms sys
The output is sorted!
[ 0 0 0 0 0 0 0 0 0 1 ]
[ 0 0 0 0 0 0 0 0 1 1 ]
[ 0 0 0 0 0 0 0 1 1 1 ]
[ 0 0 0 0 0 0 1 1 1 1 ]
[ 0 0 0 0 0 1 1 1 1 1 ]
[ 0 0 0 0 1 1 1 1 1 1 ]
[ 0 0 0 1 1 1 1 1 1 1 ]
[ 0 0 1 1 1 1 1 1 1 1 ]
[ 0 1 1 1 1 1 1 1 1 1 ]
[ 1 1 1 1 1 1 1 1 1 1 ]
[ 1 1 1 1 1 1 1 1 1 2 ]
[ 1 1 1 1 1 1 1 1 2 2 ]
[ 1 1 1 1 1 1 1 2 2 2 ]
[ 1 1 1 1 1 1 2 2 2 2 ]
[ 1 1 1 1 1 2 2 2 2 2 ]
[ 1 1 1 1 2 2 2 2 2 2 ]
[ 1 1 1 2 2 2 2 2 2 2 ]
[ 1 1 2 2 2 2 2 2 2 2 ]
[ 1 2 2 2 2 2 2 2 2 2 ]
[ 2 2 2 2 2 2 2 2 2 2 ]

Timer (generate): 65ms real	40ms user	20ms sys
[ 100000 100000 100000 100000 100000 100000 100000 100000 100000 100000 ]
[ 99999 100000 100000 100000 100000 100000 100000 100000 100000 100000 ]
[ 99999 99999 100000 100000 100000 100000 100000 100000 100000 100000 ]
[ 99999 99999 99999 100000 100000 100000 100000 100000 100000 100000 ]
[ 99999 99999 99999 99999 100000 100000 100000 100000 100000 100000 ]
[ 99999 99999 99999 99999 99999 100000 100000 100000 100000 100000 ]
[ 99999 99999 99999 99999 99999 99999 100000 100000 100000 100000 ]
[ 99999 99999 99999 99999 99999 99999 99999 100000 100000 100000 ]
[ 99999 99999 99999 99999 99999 99999 99999 99999 100000 100000 ]
[ 99999 99999 99999 99999 99999 99999 99999 99999 99999 100000 ]
[ 99999 99999 99999 99999 99999 99999 99999 99999 99999 99999 ]
[ 99998 99999 99999 99999 99999 99999 99999 99999 99999 99999 ]
[ 99998 99998 99999 99999 99999 99999 99999 99999 99999 99999 ]
[ 99998 99998 99998 99999 99999 99999 99999 99999 99999 99999 ]
[ 99998 99998 99998 99998 99999 99999 99999 99999 99999 99999 ]
[ 99998 99998 99998 99998 99998 99999 99999 99999 99999 99999 ]
[ 99998 99998 99998 99998 99998 99998 99999 99999 99999 99999 ]
[ 99998 99998 99998 99998 99998 99998 99998 99999 99999 99999 ]
[ 99998 99998 99998 99998 99998 99998 99998 99998 99999 99999 ]
[ 99998 99998 99998 99998 99998 99998 99998 99998 99998 99999 ]

Running merge sort algorithm: 
Timer (sort): 146ms real	140ms user	10ms sys
The output is sorted!
[ 0 0 0 0 0 0 0 0 0 1 ]
[ 0 0 0 0 0 0 0 0 1 1 ]
[ 0 0 0 0 0 0 0 1 1 1 ]
[ 0 0 0 0 0 0 1 1 1 1 ]
[ 0 0 0 0 0 1 1 1 1 1 ]
[ 0 0 0 0 1 1 1 1 1 1 ]
[ 0 0 0 1 1 1 1 1 1 1 ]
[ 0 0 1 1 1 1 1 1 1 1 ]
[ 0 1 1 1 1 1 1 1 1 1 ]
[ 1 1 1 1 1 1 1 1 1 1 ]
[ 1 1 1 1 1 1 1 1 1 2 ]
[ 1 1 1 1 1 1 1 1 2 2 ]
[ 1 1 1 1 1 1 1 2 2 2 ]
[ 1 1 1 1 1 1 2 2 2 2 ]
[ 1 1 1 1 1 2 2 2 2 2 ]
[ 1 1 1 1 2 2 2 2 2 2 ]
[ 1 1 1 2 2 2 2 2 2 2 ]
[ 1 1 2 2 2 2 2 2 2 2 ]
[ 1 2 2 2 2 2 2 2 2 2 ]
[ 2 2 2 2 2 2 2 2 2 2 ]

Timer (generate): 66ms real	60ms user	0ms sys
[ 100000 100000 100000 100000 100000 100000 100000 100000 100000 100000 ]
[ 99999 100000 100000 100000 100000 100000 100000 100000 100000 100000 ]
[ 99999 99999 100000 100000 100000 100000 100000 100000 100000 100000 ]
[ 99999 99999 99999 100000 100000 100000 100000 100000 100000 100000 ]
[ 99999 99999 99999 99999 100000 100000 100000 100000 100000 100000 ]
[ 99999 99999 99999 99999 99999 100000 100000 100000 100000 100000 ]
[ 99999 99999 99999 99999 99999 99999 100000 100000 100000 100000 ]
[ 99999 99999 99999 99999 99999 99999 99999 100000 100000 100000 ]
[ 99999 99999 99999 99999 99999 99999 99999 99999 100000 100000 ]
[ 99999 99999 99999 99999 99999 99999 99999 99999 99999 100000 ]
[ 99999 99999 99999 99999 99999 99999 99999 99999 99999 99999 ]
[ 99998 99999 99999 99999 99999 99999 99999 99999 99999 99999 ]
[ 99998 99998 99999 99999 99999 99999 99999 99999 99999 99999 ]
[ 99998 99998 99998 99999 99999 99999 99999 99999 99999 99999 ]
[ 99998 99998 99998 99998 99999 99999 99999 99999 99999 99999 ]
[ 99998 99998 99998 99998 99998 99999 99999 99999 99999 99999 ]
[ 99998 99998 99998 99998 99998 99998 99999 99999 99999 99999 ]
[ 99998 99998 99998 99998 99998 99998 99998 99999 99999 99999 ]
[ 99998 99998 99998 99998 99998 99998 99998 99998 99999 99999 ]
[ 99998 99998 99998 99998 99998 99998 99998 99998 99998 99999 ]

Running merge sort algorithm: 
Timer (sort): 144ms real	140ms user	10ms sys
The output is sorted!
[ 0 0 0 0 0 0 0 0 0 1 ]
[ 0 0 0 0 0 0 0 0 1 1 ]
[ 0 0 0 0 0 0 0 1 1 1 ]
[ 0 0 0 0 0 0 1 1 1 1 ]
[ 0 0 0 0 0 1 1 1 1 1 ]
[ 0 0 0 0 1 1 1 1 1 1 ]
[ 0 0 0 1 1 1 1 1 1 1 ]
[ 0 0 1 1 1 1 1 1 1 1 ]
[ 0 1 1 1 1 1 1 1 1 1 ]
[ 1 1 1 1 1 1 1 1 1 1 ]
[ 1 1 1 1 1 1 1 1 1 2 ]
[ 1 1 1 1 1 1 1 1 2 2 ]
[ 1 1 1 1 1 1 1 2 2 2 ]
[ 1 1 1 1 1 1 2 2 2 2 ]
[ 1 1 1 1 1 2 2 2 2 2 ]
[ 1 1 1 1 2 2 2 2 2 2 ]
[ 1 1 1 2 2 2 2 2 2 2 ]
[ 1 1 2 2 2 2 2 2 2 2 ]
[ 1 2 2 2 2 2 2 2 2 2 ]
[ 2 2 2 2 2 2 2 2 2 2 ]

