Timer (generate): 37ms real	10ms user	0ms sys
[ 0 0 0 0 0 0 0 0 0 0 ]
[ 0 0 0 0 0 0 0 0 0 1 ]
[ 0 0 0 0 0 0 0 0 1 1 ]
[ 0 0 0 0 0 0 0 1 1 1 ]
[ 0 0 0 0 0 0 1 1 1 1 ]
[ 0 0 0 0 0 1 1 1 1 1 ]
[ 0 0 0 0 1 1 1 1 1 1 ]
[ 0 0 0 1 1 1 1 1 1 1 ]
[ 0 0 1 1 1 1 1 1 1 1 ]
[ 0 1 1 1 1 1 1 1 1 1 ]
[ 1 1 1 1 1 1 1 1 1 1 ]
[ 1 1 1 1 1 1 1 1 1 2 ]
[ 1 1 1 1 1 1 1 1 2 2 ]
[ 1 1 1 1 1 1 1 2 2 2 ]
[ 1 1 1 1 1 1 2 2 2 2 ]
[ 1 1 1 1 1 2 2 2 2 2 ]
[ 1 1 1 1 2 2 2 2 2 2 ]
[ 1 1 1 2 2 2 2 2 2 2 ]
[ 1 1 2 2 2 2 2 2 2 2 ]
[ 1 2 2 2 2 2 2 2 2 2 ]

Running insertion sort algorithm: 
Timer (sort): 10ms real	10ms user	0ms sys
The output is sorted!
[ 0 0 0 0 0 0 0 0 0 0 ]
[ 0 0 0 0 0 0 0 0 0 1 ]
[ 0 0 0 0 0 0 0 0 1 1 ]
[ 0 0 0 0 0 0 0 1 1 1 ]
[ 0 0 0 0 0 0 1 1 1 1 ]
[ 0 0 0 0 0 1 1 1 1 1 ]
[ 0 0 0 0 1 1 1 1 1 1 ]
[ 0 0 0 1 1 1 1 1 1 1 ]
[ 0 0 1 1 1 1 1 1 1 1 ]
[ 0 1 1 1 1 1 1 1 1 1 ]
[ 1 1 1 1 1 1 1 1 1 1 ]
[ 1 1 1 1 1 1 1 1 1 2 ]
[ 1 1 1 1 1 1 1 1 2 2 ]
[ 1 1 1 1 1 1 1 2 2 2 ]
[ 1 1 1 1 1 1 2 2 2 2 ]
[ 1 1 1 1 1 2 2 2 2 2 ]
[ 1 1 1 1 2 2 2 2 2 2 ]
[ 1 1 1 2 2 2 2 2 2 2 ]
[ 1 1 2 2 2 2 2 2 2 2 ]
[ 1 2 2 2 2 2 2 2 2 2 ]

Timer (generate): 18ms real	10ms user	0ms sys
[ 0 0 0 0 0 0 0 0 0 0 ]
[ 0 0 0 0 0 0 0 0 0 1 ]
[ 0 0 0 0 0 0 0 0 1 1 ]
[ 0 0 0 0 0 0 0 1 1 1 ]
[ 0 0 0 0 0 0 1 1 1 1 ]
[ 0 0 0 0 0 1 1 1 1 1 ]
[ 0 0 0 0 1 1 1 1 1 1 ]
[ 0 0 0 1 1 1 1 1 1 1 ]
[ 0 0 1 1 1 1 1 1 1 1 ]
[ 0 1 1 1 1 1 1 1 1 1 ]
[ 1 1 1 1 1 1 1 1 1 1 ]
[ 1 1 1 1 1 1 1 1 1 2 ]
[ 1 1 1 1 1 1 1 1 2 2 ]
[ 1 1 1 1 1 1 1 2 2 2 ]
[ 1 1 1 1 1 1 2 2 2 2 ]
[ 1 1 1 1 1 2 2 2 2 2 ]
[ 1 1 1 1 2 2 2 2 2 2 ]
[ 1 1 1 2 2 2 2 2 2 2 ]
[ 1 1 2 2 2 2 2 2 2 2 ]
[ 1 2 2 2 2 2 2 2 2 2 ]

Running insertion sort algorithm: 
Timer (sort): 18ms real	20ms user	0ms sys
The output is sorted!
[ 0 0 0 0 0 0 0 0 0 0 ]
[ 0 0 0 0 0 0 0 0 0 1 ]
[ 0 0 0 0 0 0 0 0 1 1 ]
[ 0 0 0 0 0 0 0 1 1 1 ]
[ 0 0 0 0 0 0 1 1 1 1 ]
[ 0 0 0 0 0 1 1 1 1 1 ]
[ 0 0 0 0 1 1 1 1 1 1 ]
[ 0 0 0 1 1 1 1 1 1 1 ]
[ 0 0 1 1 1 1 1 1 1 1 ]
[ 0 1 1 1 1 1 1 1 1 1 ]
[ 1 1 1 1 1 1 1 1 1 1 ]
[ 1 1 1 1 1 1 1 1 1 2 ]
[ 1 1 1 1 1 1 1 1 2 2 ]
[ 1 1 1 1 1 1 1 2 2 2 ]
[ 1 1 1 1 1 1 2 2 2 2 ]
[ 1 1 1 1 1 2 2 2 2 2 ]
[ 1 1 1 1 2 2 2 2 2 2 ]
[ 1 1 1 2 2 2 2 2 2 2 ]
[ 1 1 2 2 2 2 2 2 2 2 ]
[ 1 2 2 2 2 2 2 2 2 2 ]

Timer (generate): 39ms real	0ms user	0ms sys
[ 0 0 0 0 0 0 0 0 0 0 ]
[ 0 0 0 0 0 0 0 0 0 1 ]
[ 0 0 0 0 0 0 0 0 1 1 ]
[ 0 0 0 0 0 0 0 1 1 1 ]
[ 0 0 0 0 0 0 1 1 1 1 ]
[ 0 0 0 0 0 1 1 1 1 1 ]
[ 0 0 0 0 1 1 1 1 1 1 ]
[ 0 0 0 1 1 1 1 1 1 1 ]
[ 0 0 1 1 1 1 1 1 1 1 ]
[ 0 1 1 1 1 1 1 1 1 1 ]
[ 1 1 1 1 1 1 1 1 1 1 ]
[ 1 1 1 1 1 1 1 1 1 2 ]
[ 1 1 1 1 1 1 1 1 2 2 ]
[ 1 1 1 1 1 1 1 2 2 2 ]
[ 1 1 1 1 1 1 2 2 2 2 ]
[ 1 1 1 1 1 2 2 2 2 2 ]
[ 1 1 1 1 2 2 2 2 2 2 ]
[ 1 1 1 2 2 2 2 2 2 2 ]
[ 1 1 2 2 2 2 2 2 2 2 ]
[ 1 2 2 2 2 2 2 2 2 2 ]

Running insertion sort algorithm: 
Timer (sort): 22ms real	20ms user	0ms sys
The output is sorted!
[ 0 0 0 0 0 0 0 0 0 0 ]
[ 0 0 0 0 0 0 0 0 0 1 ]
[ 0 0 0 0 0 0 0 0 1 1 ]
[ 0 0 0 0 0 0 0 1 1 1 ]
[ 0 0 0 0 0 0 1 1 1 1 ]
[ 0 0 0 0 0 1 1 1 1 1 ]
[ 0 0 0 0 1 1 1 1 1 1 ]
[ 0 0 0 1 1 1 1 1 1 1 ]
[ 0 0 1 1 1 1 1 1 1 1 ]
[ 0 1 1 1 1 1 1 1 1 1 ]
[ 1 1 1 1 1 1 1 1 1 1 ]
[ 1 1 1 1 1 1 1 1 1 2 ]
[ 1 1 1 1 1 1 1 1 2 2 ]
[ 1 1 1 1 1 1 1 2 2 2 ]
[ 1 1 1 1 1 1 2 2 2 2 ]
[ 1 1 1 1 1 2 2 2 2 2 ]
[ 1 1 1 1 2 2 2 2 2 2 ]
[ 1 1 1 2 2 2 2 2 2 2 ]
[ 1 1 2 2 2 2 2 2 2 2 ]
[ 1 2 2 2 2 2 2 2 2 2 ]

Timer (generate): 43ms real	10ms user	10ms sys
[ 0 0 0 0 0 0 0 0 0 0 ]
[ 0 0 0 0 0 0 0 0 0 1 ]
[ 0 0 0 0 0 0 0 0 1 1 ]
[ 0 0 0 0 0 0 0 1 1 1 ]
[ 0 0 0 0 0 0 1 1 1 1 ]
[ 0 0 0 0 0 1 1 1 1 1 ]
[ 0 0 0 0 1 1 1 1 1 1 ]
[ 0 0 0 1 1 1 1 1 1 1 ]
[ 0 0 1 1 1 1 1 1 1 1 ]
[ 0 1 1 1 1 1 1 1 1 1 ]
[ 1 1 1 1 1 1 1 1 1 1 ]
[ 1 1 1 1 1 1 1 1 1 2 ]
[ 1 1 1 1 1 1 1 1 2 2 ]
[ 1 1 1 1 1 1 1 2 2 2 ]
[ 1 1 1 1 1 1 2 2 2 2 ]
[ 1 1 1 1 1 2 2 2 2 2 ]
[ 1 1 1 1 2 2 2 2 2 2 ]
[ 1 1 1 2 2 2 2 2 2 2 ]
[ 1 1 2 2 2 2 2 2 2 2 ]
[ 1 2 2 2 2 2 2 2 2 2 ]

Running insertion sort algorithm: 
Timer (sort): 38ms real	20ms user	0ms sys
The output is sorted!
[ 0 0 0 0 0 0 0 0 0 0 ]
[ 0 0 0 0 0 0 0 0 0 1 ]
[ 0 0 0 0 0 0 0 0 1 1 ]
[ 0 0 0 0 0 0 0 1 1 1 ]
[ 0 0 0 0 0 0 1 1 1 1 ]
[ 0 0 0 0 0 1 1 1 1 1 ]
[ 0 0 0 0 1 1 1 1 1 1 ]
[ 0 0 0 1 1 1 1 1 1 1 ]
[ 0 0 1 1 1 1 1 1 1 1 ]
[ 0 1 1 1 1 1 1 1 1 1 ]
[ 1 1 1 1 1 1 1 1 1 1 ]
[ 1 1 1 1 1 1 1 1 1 2 ]
[ 1 1 1 1 1 1 1 1 2 2 ]
[ 1 1 1 1 1 1 1 2 2 2 ]
[ 1 1 1 1 1 1 2 2 2 2 ]
[ 1 1 1 1 1 2 2 2 2 2 ]
[ 1 1 1 1 2 2 2 2 2 2 ]
[ 1 1 1 2 2 2 2 2 2 2 ]
[ 1 1 2 2 2 2 2 2 2 2 ]
[ 1 2 2 2 2 2 2 2 2 2 ]

Timer (generate): 19ms real	10ms user	0ms sys
[ 0 0 0 0 0 0 0 0 0 0 ]
[ 0 0 0 0 0 0 0 0 0 1 ]
[ 0 0 0 0 0 0 0 0 1 1 ]
[ 0 0 0 0 0 0 0 1 1 1 ]
[ 0 0 0 0 0 0 1 1 1 1 ]
[ 0 0 0 0 0 1 1 1 1 1 ]
[ 0 0 0 0 1 1 1 1 1 1 ]
[ 0 0 0 1 1 1 1 1 1 1 ]
[ 0 0 1 1 1 1 1 1 1 1 ]
[ 0 1 1 1 1 1 1 1 1 1 ]
[ 1 1 1 1 1 1 1 1 1 1 ]
[ 1 1 1 1 1 1 1 1 1 2 ]
[ 1 1 1 1 1 1 1 1 2 2 ]
[ 1 1 1 1 1 1 1 2 2 2 ]
[ 1 1 1 1 1 1 2 2 2 2 ]
[ 1 1 1 1 1 2 2 2 2 2 ]
[ 1 1 1 1 2 2 2 2 2 2 ]
[ 1 1 1 2 2 2 2 2 2 2 ]
[ 1 1 2 2 2 2 2 2 2 2 ]
[ 1 2 2 2 2 2 2 2 2 2 ]

Running insertion sort algorithm: 
Timer (sort): 39ms real	20ms user	0ms sys
The output is sorted!
[ 0 0 0 0 0 0 0 0 0 0 ]
[ 0 0 0 0 0 0 0 0 0 1 ]
[ 0 0 0 0 0 0 0 0 1 1 ]
[ 0 0 0 0 0 0 0 1 1 1 ]
[ 0 0 0 0 0 0 1 1 1 1 ]
[ 0 0 0 0 0 1 1 1 1 1 ]
[ 0 0 0 0 1 1 1 1 1 1 ]
[ 0 0 0 1 1 1 1 1 1 1 ]
[ 0 0 1 1 1 1 1 1 1 1 ]
[ 0 1 1 1 1 1 1 1 1 1 ]
[ 1 1 1 1 1 1 1 1 1 1 ]
[ 1 1 1 1 1 1 1 1 1 2 ]
[ 1 1 1 1 1 1 1 1 2 2 ]
[ 1 1 1 1 1 1 1 2 2 2 ]
[ 1 1 1 1 1 1 2 2 2 2 ]
[ 1 1 1 1 1 2 2 2 2 2 ]
[ 1 1 1 1 2 2 2 2 2 2 ]
[ 1 1 1 2 2 2 2 2 2 2 ]
[ 1 1 2 2 2 2 2 2 2 2 ]
[ 1 2 2 2 2 2 2 2 2 2 ]

Timer (generate): 52ms real	30ms user	10ms sys
[ 0 0 0 0 0 0 0 0 0 0 ]
[ 0 0 0 0 0 0 0 0 0 1 ]
[ 0 0 0 0 0 0 0 0 1 1 ]
[ 0 0 0 0 0 0 0 1 1 1 ]
[ 0 0 0 0 0 0 1 1 1 1 ]
[ 0 0 0 0 0 1 1 1 1 1 ]
[ 0 0 0 0 1 1 1 1 1 1 ]
[ 0 0 0 1 1 1 1 1 1 1 ]
[ 0 0 1 1 1 1 1 1 1 1 ]
[ 0 1 1 1 1 1 1 1 1 1 ]
[ 1 1 1 1 1 1 1 1 1 1 ]
[ 1 1 1 1 1 1 1 1 1 2 ]
[ 1 1 1 1 1 1 1 1 2 2 ]
[ 1 1 1 1 1 1 1 2 2 2 ]
[ 1 1 1 1 1 1 2 2 2 2 ]
[ 1 1 1 1 1 2 2 2 2 2 ]
[ 1 1 1 1 2 2 2 2 2 2 ]
[ 1 1 1 2 2 2 2 2 2 2 ]
[ 1 1 2 2 2 2 2 2 2 2 ]
[ 1 2 2 2 2 2 2 2 2 2 ]

Running insertion sort algorithm: 
Timer (sort): 14ms real	10ms user	0ms sys
The output is sorted!
[ 0 0 0 0 0 0 0 0 0 0 ]
[ 0 0 0 0 0 0 0 0 0 1 ]
[ 0 0 0 0 0 0 0 0 1 1 ]
[ 0 0 0 0 0 0 0 1 1 1 ]
[ 0 0 0 0 0 0 1 1 1 1 ]
[ 0 0 0 0 0 1 1 1 1 1 ]
[ 0 0 0 0 1 1 1 1 1 1 ]
[ 0 0 0 1 1 1 1 1 1 1 ]
[ 0 0 1 1 1 1 1 1 1 1 ]
[ 0 1 1 1 1 1 1 1 1 1 ]
[ 1 1 1 1 1 1 1 1 1 1 ]
[ 1 1 1 1 1 1 1 1 1 2 ]
[ 1 1 1 1 1 1 1 1 2 2 ]
[ 1 1 1 1 1 1 1 2 2 2 ]
[ 1 1 1 1 1 1 2 2 2 2 ]
[ 1 1 1 1 1 2 2 2 2 2 ]
[ 1 1 1 1 2 2 2 2 2 2 ]
[ 1 1 1 2 2 2 2 2 2 2 ]
[ 1 1 2 2 2 2 2 2 2 2 ]
[ 1 2 2 2 2 2 2 2 2 2 ]

Timer (generate): 42ms real	20ms user	0ms sys
[ 0 0 0 0 0 0 0 0 0 0 ]
[ 0 0 0 0 0 0 0 0 0 1 ]
[ 0 0 0 0 0 0 0 0 1 1 ]
[ 0 0 0 0 0 0 0 1 1 1 ]
[ 0 0 0 0 0 0 1 1 1 1 ]
[ 0 0 0 0 0 1 1 1 1 1 ]
[ 0 0 0 0 1 1 1 1 1 1 ]
[ 0 0 0 1 1 1 1 1 1 1 ]
[ 0 0 1 1 1 1 1 1 1 1 ]
[ 0 1 1 1 1 1 1 1 1 1 ]
[ 1 1 1 1 1 1 1 1 1 1 ]
[ 1 1 1 1 1 1 1 1 1 2 ]
[ 1 1 1 1 1 1 1 1 2 2 ]
[ 1 1 1 1 1 1 1 2 2 2 ]
[ 1 1 1 1 1 1 2 2 2 2 ]
[ 1 1 1 1 1 2 2 2 2 2 ]
[ 1 1 1 1 2 2 2 2 2 2 ]
[ 1 1 1 2 2 2 2 2 2 2 ]
[ 1 1 2 2 2 2 2 2 2 2 ]
[ 1 2 2 2 2 2 2 2 2 2 ]

Running insertion sort algorithm: 
Timer (sort): 12ms real	10ms user	0ms sys
The output is sorted!
[ 0 0 0 0 0 0 0 0 0 0 ]
[ 0 0 0 0 0 0 0 0 0 1 ]
[ 0 0 0 0 0 0 0 0 1 1 ]
[ 0 0 0 0 0 0 0 1 1 1 ]
[ 0 0 0 0 0 0 1 1 1 1 ]
[ 0 0 0 0 0 1 1 1 1 1 ]
[ 0 0 0 0 1 1 1 1 1 1 ]
[ 0 0 0 1 1 1 1 1 1 1 ]
[ 0 0 1 1 1 1 1 1 1 1 ]
[ 0 1 1 1 1 1 1 1 1 1 ]
[ 1 1 1 1 1 1 1 1 1 1 ]
[ 1 1 1 1 1 1 1 1 1 2 ]
[ 1 1 1 1 1 1 1 1 2 2 ]
[ 1 1 1 1 1 1 1 2 2 2 ]
[ 1 1 1 1 1 1 2 2 2 2 ]
[ 1 1 1 1 1 2 2 2 2 2 ]
[ 1 1 1 1 2 2 2 2 2 2 ]
[ 1 1 1 2 2 2 2 2 2 2 ]
[ 1 1 2 2 2 2 2 2 2 2 ]
[ 1 2 2 2 2 2 2 2 2 2 ]

Timer (generate): 44ms real	10ms user	10ms sys
[ 0 0 0 0 0 0 0 0 0 0 ]
[ 0 0 0 0 0 0 0 0 0 1 ]
[ 0 0 0 0 0 0 0 0 1 1 ]
[ 0 0 0 0 0 0 0 1 1 1 ]
[ 0 0 0 0 0 0 1 1 1 1 ]
[ 0 0 0 0 0 1 1 1 1 1 ]
[ 0 0 0 0 1 1 1 1 1 1 ]
[ 0 0 0 1 1 1 1 1 1 1 ]
[ 0 0 1 1 1 1 1 1 1 1 ]
[ 0 1 1 1 1 1 1 1 1 1 ]
[ 1 1 1 1 1 1 1 1 1 1 ]
[ 1 1 1 1 1 1 1 1 1 2 ]
[ 1 1 1 1 1 1 1 1 2 2 ]
[ 1 1 1 1 1 1 1 2 2 2 ]
[ 1 1 1 1 1 1 2 2 2 2 ]
[ 1 1 1 1 1 2 2 2 2 2 ]
[ 1 1 1 1 2 2 2 2 2 2 ]
[ 1 1 1 2 2 2 2 2 2 2 ]
[ 1 1 2 2 2 2 2 2 2 2 ]
[ 1 2 2 2 2 2 2 2 2 2 ]

Running insertion sort algorithm: 
Timer (sort): 33ms real	20ms user	0ms sys
The output is sorted!
[ 0 0 0 0 0 0 0 0 0 0 ]
[ 0 0 0 0 0 0 0 0 0 1 ]
[ 0 0 0 0 0 0 0 0 1 1 ]
[ 0 0 0 0 0 0 0 1 1 1 ]
[ 0 0 0 0 0 0 1 1 1 1 ]
[ 0 0 0 0 0 1 1 1 1 1 ]
[ 0 0 0 0 1 1 1 1 1 1 ]
[ 0 0 0 1 1 1 1 1 1 1 ]
[ 0 0 1 1 1 1 1 1 1 1 ]
[ 0 1 1 1 1 1 1 1 1 1 ]
[ 1 1 1 1 1 1 1 1 1 1 ]
[ 1 1 1 1 1 1 1 1 1 2 ]
[ 1 1 1 1 1 1 1 1 2 2 ]
[ 1 1 1 1 1 1 1 2 2 2 ]
[ 1 1 1 1 1 1 2 2 2 2 ]
[ 1 1 1 1 1 2 2 2 2 2 ]
[ 1 1 1 1 2 2 2 2 2 2 ]
[ 1 1 1 2 2 2 2 2 2 2 ]
[ 1 1 2 2 2 2 2 2 2 2 ]
[ 1 2 2 2 2 2 2 2 2 2 ]

Timer (generate): 40ms real	20ms user	0ms sys
[ 0 0 0 0 0 0 0 0 0 0 ]
[ 0 0 0 0 0 0 0 0 0 1 ]
[ 0 0 0 0 0 0 0 0 1 1 ]
[ 0 0 0 0 0 0 0 1 1 1 ]
[ 0 0 0 0 0 0 1 1 1 1 ]
[ 0 0 0 0 0 1 1 1 1 1 ]
[ 0 0 0 0 1 1 1 1 1 1 ]
[ 0 0 0 1 1 1 1 1 1 1 ]
[ 0 0 1 1 1 1 1 1 1 1 ]
[ 0 1 1 1 1 1 1 1 1 1 ]
[ 1 1 1 1 1 1 1 1 1 1 ]
[ 1 1 1 1 1 1 1 1 1 2 ]
[ 1 1 1 1 1 1 1 1 2 2 ]
[ 1 1 1 1 1 1 1 2 2 2 ]
[ 1 1 1 1 1 1 2 2 2 2 ]
[ 1 1 1 1 1 2 2 2 2 2 ]
[ 1 1 1 1 2 2 2 2 2 2 ]
[ 1 1 1 2 2 2 2 2 2 2 ]
[ 1 1 2 2 2 2 2 2 2 2 ]
[ 1 2 2 2 2 2 2 2 2 2 ]

Running insertion sort algorithm: 
Timer (sort): 13ms real	10ms user	0ms sys
The output is sorted!
[ 0 0 0 0 0 0 0 0 0 0 ]
[ 0 0 0 0 0 0 0 0 0 1 ]
[ 0 0 0 0 0 0 0 0 1 1 ]
[ 0 0 0 0 0 0 0 1 1 1 ]
[ 0 0 0 0 0 0 1 1 1 1 ]
[ 0 0 0 0 0 1 1 1 1 1 ]
[ 0 0 0 0 1 1 1 1 1 1 ]
[ 0 0 0 1 1 1 1 1 1 1 ]
[ 0 0 1 1 1 1 1 1 1 1 ]
[ 0 1 1 1 1 1 1 1 1 1 ]
[ 1 1 1 1 1 1 1 1 1 1 ]
[ 1 1 1 1 1 1 1 1 1 2 ]
[ 1 1 1 1 1 1 1 1 2 2 ]
[ 1 1 1 1 1 1 1 2 2 2 ]
[ 1 1 1 1 1 1 2 2 2 2 ]
[ 1 1 1 1 1 2 2 2 2 2 ]
[ 1 1 1 1 2 2 2 2 2 2 ]
[ 1 1 1 2 2 2 2 2 2 2 ]
[ 1 1 2 2 2 2 2 2 2 2 ]
[ 1 2 2 2 2 2 2 2 2 2 ]

Timer (generate): 39ms real	10ms user	10ms sys
[ 0 0 0 0 0 0 0 0 0 0 ]
[ 0 0 0 0 0 0 0 0 0 1 ]
[ 0 0 0 0 0 0 0 0 1 1 ]
[ 0 0 0 0 0 0 0 1 1 1 ]
[ 0 0 0 0 0 0 1 1 1 1 ]
[ 0 0 0 0 0 1 1 1 1 1 ]
[ 0 0 0 0 1 1 1 1 1 1 ]
[ 0 0 0 1 1 1 1 1 1 1 ]
[ 0 0 1 1 1 1 1 1 1 1 ]
[ 0 1 1 1 1 1 1 1 1 1 ]
[ 1 1 1 1 1 1 1 1 1 1 ]
[ 1 1 1 1 1 1 1 1 1 2 ]
[ 1 1 1 1 1 1 1 1 2 2 ]
[ 1 1 1 1 1 1 1 2 2 2 ]
[ 1 1 1 1 1 1 2 2 2 2 ]
[ 1 1 1 1 1 2 2 2 2 2 ]
[ 1 1 1 1 2 2 2 2 2 2 ]
[ 1 1 1 2 2 2 2 2 2 2 ]
[ 1 1 2 2 2 2 2 2 2 2 ]
[ 1 2 2 2 2 2 2 2 2 2 ]

Running insertion sort algorithm: 
Timer (sort): 15ms real	10ms user	0ms sys
The output is sorted!
[ 0 0 0 0 0 0 0 0 0 0 ]
[ 0 0 0 0 0 0 0 0 0 1 ]
[ 0 0 0 0 0 0 0 0 1 1 ]
[ 0 0 0 0 0 0 0 1 1 1 ]
[ 0 0 0 0 0 0 1 1 1 1 ]
[ 0 0 0 0 0 1 1 1 1 1 ]
[ 0 0 0 0 1 1 1 1 1 1 ]
[ 0 0 0 1 1 1 1 1 1 1 ]
[ 0 0 1 1 1 1 1 1 1 1 ]
[ 0 1 1 1 1 1 1 1 1 1 ]
[ 1 1 1 1 1 1 1 1 1 1 ]
[ 1 1 1 1 1 1 1 1 1 2 ]
[ 1 1 1 1 1 1 1 1 2 2 ]
[ 1 1 1 1 1 1 1 2 2 2 ]
[ 1 1 1 1 1 1 2 2 2 2 ]
[ 1 1 1 1 1 2 2 2 2 2 ]
[ 1 1 1 1 2 2 2 2 2 2 ]
[ 1 1 1 2 2 2 2 2 2 2 ]
[ 1 1 2 2 2 2 2 2 2 2 ]
[ 1 2 2 2 2 2 2 2 2 2 ]

