Timer (generate): 80ms real	40ms user	0ms sys
[ 33 50 67 78 13 42 10 0 62 95 67 66 88 2 13 51 75 26 75 25 75 72 73 27 40 81 4 50 11 50 86 44 53 5 75 66 47 85 19 62 32 38 28 72 40 42 23 16 20 99 ]
[ 41 47 23 15 74 63 96 31 66 7 33 52 4 38 9 79 5 8 16 76 70 48 14 99 20 55 93 95 71 13 94 64 61 18 31 87 33 27 70 99 87 56 3 91 94 12 22 99 73 38 ]
[ 27 43 38 42 94 10 97 39 5 20 5 52 84 18 22 16 57 7 95 28 7 82 36 62 25 30 27 47 82 0 37 9 95 27 51 90 37 0 29 95 20 86 47 57 4 21 25 62 28 72 ]
[ 42 87 55 78 50 32 8 29 32 42 81 21 52 76 49 3 66 86 56 48 33 76 34 32 85 91 53 10 53 82 83 95 21 90 73 71 74 33 52 58 76 33 80 28 10 29 83 28 67 91 ]
[ 28 1 68 15 33 5 6 87 68 11 21 3 6 42 45 31 66 19 64 70 78 92 4 58 72 66 39 8 94 6 99 75 7 19 90 41 25 48 80 93 59 1 96 17 95 93 48 13 12 64 ]
[ 84 42 9 88 52 81 54 91 89 0 98 41 75 5 60 17 98 85 17 78 30 76 31 78 45 79 71 45 92 36 10 28 78 71 16 83 52 22 74 94 75 72 87 2 30 47 72 28 85 89 ]
[ 59 15 18 90 46 63 69 17 9 14 5 71 42 36 42 11 19 46 85 93 92 60 18 79 15 48 27 87 76 64 28 35 79 46 78 77 62 99 47 71 13 52 94 8 88 36 19 7 34 56 ]
[ 1 27 69 19 6 84 19 85 23 47 49 51 83 81 98 13 58 12 12 57 35 78 10 29 38 50 17 9 58 51 65 11 30 34 82 89 18 1 74 41 48 76 45 83 9 95 48 19 7 13 ]
[ 77 42 43 39 71 81 89 40 90 47 91 55 10 74 42 44 63 12 97 89 6 98 17 51 33 26 46 82 46 5 47 75 47 90 14 70 71 3 10 13 3 53 20 13 27 62 10 90 75 7 ]
[ 32 81 5 49 32 39 76 30 21 74 35 68 49 34 10 63 56 81 66 66 46 69 71 66 35 99 29 45 41 56 4 73 37 10 23 21 49 99 3 22 25 90 42 74 76 52 37 32 85 3 ]
[ 50 31 25 21 49 12 72 30 9 14 86 13 39 75 75 62 48 24 13 3 98 38 93 40 12 69 44 1 53 29 57 3 12 34 77 62 46 49 44 7 15 31 72 55 58 48 69 7 24 35 ]
[ 62 23 25 56 63 90 77 60 91 83 41 48 38 54 82 15 68 80 17 12 39 84 95 12 91 6 12 13 13 36 48 75 59 73 83 75 63 13 35 7 96 76 55 34 82 90 2 2 22 71 ]
[ 67 62 55 14 26 47 20 38 60 85 26 60 13 86 85 96 13 1 61 0 8 57 28 15 44 11 57 46 65 80 17 32 94 24 47 72 23 67 62 35 53 88 95 66 26 33 14 91 34 76 ]
[ 91 94 85 20 9 29 83 19 27 48 99 96 81 45 21 80 69 44 47 83 80 52 23 27 18 2 60 85 93 94 61 85 88 46 57 50 28 92 69 55 40 20 4 73 17 25 53 86 69 53 ]
[ 21 1 5 44 29 76 46 89 13 40 36 74 77 76 72 86 26 52 78 95 60 18 67 64 44 84 89 97 22 10 2 43 12 60 88 93 88 86 34 1 26 70 27 55 47 99 41 25 52 19 ]
[ 73 12 90 40 28 86 77 17 35 99 79 38 95 91 50 35 36 38 21 71 39 0 41 66 55 40 17 49 66 21 20 39 85 62 31 13 48 8 30 84 8 10 22 55 53 72 90 42 62 11 ]
[ 13 1 11 6 19 19 99 88 68 65 10 40 56 95 3 87 9 51 96 91 35 56 53 9 11 59 33 1 1 95 64 66 48 28 24 67 47 23 8 67 40 18 7 96 65 62 84 26 14 32 ]
[ 70 1 88 23 11 51 34 96 52 87 92 68 53 40 96 78 60 43 53 68 62 94 38 70 90 3 32 26 82 98 10 52 52 50 27 63 1 62 11 5 49 3 74 55 96 70 85 8 14 38 ]
[ 28 76 84 66 98 75 21 83 53 55 33 64 7 85 14 35 0 68 97 12 73 98 67 47 5 63 18 90 71 84 81 51 60 65 69 11 92 43 46 46 98 79 62 6 65 28 41 17 96 90 ]
[ 29 70 40 97 17 46 60 87 88 84 71 21 87 84 87 57 95 31 0 93 29 98 72 43 56 89 72 97 7 20 39 36 42 32 85 12 30 98 99 70 34 71 92 21 55 31 78 2 62 30 ]

Running insertion sort algorithm: 
Timer (sort): 153002ms real	145960ms user	1670ms sys
The output is sorted!
[ 15 4 34 8 45 42 52 97 98 8 60 48 36 31 16 36 57 34 29 63 11 14 67 99 17 16 16 69 33 1 21 0 6 8 8 3 50 13 1 0 73 13 48 9 44 16 46 1 51 75 ]
[ 88 57 32 28 11 35 0 27 3 74 43 63 57 42 11 39 7 33 58 56 8 7 11 28 14 1 30 95 32 6 38 20 15 23 0 26 10 1 6 13 27 49 28 84 91 39 75 50 25 34 ]
[ 18 7 45 82 37 48 31 63 6 54 66 86 31 17 14 49 40 42 9 80 36 39 54 22 19 69 1 13 31 55 5 1 15 2 83 4 3 14 67 9 21 85 47 4 3 13 6 43 55 15 ]
[ 40 91 39 25 13 7 59 23 6 4 1 56 12 38 45 43 28 7 10 7 6 48 15 21 64 31 18 24 19 88 14 12 32 5 37 45 13 48 69 71 52 70 27 16 61 24 11 89 31 74 ]
[ 90 5 7 21 11 39 51 5 17 73 58 4 48 38 82 5 34 41 35 20 48 56 10 1 12 45 75 79 25 44 35 15 1 95 88 13 34 40 70 3 13 28 7 14 19 42 19 53 35 6 ]
[ 17 2 60 68 62 14 0 25 95 47 28 29 19 58 15 9 38 28 3 12 34 86 37 21 3 14 10 71 44 48 9 61 50 69 30 12 35 30 37 30 29 17 59 48 28 26 10 66 7 65 ]
[ 31 36 49 20 25 14 13 1 76 15 26 26 93 13 83 52 55 5 40 1 45 15 29 12 37 68 13 66 80 1 23 63 90 24 35 15 38 0 16 67 15 42 45 8 7 28 12 63 33 52 ]
[ 67 32 18 50 6 80 58 41 52 45 3 51 26 32 2 90 67 18 49 68 5 25 31 18 28 19 4 40 9 88 53 29 20 23 31 26 3 89 19 7 34 74 58 13 6 12 3 73 31 4 ]
[ 50 11 47 31 27 14 57 2 58 89 28 41 36 8 25 25 3 22 41 24 8 6 69 28 58 58 9 1 22 8 21 72 20 20 4 99 35 13 1 45 2 81 87 38 89 64 16 92 38 9 ]
[ 26 0 16 37 43 5 25 7 54 12 2 76 38 27 22 14 75 93 9 10 36 48 11 96 81 51 96 64 44 4 45 70 5 13 7 0 71 32 7 25 96 61 53 34 40 27 0 15 21 10 ]
[ 18 23 83 42 5 49 52 29 71 32 9 12 10 3 8 97 79 49 2 54 44 41 2 33 10 8 10 36 53 43 16 23 19 0 66 76 1 70 5 72 2 15 36 65 18 44 62 50 46 64 ]
[ 22 14 79 89 22 48 23 45 69 46 11 95 23 65 39 41 6 25 16 58 39 43 51 19 83 8 12 35 45 23 21 19 89 53 8 12 1 83 9 22 29 20 17 5 37 8 46 44 33 15 ]
[ 61 61 12 9 40 2 24 84 3 11 46 84 38 85 26 51 20 45 65 8 47 17 57 14 26 2 13 11 4 17 2 17 79 14 26 71 17 2 55 72 66 53 56 4 90 35 8 62 32 25 ]
[ 87 1 15 21 25 5 26 34 88 79 16 33 18 21 10 64 6 46 79 7 7 37 4 22 45 91 59 3 37 20 11 24 22 78 97 99 83 24 33 23 3 1 56 73 23 19 37 29 17 16 ]
[ 40 35 46 79 21 24 13 9 59 78 29 8 46 47 75 5 53 3 41 9 17 13 54 61 74 1 86 18 2 6 56 42 93 3 21 14 27 86 23 38 16 4 47 15 52 22 20 57 25 62 ]
[ 40 48 7 2 3 84 4 50 84 2 54 3 24 82 33 35 53 9 87 45 80 27 54 27 42 44 13 6 3 62 6 44 10 65 46 66 49 50 16 85 4 22 41 28 4 74 15 9 35 2 ]
[ 2 23 9 83 68 35 69 13 34 52 18 55 52 21 21 19 24 8 63 58 17 28 1 5 36 39 22 42 67 0 40 21 23 1 56 43 88 26 57 22 78 27 29 83 48 51 54 25 11 17 ]
[ 16 19 34 30 3 12 40 23 59 3 78 9 30 78 11 54 30 1 53 30 60 26 13 33 69 40 63 47 16 38 27 33 10 13 15 13 25 7 36 85 11 66 46 41 96 57 48 78 58 1 ]
[ 53 42 28 36 89 44 16 9 94 34 50 21 8 43 21 4 5 67 59 13 95 65 20 40 19 39 57 45 16 16 3 21 11 32 10 0 28 26 9 22 12 60 96 73 3 17 29 60 36 89 ]
[ 16 42 3 33 49 24 49 11 2 10 86 58 13 99 1 27 2 17 60 49 80 6 39 48 52 29 62 12 36 39 7 4 34 63 37 35 39 38 46 41 1 33 51 14 84 52 41 38 22 53 ]

Timer (generate): 37ms real	30ms user	0ms sys
[ 46 38 52 93 13 72 92 38 93 56 41 18 98 37 62 34 92 4 52 92 20 96 45 55 97 17 55 81 22 35 34 68 25 86 13 38 10 5 29 3 61 22 21 12 12 35 46 4 91 99 ]
[ 48 64 47 93 19 44 63 26 78 37 13 12 5 39 50 18 29 60 75 58 15 36 33 88 0 45 75 47 1 66 98 49 30 97 94 2 41 57 80 71 94 94 83 51 33 85 21 62 97 96 ]
[ 73 12 85 6 52 85 3 27 84 4 94 34 53 76 31 47 78 25 57 59 96 3 53 32 55 38 17 76 0 15 25 25 79 62 83 32 47 86 59 84 42 5 18 47 82 2 47 60 79 4 ]
[ 71 27 59 24 59 14 14 29 43 67 96 20 92 75 82 76 7 81 14 19 65 57 24 36 56 6 90 3 19 69 59 90 48 19 67 60 85 81 89 28 48 85 0 41 12 82 69 72 64 83 ]
[ 91 81 92 67 17 49 74 7 4 93 28 64 83 77 35 50 37 20 84 78 1 32 63 53 73 27 36 94 99 52 30 42 33 22 10 51 23 84 10 80 29 39 96 64 68 83 67 5 3 51 ]
[ 83 56 83 98 62 9 25 98 55 77 2 85 19 35 60 81 38 35 17 1 15 46 40 11 63 8 94 30 65 50 81 48 58 16 98 72 77 23 70 33 52 24 18 24 60 30 5 50 66 23 ]
[ 51 81 21 43 45 84 3 91 14 68 93 47 68 4 16 18 76 93 94 99 78 46 23 49 70 35 79 76 38 45 51 89 79 72 85 76 57 88 19 23 9 65 71 29 69 39 48 97 32 42 ]
[ 48 63 40 24 12 11 11 91 39 49 37 90 39 68 62 76 44 19 16 15 43 25 80 66 7 1 5 7 51 89 1 99 52 41 75 64 4 87 56 43 36 45 85 27 65 48 3 9 19 20 ]
[ 24 14 97 57 32 56 58 37 63 9 79 64 9 83 58 36 48 62 23 56 6 60 53 91 39 18 91 95 79 63 67 55 29 64 12 62 73 71 51 88 32 30 53 93 14 11 30 14 73 53 ]
[ 22 31 65 75 75 5 45 18 0 24 81 67 79 11 83 44 25 8 67 76 97 99 59 2 93 25 13 23 39 38 28 61 22 94 88 97 51 33 67 3 57 1 22 88 12 5 84 89 66 51 ]
[ 65 63 3 24 65 96 49 30 71 40 68 99 53 42 45 41 91 96 74 59 99 83 60 73 24 24 79 8 13 97 12 30 60 15 55 25 63 56 55 34 49 75 85 2 70 31 44 61 79 18 ]
[ 72 31 54 32 4 78 8 35 38 21 32 50 52 92 17 59 69 80 67 76 66 16 52 52 19 74 35 63 35 14 33 8 97 87 92 54 65 1 89 4 74 74 6 78 18 24 89 88 4 57 ]
[ 64 23 73 68 75 44 42 62 7 30 76 41 90 26 80 82 80 46 35 21 2 62 95 60 92 14 84 82 54 41 39 70 64 64 91 91 9 85 53 16 15 81 9 5 59 90 40 39 88 27 ]
[ 13 42 41 8 54 34 74 91 16 28 84 55 51 0 71 42 91 80 27 96 49 43 77 10 0 37 52 92 28 92 72 41 34 13 2 41 47 76 32 63 57 16 70 8 16 42 50 7 74 29 ]
[ 55 75 24 84 86 77 73 90 69 2 83 41 95 69 7 97 10 54 26 42 18 35 58 40 43 74 34 45 33 9 74 88 36 99 73 74 76 98 65 97 0 48 91 48 17 98 97 28 52 75 ]
[ 70 22 10 81 15 5 7 49 50 41 10 77 81 47 28 6 21 56 5 38 5 57 86 96 5 56 46 55 84 99 30 6 73 41 39 88 98 47 90 1 40 0 78 21 99 58 80 73 14 37 ]
[ 11 19 94 50 68 52 6 14 59 90 65 89 48 91 82 88 31 33 35 21 34 27 74 64 0 25 22 80 98 88 69 62 59 16 12 27 68 18 94 79 60 59 20 8 50 3 48 34 36 35 ]
[ 55 22 62 81 86 63 7 8 95 5 48 65 67 7 81 31 87 1 49 81 80 9 92 52 70 95 55 18 29 43 54 36 65 16 18 3 31 25 11 27 82 11 44 2 19 77 33 6 78 35 ]
[ 39 10 44 83 62 14 78 70 85 59 65 39 96 83 7 66 86 39 91 50 18 25 61 62 79 80 39 65 38 69 0 29 79 96 13 93 11 43 15 96 3 81 87 51 16 94 17 2 33 60 ]
[ 52 51 37 14 65 17 46 4 82 37 73 82 66 4 78 31 50 41 75 65 89 30 98 76 81 14 23 50 17 56 62 21 60 99 35 25 16 34 82 50 71 55 84 89 12 63 21 62 56 48 ]

Running insertion sort algorithm: 
Timer (sort): 136271ms real	136270ms user	0ms sys
The output is sorted!
[ 53 89 28 42 15 23 7 29 72 44 63 16 33 10 3 7 99 8 7 4 48 42 48 1 75 3 84 78 1 4 6 6 46 86 0 13 61 8 42 33 52 5 49 37 67 4 44 18 12 52 ]
[ 34 0 63 7 9 83 42 5 44 50 7 6 1 3 6 38 11 17 59 91 53 37 15 32 22 13 4 76 13 46 0 99 98 15 6 7 98 0 65 42 2 24 1 4 79 7 94 90 76 6 ]
[ 44 32 4 39 51 56 65 62 7 15 43 34 52 93 1 0 22 33 4 27 2 5 24 25 97 64 60 92 15 23 2 11 7 6 3 58 14 20 73 21 35 16 8 39 9 9 40 83 94 96 ]
[ 27 29 10 1 20 96 44 13 55 80 32 67 39 35 34 2 98 37 5 7 42 4 42 67 52 0 62 3 18 6 81 46 35 43 47 7 39 43 20 46 23 4 14 14 39 48 16 37 38 73 ]
[ 79 21 15 31 81 38 30 54 89 16 63 63 0 69 21 40 5 86 4 14 33 24 90 0 19 18 19 20 95 1 44 26 22 12 9 56 50 40 10 40 8 26 55 8 47 77 0 53 15 5 ]
[ 34 34 21 50 62 77 92 25 71 76 58 1 82 50 44 24 3 37 21 63 0 29 28 25 63 86 92 1 20 71 83 6 6 4 9 20 33 1 45 4 77 4 6 11 6 2 35 9 39 8 ]
[ 42 41 32 32 99 28 0 49 2 19 1 29 37 29 41 99 55 19 93 5 97 4 56 6 21 55 5 5 98 25 34 92 18 18 76 17 46 29 18 0 0 19 30 38 1 71 37 8 42 31 ]
[ 4 91 87 2 22 15 3 11 89 17 87 87 54 71 8 17 27 22 4 3 21 13 7 32 77 23 31 36 4 66 27 8 57 14 62 79 29 17 42 18 34 81 57 40 4 18 9 31 40 65 ]
[ 4 10 2 2 17 67 19 12 26 49 30 89 52 46 88 29 15 15 8 2 47 55 13 16 27 80 47 34 23 42 43 27 52 45 81 21 64 0 86 42 1 16 32 6 15 20 35 82 87 43 ]
[ 19 3 23 5 14 22 31 6 7 26 75 15 40 69 69 85 53 73 73 46 47 6 87 17 42 2 33 49 83 47 31 2 3 6 7 17 28 90 75 35 16 2 2 9 71 71 46 24 44 19 ]
[ 48 97 50 35 8 40 72 4 45 18 71 10 5 12 12 36 16 43 31 50 50 21 33 74 10 30 81 48 7 65 13 7 14 16 43 22 8 67 26 53 37 98 15 42 10 28 30 79 23 14 ]
[ 25 95 71 9 51 6 32 0 42 1 32 65 36 2 48 7 48 52 68 55 18 14 62 85 31 45 22 10 42 15 63 20 10 34 29 62 41 62 14 35 15 98 52 51 0 1 10 0 5 78 ]
[ 90 20 29 22 17 7 12 94 40 3 14 9 33 69 7 89 31 68 84 40 0 68 18 15 0 78 52 45 2 0 20 45 72 1 19 90 8 31 36 0 86 51 9 19 20 17 61 51 37 45 ]
[ 49 2 22 0 19 15 3 71 3 2 97 66 91 95 3 15 59 53 13 17 52 74 11 78 55 16 99 5 65 2 14 14 4 36 66 23 3 21 47 7 24 96 25 15 92 28 30 3 33 43 ]
[ 4 49 5 53 3 35 23 23 85 29 24 40 89 29 79 21 46 62 24 11 30 28 9 36 60 2 7 96 4 40 45 8 41 50 14 45 37 37 68 22 19 44 14 8 73 46 29 71 8 54 ]
[ 17 1 6 27 8 57 52 1 45 19 31 85 28 88 7 51 74 25 43 5 3 7 42 92 36 1 4 18 60 48 24 29 49 82 8 58 40 60 11 85 31 43 23 60 31 30 63 5 8 58 ]
[ 7 1 1 15 16 34 37 52 18 17 16 53 55 43 54 31 88 2 3 75 97 33 66 37 34 38 14 3 78 63 18 37 16 71 52 32 5 41 36 24 11 4 29 66 47 35 49 35 38 53 ]
[ 75 7 27 94 27 2 41 19 0 64 5 32 52 51 51 2 15 46 38 93 16 0 5 8 6 28 87 41 36 4 21 12 11 1 58 38 3 99 9 55 15 15 39 67 18 91 22 85 89 60 ]
[ 19 60 27 19 35 68 67 2 56 39 47 69 82 71 30 60 4 9 40 49 26 93 40 4 18 10 5 5 11 7 6 30 67 33 2 3 1 69 57 9 61 4 31 43 27 61 56 32 22 96 ]
[ 19 13 6 27 29 4 71 48 3 44 7 43 56 24 70 93 39 82 4 2 14 26 61 98 1 9 23 60 36 19 4 55 32 11 82 13 67 6 14 70 2 21 65 58 45 87 3 36 22 60 ]

Timer (generate): 38ms real	30ms user	0ms sys
[ 93 64 93 64 50 39 95 18 38 23 68 48 30 24 76 33 86 91 19 40 51 67 41 94 77 74 26 94 72 16 20 65 80 14 81 82 5 76 1 43 51 21 91 33 97 19 66 83 62 38 ]
[ 23 13 57 16 60 34 42 86 29 14 2 49 31 82 15 13 65 21 41 18 16 93 39 8 78 36 79 45 19 42 35 94 7 92 10 67 26 4 53 55 19 7 57 2 90 24 67 7 45 9 ]
[ 25 14 54 64 22 32 52 53 29 71 47 64 17 55 56 79 74 35 83 80 90 54 87 47 57 29 24 76 36 21 85 61 35 91 77 9 76 81 63 5 52 62 22 21 69 78 0 44 13 36 ]
[ 24 56 90 63 55 99 93 79 76 81 1 13 95 36 5 72 46 81 54 61 38 58 23 60 32 45 91 32 89 56 20 65 12 11 80 20 10 73 99 86 55 52 52 50 41 9 74 39 90 80 ]
[ 52 80 91 27 41 23 72 84 7 61 40 28 78 5 39 59 25 1 84 76 40 91 81 92 41 22 1 68 13 43 48 65 75 39 92 16 14 65 52 22 78 93 50 9 50 41 68 27 94 4 ]
[ 55 34 96 36 78 89 10 79 57 75 74 6 40 50 97 33 18 12 50 71 86 80 16 36 89 18 29 9 45 23 14 0 10 62 89 88 51 51 20 9 27 94 67 67 96 64 52 67 28 54 ]
[ 90 14 35 6 2 24 24 83 86 21 7 0 73 17 62 62 57 65 66 77 74 93 24 41 12 20 58 65 39 86 71 29 53 6 87 7 83 63 91 21 84 50 21 58 19 35 72 76 0 38 ]
[ 6 27 31 30 20 96 50 78 13 90 17 84 71 22 43 59 29 26 22 72 99 59 22 20 17 93 7 41 70 59 32 76 38 15 6 59 11 8 89 24 50 6 9 74 28 52 33 10 30 55 ]
[ 82 29 14 5 1 83 98 60 77 20 71 9 48 10 24 6 21 36 67 10 60 17 17 21 91 97 73 76 7 55 84 90 36 50 47 37 86 97 49 63 18 21 72 66 83 96 25 4 84 92 ]
[ 14 45 9 83 66 53 81 92 81 40 47 65 82 84 16 29 73 2 27 23 65 97 96 89 15 79 37 40 83 22 32 49 19 94 85 37 99 18 29 80 58 29 98 41 65 14 22 90 68 1 ]
[ 13 85 98 61 26 66 40 63 6 75 37 91 77 56 85 62 94 36 80 75 16 38 56 14 31 73 80 6 64 0 7 29 85 58 91 11 24 31 27 82 59 64 73 36 21 10 50 67 46 30 ]
[ 94 15 20 51 81 4 24 14 10 40 14 17 70 52 27 61 15 51 44 42 86 3 7 11 91 80 22 41 99 20 23 93 35 44 96 69 48 21 83 10 61 97 79 83 49 7 44 65 10 89 ]
[ 59 96 44 18 8 36 98 82 29 97 2 53 91 90 97 39 59 97 60 42 59 74 39 38 57 41 45 54 58 8 43 69 4 39 88 64 75 86 46 57 36 1 10 79 91 59 18 50 8 31 ]
[ 92 67 5 83 5 14 76 3 68 86 11 63 56 15 3 44 32 30 82 30 39 18 31 49 97 22 60 68 24 68 99 16 35 56 52 93 22 28 96 91 15 7 6 23 74 61 67 6 44 49 ]
[ 89 83 68 20 85 17 95 45 85 19 66 36 88 1 92 40 94 15 20 42 58 87 49 16 62 76 78 29 34 74 79 23 9 99 44 94 68 39 92 54 10 58 42 98 11 35 90 58 2 63 ]
[ 0 60 2 2 76 65 78 6 94 12 32 25 88 42 76 32 88 45 23 80 51 85 90 93 84 2 80 26 60 82 89 60 94 44 62 23 9 92 81 55 57 14 33 45 56 9 29 96 6 4 ]
[ 29 57 89 19 3 25 21 35 52 33 18 93 46 64 89 60 87 98 53 69 6 10 83 39 7 91 0 36 87 7 92 16 16 33 88 71 59 61 7 63 95 25 8 41 89 98 1 29 96 54 ]
[ 98 54 16 33 45 75 24 46 63 63 5 55 32 73 89 20 45 0 81 52 63 76 29 71 69 70 69 71 99 18 77 49 72 46 82 18 21 58 16 85 22 21 92 54 94 81 26 91 81 7 ]
[ 43 96 36 24 68 57 47 37 80 98 55 58 48 80 56 30 50 77 41 66 14 63 39 7 69 85 40 95 77 74 54 72 70 42 49 90 0 96 28 80 94 35 90 42 67 46 25 17 76 66 ]
[ 35 42 81 26 1 50 12 42 97 41 68 3 65 90 46 14 81 98 10 61 30 57 96 21 51 16 19 76 85 47 94 21 90 75 47 91 77 11 85 74 52 53 78 18 44 76 84 25 74 47 ]

Running insertion sort algorithm: 
Timer (sort): 144572ms real	144560ms user	0ms sys
The output is sorted!
[ 34 24 27 9 32 6 15 20 93 4 13 71 51 30 89 38 19 10 3 28 30 26 13 50 19 4 1 20 56 59 17 42 83 44 51 68 3 66 40 48 22 53 19 26 35 8 16 6 18 20 ]
[ 44 50 43 34 53 2 5 57 12 72 32 1 35 3 30 41 22 13 28 97 34 24 77 2 10 28 61 30 19 21 41 15 71 36 1 24 39 6 81 51 30 13 4 65 68 35 6 42 0 34 ]
[ 49 7 48 34 38 5 5 58 79 91 92 24 77 19 16 3 29 30 17 20 22 17 28 41 67 18 13 38 18 15 54 19 22 54 6 12 59 11 23 91 2 15 15 31 34 84 86 15 14 4 ]
[ 34 72 70 87 14 4 6 6 69 94 23 73 17 41 37 39 3 57 40 40 19 17 41 8 33 4 30 90 75 5 32 61 29 2 49 43 6 55 1 27 1 24 1 18 18 38 9 21 47 50 ]
[ 31 11 59 30 38 13 54 2 65 14 2 25 45 48 15 2 44 52 0 6 14 47 6 12 79 56 91 12 88 18 84 19 29 43 2 20 8 8 22 26 22 76 51 19 77 18 22 21 70 74 ]
[ 46 10 3 53 16 48 87 65 26 5 9 20 6 40 18 38 88 35 58 7 1 38 96 2 84 39 16 12 54 22 55 52 32 11 5 0 59 44 18 37 50 27 9 56 19 28 94 7 15 52 ]
[ 18 42 52 14 25 53 59 46 34 29 38 20 21 3 65 91 4 29 32 15 66 0 89 47 10 17 47 68 28 5 37 47 0 41 13 77 94 24 23 81 54 13 1 27 17 18 18 21 47 2 ]
[ 0 36 66 11 19 9 14 38 21 5 26 62 48 17 1 28 15 11 69 72 34 12 3 95 60 12 6 10 67 42 10 67 30 76 30 2 37 96 40 58 1 66 72 2 35 73 30 3 37 51 ]
[ 23 69 30 49 14 14 48 43 34 15 44 81 61 37 68 48 15 41 2 18 22 15 39 73 79 48 0 2 4 81 31 27 2 61 28 16 75 28 12 61 43 8 42 4 45 10 52 60 4 6 ]
[ 22 23 45 11 46 35 15 46 28 50 83 64 21 24 40 34 15 15 43 17 11 69 37 19 81 50 5 3 47 17 46 22 92 43 33 38 79 0 36 7 50 19 23 71 44 15 5 11 83 1 ]
[ 84 58 88 22 5 47 31 52 30 62 19 19 35 29 3 59 19 14 6 89 37 42 21 65 55 0 8 50 51 9 30 87 19 18 9 25 66 41 29 48 3 0 19 39 29 22 50 0 88 8 ]
[ 1 6 31 21 5 64 84 84 24 43 16 23 59 7 86 78 42 58 92 2 63 44 15 53 15 83 78 15 62 47 24 16 5 7 37 10 24 21 46 0 16 14 23 27 22 61 5 16 19 50 ]
[ 21 75 12 9 72 30 19 81 84 75 29 3 24 15 51 0 7 91 47 65 0 89 13 31 10 28 51 67 11 27 23 32 54 36 94 27 18 65 8 2 40 89 6 17 4 57 17 11 0 17 ]
[ 73 23 88 71 3 42 0 52 84 47 27 22 27 40 29 33 28 29 94 11 26 0 2 4 26 15 45 55 57 30 0 83 54 40 6 57 34 7 62 18 6 41 40 33 81 21 19 10 51 13 ]
[ 1 11 4 66 83 35 17 24 13 55 24 49 69 55 27 16 29 24 15 77 7 1 23 42 97 22 39 31 50 1 20 51 64 25 17 47 12 86 23 78 42 0 27 63 7 7 79 37 31 46 ]
[ 1 19 50 96 94 55 87 24 93 67 62 14 25 15 13 11 91 2 34 25 81 42 3 27 27 52 0 35 17 39 13 70 11 15 19 5 23 6 30 68 25 92 82 2 59 47 14 2 1 0 ]
[ 5 62 26 49 1 37 32 24 76 18 99 79 8 16 99 22 55 26 20 28 8 22 71 6 97 44 53 15 11 63 22 17 78 0 18 79 89 50 3 17 20 2 49 28 18 48 3 25 26 23 ]
[ 31 0 73 16 76 70 10 50 72 4 69 26 23 99 43 72 53 0 27 14 10 0 8 14 51 42 6 29 22 55 63 54 8 88 22 36 58 32 86 82 37 8 9 12 7 4 36 12 5 63 ]
[ 20 35 4 32 43 64 96 1 73 1 98 73 56 91 92 27 28 6 53 10 37 56 2 25 10 1 37 6 99 0 35 19 35 92 4 78 56 0 31 29 2 29 2 10 20 46 89 0 4 42 ]
[ 18 31 42 5 99 80 8 54 74 1 26 94 27 88 25 42 4 24 33 59 32 39 1 94 19 16 38 15 38 38 27 8 21 69 14 21 1 22 27 28 23 6 22 2 46 99 97 50 23 30 ]

Timer (generate): 52ms real	50ms user	0ms sys
[ 89 46 40 14 19 23 99 4 89 21 3 94 56 4 39 75 80 33 77 69 91 87 80 28 93 25 26 99 7 34 83 96 32 24 10 51 99 10 7 40 83 10 34 91 14 73 18 46 6 96 ]
[ 67 49 35 48 29 28 25 55 79 32 89 63 28 73 39 90 76 90 0 83 30 84 46 64 27 12 89 46 59 47 94 26 96 29 26 25 9 51 32 89 35 22 4 15 47 95 6 24 85 6 ]
[ 7 67 42 53 83 70 66 72 16 77 71 10 55 67 91 34 44 52 37 76 93 73 50 49 88 98 44 94 74 81 53 81 48 95 87 83 17 5 55 33 82 78 95 89 45 86 23 41 91 61 ]
[ 70 84 34 72 34 74 22 30 69 96 12 22 78 12 69 17 96 87 22 3 72 56 82 68 45 79 6 21 73 97 82 43 34 68 15 68 42 38 98 63 86 62 37 64 75 7 33 71 46 55 ]
[ 26 18 63 8 86 61 88 45 82 61 94 16 56 28 36 23 48 30 13 47 94 0 9 31 16 36 90 50 7 36 5 86 55 21 94 93 82 34 90 64 47 37 32 3 65 68 27 14 98 40 ]
[ 13 44 40 22 28 9 59 18 59 18 7 16 4 14 37 51 59 19 85 50 83 85 87 67 88 4 35 67 70 34 60 83 30 52 6 58 61 17 29 20 87 36 37 92 50 74 95 61 94 32 ]
[ 63 29 17 2 97 58 7 84 25 77 70 85 13 1 90 19 59 51 88 88 72 75 24 61 19 26 87 14 40 81 47 3 63 64 6 12 74 65 96 0 94 67 37 7 68 27 78 79 79 66 ]
[ 68 3 94 44 64 13 23 3 80 63 85 27 18 0 43 76 64 18 41 60 70 88 79 7 95 99 87 26 79 18 44 99 21 38 95 37 4 18 40 84 33 77 63 52 29 58 80 93 76 22 ]
[ 6 98 62 85 58 57 37 45 35 68 63 80 67 36 70 62 25 74 33 65 58 18 95 73 22 24 32 3 18 60 25 76 59 87 61 69 96 98 14 84 18 29 64 85 17 86 0 42 61 85 ]
[ 59 71 3 54 45 78 31 77 81 1 89 58 77 48 97 90 17 45 41 83 29 59 64 45 97 81 32 49 23 93 34 83 16 89 89 13 67 72 90 0 73 32 58 2 80 55 93 50 1 34 ]
[ 85 30 45 50 76 42 31 8 91 7 53 77 42 21 19 31 35 86 56 77 87 29 9 97 84 42 53 77 44 54 63 29 36 8 31 64 51 63 24 94 22 77 72 64 51 43 47 86 29 3 ]
[ 63 68 85 73 66 69 15 71 98 59 77 61 40 13 69 72 78 72 87 2 19 9 32 43 25 83 86 72 69 67 28 32 88 13 57 6 34 24 77 32 83 54 93 76 67 14 48 97 39 35 ]
[ 0 58 96 84 53 21 67 39 45 88 6 25 72 94 38 30 0 24 54 29 56 90 83 1 66 3 68 66 0 59 1 52 69 49 36 22 70 55 13 67 43 19 93 16 66 83 98 18 8 4 ]
[ 48 16 94 83 70 12 86 90 78 39 49 31 91 18 32 80 92 2 87 5 22 31 76 15 99 42 98 49 61 58 53 61 27 0 44 97 12 31 39 43 22 88 26 65 58 59 45 2 13 33 ]
[ 7 35 16 83 2 67 78 53 16 91 11 69 52 90 69 48 87 34 31 78 29 53 66 7 19 76 66 16 78 32 1 37 67 17 73 22 36 51 75 52 42 38 74 46 29 95 94 68 81 78 ]
[ 47 10 31 13 18 50 42 36 19 72 68 20 10 88 90 83 10 26 86 85 31 80 23 57 26 4 52 72 73 86 50 20 96 34 85 66 36 27 3 55 0 23 76 62 11 66 45 73 44 31 ]
[ 10 27 11 86 84 89 90 89 13 63 75 16 83 71 50 69 90 86 48 45 42 0 68 70 62 32 88 7 5 32 90 16 12 53 54 96 94 44 85 60 60 12 76 43 36 78 64 26 16 65 ]
[ 71 10 65 39 80 28 71 68 87 29 53 78 97 65 83 51 13 78 95 51 90 55 63 66 51 99 44 67 77 12 32 48 23 98 40 3 26 63 24 13 92 29 43 89 46 79 40 11 9 88 ]
[ 62 99 95 78 65 46 29 61 14 7 25 98 7 48 96 47 52 74 63 28 40 55 9 35 97 55 14 89 66 23 77 81 22 25 59 39 71 88 52 37 95 78 88 3 26 84 2 30 59 65 ]
[ 10 51 73 19 86 70 26 1 59 93 24 89 74 99 14 85 90 37 73 95 27 21 25 15 76 3 51 78 34 10 96 96 61 69 16 0 91 94 1 2 87 77 91 13 28 57 98 19 95 24 ]

Running insertion sort algorithm: 
Timer (sort): 149367ms real	149340ms user	0ms sys
The output is sorted!
[ 21 38 53 14 82 5 32 25 45 21 74 41 54 0 15 8 6 5 71 34 1 12 55 3 8 53 61 10 41 10 11 15 48 16 29 82 22 13 7 19 34 33 61 40 33 28 48 91 34 71 ]
[ 62 1 8 95 89 6 7 80 41 27 18 10 47 55 32 99 4 51 27 13 4 6 94 35 70 26 57 69 31 9 51 45 62 12 41 4 18 0 36 11 27 54 21 26 9 5 25 13 8 5 ]
[ 5 23 11 13 3 10 56 24 12 34 54 2 2 57 3 27 4 6 4 32 63 17 48 71 62 48 35 28 39 36 20 44 59 84 58 14 94 66 39 58 53 45 60 7 2 16 34 6 22 38 ]
[ 75 79 11 37 19 12 74 9 6 80 3 7 55 13 35 30 92 3 13 44 6 51 51 19 48 56 37 18 33 5 39 8 36 50 45 8 62 20 69 20 0 24 27 7 37 15 89 29 70 2 ]
[ 8 57 89 50 1 11 15 3 9 23 41 36 0 5 29 77 93 26 39 19 15 15 13 59 98 49 14 10 46 45 34 7 55 24 57 56 35 24 12 44 47 5 32 47 62 13 24 56 39 16 ]
[ 13 21 59 44 38 44 4 16 0 88 44 92 46 60 3 42 41 44 29 19 41 25 35 83 55 16 3 5 94 39 4 60 12 15 4 2 59 8 18 60 49 62 4 47 75 8 41 16 4 22 ]
[ 21 4 52 48 15 17 15 35 32 17 39 65 18 36 25 33 39 49 23 19 49 73 46 7 3 42 59 44 1 3 22 22 7 74 70 74 91 37 9 23 54 1 41 24 89 66 10 29 16 33 ]
[ 21 5 46 51 27 27 91 17 3 68 18 32 26 34 60 27 16 22 10 8 48 26 17 34 16 51 20 51 60 49 27 81 6 25 33 33 4 76 50 7 96 20 91 22 7 3 50 75 25 12 ]
[ 16 3 24 21 82 99 4 33 86 10 19 20 38 22 2 0 20 48 53 39 25 53 72 70 71 20 14 14 18 67 30 34 70 6 7 4 57 11 89 44 74 8 16 64 30 18 17 2 19 70 ]
[ 7 31 76 91 14 2 97 83 31 33 35 2 17 36 77 11 23 15 17 75 19 42 8 81 0 78 9 6 14 25 38 21 57 67 64 23 21 14 58 5 47 94 7 16 30 37 27 5 4 44 ]
[ 21 14 12 81 2 35 32 16 71 70 19 55 11 9 1 45 93 74 58 67 58 43 10 8 34 15 9 89 30 35 20 3 2 33 37 4 20 21 20 43 91 39 51 2 48 4 0 94 30 58 ]
[ 13 14 2 1 22 42 28 35 61 6 18 42 57 32 29 94 7 11 36 59 50 9 90 54 37 73 39 38 27 19 49 41 33 3 42 7 45 22 94 6 29 13 49 38 45 30 32 52 42 21 ]
[ 51 13 74 55 3 93 8 40 91 16 8 6 12 12 43 58 1 7 48 73 62 22 2 37 78 59 72 5 17 40 39 68 54 13 24 9 59 32 2 50 48 10 8 12 74 51 23 28 11 23 ]
[ 69 73 57 14 57 52 0 12 1 12 25 4 32 29 65 14 17 61 40 0 37 12 49 50 26 10 10 26 81 18 38 3 44 47 17 1 0 17 65 1 81 90 58 65 19 23 80 89 37 20 ]
[ 9 69 20 80 7 31 2 24 75 13 31 19 47 7 4 70 69 26 14 66 78 64 38 53 32 99 31 58 5 32 2 14 53 22 46 13 6 0 37 33 13 20 52 12 79 8 34 49 34 49 ]
[ 1 56 64 51 2 51 37 31 23 32 37 4 15 13 74 48 23 59 16 66 56 36 72 23 58 35 0 7 7 24 45 61 32 9 12 35 13 2 18 36 34 7 93 2 20 19 50 96 78 66 ]
[ 0 65 85 6 88 34 42 5 23 39 51 9 15 5 17 13 13 25 2 17 17 0 61 37 1 64 25 59 69 84 66 21 49 3 28 37 37 22 42 12 62 46 21 77 51 39 42 17 64 44 ]
[ 45 38 6 57 47 27 6 43 79 19 11 9 17 7 22 43 69 0 14 45 7 39 4 61 17 28 34 26 82 61 63 27 51 22 36 99 49 43 42 80 14 5 41 32 12 15 27 81 15 41 ]
[ 56 17 23 18 24 42 75 20 13 17 83 48 1 44 30 49 39 70 35 19 72 10 11 67 22 94 1 14 91 22 27 0 40 2 18 16 45 45 88 10 62 72 58 15 16 40 16 7 10 51 ]
[ 17 41 50 7 25 69 12 45 49 39 34 0 13 58 18 96 63 5 84 81 66 25 33 47 37 10 56 10 21 35 12 38 28 62 45 6 31 10 3 32 49 37 32 14 48 2 10 11 59 94 ]

Timer (generate): 38ms real	30ms user	0ms sys
[ 54 49 2 94 91 92 85 47 63 90 21 99 61 80 18 33 12 9 36 2 79 74 99 43 9 29 52 43 61 63 71 15 12 73 61 55 17 47 54 81 89 76 80 50 56 51 35 20 60 23 ]
[ 22 91 49 74 34 58 3 39 1 64 2 25 79 66 98 93 22 16 40 28 49 29 56 29 31 13 80 18 85 92 41 8 84 91 82 18 1 37 9 3 1 11 28 32 78 78 25 52 46 17 ]
[ 32 95 98 89 77 81 2 57 99 87 2 41 47 86 84 81 56 85 18 66 40 19 29 68 4 7 99 81 11 45 51 44 93 49 33 70 31 87 79 30 26 81 23 26 19 59 7 28 97 26 ]
[ 46 37 97 75 58 53 35 57 87 98 54 38 42 47 87 27 69 70 66 49 53 45 82 28 71 54 88 30 34 85 8 80 74 6 7 32 59 94 89 98 93 44 36 87 43 76 67 13 46 85 ]
[ 14 51 30 48 80 53 54 20 36 88 57 44 20 31 50 28 64 62 22 53 60 67 49 49 55 45 25 22 10 23 59 24 75 90 72 55 95 79 75 31 67 32 76 88 15 78 68 79 40 42 ]
[ 85 53 10 86 2 17 31 79 91 41 2 50 17 77 92 42 84 88 21 11 71 88 43 47 28 59 78 96 90 70 91 75 23 1 62 77 70 45 8 61 87 11 11 56 40 4 98 25 44 19 ]
[ 36 15 8 32 15 88 43 93 85 33 63 76 61 39 29 75 68 99 72 77 12 11 88 23 68 80 79 66 5 75 86 94 91 46 78 58 34 21 51 71 6 14 99 19 5 28 94 74 79 19 ]
[ 51 91 30 91 67 98 71 46 65 29 22 51 23 65 49 1 23 83 74 26 55 80 40 54 52 98 35 98 72 66 17 23 58 48 14 77 46 37 23 63 66 97 66 41 14 15 94 37 99 20 ]
[ 15 6 53 56 12 5 54 47 3 78 66 21 1 24 21 67 1 67 4 76 83 71 26 49 64 40 65 59 30 16 79 45 22 32 53 34 89 59 34 93 89 0 66 90 76 87 57 29 54 62 ]
[ 57 37 85 83 39 1 76 4 60 58 20 92 55 94 76 61 80 18 72 14 11 62 66 77 4 94 64 62 23 70 76 81 60 13 16 99 14 44 55 27 2 75 71 10 21 47 23 1 65 95 ]
[ 68 28 9 34 57 14 29 21 28 4 44 4 85 56 17 54 55 83 98 62 10 53 89 81 15 10 81 38 11 98 85 79 27 95 66 84 61 47 58 89 51 54 45 89 10 14 43 17 97 93 ]
[ 79 8 98 68 89 13 78 22 51 41 21 37 73 0 84 39 84 45 86 94 86 89 48 31 78 58 45 73 27 42 67 6 2 65 74 44 31 52 66 34 94 87 23 19 87 7 58 24 4 96 ]
[ 70 90 85 71 21 16 81 18 89 9 13 8 15 15 26 90 59 57 94 78 43 40 17 67 59 57 74 69 81 31 65 3 73 3 74 47 19 56 65 60 65 78 69 80 46 47 22 5 56 17 ]
[ 35 99 9 53 66 69 10 93 38 43 24 4 46 49 59 73 96 78 29 62 90 94 92 59 26 38 58 49 96 14 18 31 66 27 84 84 96 46 77 87 89 53 43 88 3 2 61 99 32 90 ]
[ 13 22 36 6 34 62 44 92 63 92 59 33 24 77 61 60 61 9 7 91 96 48 44 91 36 99 93 97 51 25 39 64 0 75 22 34 90 19 78 5 11 37 39 87 66 0 48 28 61 55 ]
[ 19 10 55 15 1 92 67 95 89 70 72 29 86 72 56 9 58 46 28 37 4 91 26 43 79 93 95 27 21 56 34 92 66 89 7 68 33 26 15 23 96 39 4 83 12 12 92 70 11 72 ]
[ 59 15 15 86 10 94 79 5 73 0 61 59 92 80 1 51 0 34 78 15 9 26 54 65 9 18 78 53 41 41 77 0 56 93 86 66 39 65 23 65 17 36 24 9 16 25 13 16 60 43 ]
[ 83 21 69 38 87 79 8 17 32 49 58 62 2 66 55 88 84 46 6 7 11 23 43 88 85 12 13 98 28 25 93 64 47 62 54 86 41 62 3 26 64 61 40 66 27 47 54 63 93 12 ]
[ 70 5 36 65 93 21 77 58 71 58 36 64 22 35 78 76 21 72 90 24 50 54 37 90 20 16 37 27 79 30 39 1 87 75 66 32 48 44 91 71 54 79 87 76 14 66 4 35 90 94 ]
[ 59 40 49 48 30 21 64 19 48 43 49 88 96 89 15 62 21 64 58 64 87 64 43 75 40 57 93 96 44 83 43 55 75 44 3 5 65 67 24 66 62 25 54 58 14 21 73 88 37 83 ]

Running insertion sort algorithm: 
Timer (sort): 153187ms real	153160ms user	0ms sys
The output is sorted!
[ 8 8 38 15 78 32 30 2 16 25 19 43 7 81 56 6 14 19 57 26 12 1 27 16 83 98 9 50 19 26 13 27 34 3 95 64 36 25 19 4 2 38 48 62 71 4 20 85 23 77 ]
[ 7 21 69 5 95 4 65 92 16 23 0 3 6 69 32 16 4 25 26 48 20 53 31 36 13 40 99 42 30 36 24 37 9 46 42 5 2 60 49 18 83 1 73 42 70 5 10 26 30 36 ]
[ 46 82 27 27 94 15 15 33 37 9 36 48 82 22 94 16 20 3 28 29 46 40 78 57 40 25 12 84 22 72 75 20 6 2 47 1 69 14 86 6 23 22 7 5 45 1 22 17 4 2 ]
[ 62 62 23 67 12 7 32 73 9 26 29 37 49 73 19 80 71 11 46 16 13 41 13 5 13 14 7 11 86 48 56 48 10 32 15 23 39 99 48 0 26 29 37 27 3 9 7 26 72 54 ]
[ 9 53 5 1 15 50 45 25 45 9 73 60 88 32 17 20 15 40 57 75 3 10 47 15 22 63 97 37 56 6 1 66 11 6 19 27 56 65 52 53 26 25 13 14 57 31 34 25 23 43 ]
[ 0 32 3 58 44 71 0 11 95 51 27 28 69 22 71 4 9 37 68 62 40 23 28 65 15 88 25 41 1 34 14 1 18 69 11 14 40 11 25 35 14 4 15 83 26 38 40 87 76 8 ]
[ 38 32 14 83 31 63 17 76 9 0 19 46 3 37 25 9 54 99 90 87 5 22 5 31 22 24 19 41 25 65 93 63 49 7 47 33 22 64 9 83 16 29 30 19 18 7 28 24 7 18 ]
[ 98 3 53 15 30 3 53 49 53 97 44 19 27 7 34 32 0 90 22 55 45 69 57 98 80 12 4 42 12 20 52 10 24 5 25 6 8 78 56 14 27 0 33 54 59 19 38 12 10 12 ]
[ 40 56 68 42 53 1 21 9 17 16 6 10 0 19 90 17 77 41 68 21 13 8 60 38 31 76 11 53 85 30 18 25 38 39 20 92 40 41 1 9 57 59 19 58 30 61 27 7 2 48 ]
[ 19 23 55 82 49 81 68 9 21 14 3 60 32 19 15 36 19 0 79 17 30 10 52 12 49 3 1 75 28 70 0 0 46 55 82 47 36 51 56 9 17 11 69 49 82 37 38 1 37 17 ]
[ 76 49 36 42 20 44 16 30 63 50 21 37 26 21 11 9 33 62 33 33 67 25 15 90 80 18 34 79 76 23 85 5 25 21 47 45 17 15 27 33 17 0 22 44 22 33 5 7 47 38 ]
[ 29 82 47 82 66 10 19 78 86 17 37 49 28 18 29 54 6 66 1 47 51 1 64 32 15 26 12 37 68 32 11 50 15 10 32 33 21 3 12 7 73 1 9 53 19 90 7 77 9 61 ]
[ 9 6 6 42 36 59 23 82 11 25 90 69 6 45 77 34 76 27 27 2 39 29 58 13 29 5 42 68 39 6 4 0 64 10 42 1 22 17 35 33 42 25 54 49 70 31 35 98 10 62 ]
[ 13 11 89 41 0 37 21 29 78 39 8 52 29 11 5 37 50 3 29 45 66 68 8 0 47 75 24 19 95 5 66 8 68 56 49 21 45 22 50 23 62 11 27 91 22 33 28 24 36 9 ]
[ 38 13 6 42 52 0 8 93 28 34 77 8 2 8 11 12 59 45 39 6 37 27 0 72 5 9 74 51 71 19 89 9 32 96 3 37 48 12 30 28 46 60 88 0 20 51 12 31 96 52 ]
[ 45 29 2 44 46 56 1 8 4 52 97 61 0 45 19 77 33 70 45 53 58 50 7 28 80 38 36 49 30 25 44 27 7 46 23 53 3 76 13 7 29 63 20 29 8 39 6 93 10 3 ]
[ 49 16 37 54 47 60 11 16 18 3 42 55 73 27 69 10 45 7 13 91 68 0 95 51 15 29 12 25 1 52 31 50 20 68 57 19 81 20 35 51 23 29 6 49 57 28 11 2 35 25 ]
[ 40 40 15 9 86 20 30 69 23 56 46 5 18 20 8 13 40 85 53 49 4 35 22 63 57 29 17 24 78 53 53 18 46 20 80 32 40 10 2 16 19 48 73 37 20 81 2 12 18 55 ]
[ 28 5 85 13 4 13 7 14 41 51 69 25 52 38 7 58 5 71 36 90 8 68 26 72 76 0 48 5 19 57 79 0 15 17 13 19 30 21 85 24 24 54 49 76 45 9 34 50 32 23 ]
[ 21 45 15 42 81 19 57 21 5 4 41 26 26 34 21 38 8 1 41 36 78 54 17 78 67 48 60 18 43 13 88 64 10 3 6 91 22 15 12 79 19 6 57 97 40 31 35 0 32 28 ]

Timer (generate): 38ms real	30ms user	10ms sys
[ 20 2 61 26 27 38 83 40 96 35 86 10 61 32 82 60 48 65 40 2 96 28 12 94 67 38 31 77 9 75 32 30 29 93 56 56 84 91 48 80 26 34 91 39 19 25 0 67 90 40 ]
[ 21 38 20 85 33 87 24 16 16 33 91 0 15 20 94 23 29 30 14 29 10 92 16 53 32 35 30 84 54 21 76 75 59 96 61 44 35 37 61 52 22 4 52 90 25 98 13 6 80 80 ]
[ 35 91 24 51 96 8 38 27 92 92 0 68 20 59 16 33 56 52 22 17 56 44 73 60 34 98 11 0 56 43 80 92 34 4 95 83 65 86 10 57 78 62 78 50 73 46 35 29 50 57 ]
[ 98 58 54 72 19 40 22 82 40 79 25 72 23 12 29 70 47 94 56 9 3 87 71 81 37 44 80 25 74 30 82 72 89 88 96 60 29 19 42 21 50 19 94 25 83 23 95 30 69 4 ]
[ 39 72 91 10 6 80 7 86 5 81 16 40 5 5 28 54 65 9 25 59 31 75 31 77 52 14 52 99 45 21 3 36 93 94 99 51 75 6 37 32 87 54 72 44 11 1 98 77 62 75 ]
[ 88 93 50 19 70 54 34 22 54 31 95 57 19 41 4 18 92 31 24 30 63 63 36 36 8 47 89 58 24 3 34 65 97 36 84 19 43 70 94 97 1 89 6 73 82 10 91 75 41 16 ]
[ 5 57 79 93 45 39 40 86 50 17 89 36 82 38 24 66 58 67 89 4 64 42 45 23 15 28 33 7 3 27 23 60 84 54 53 81 46 93 67 96 62 56 84 44 47 8 63 5 76 52 ]
[ 61 92 94 6 15 62 34 1 69 89 28 44 1 64 50 6 45 96 0 64 44 14 72 28 59 19 89 22 24 65 26 85 9 72 44 25 34 78 26 3 68 6 99 21 70 50 28 67 46 80 ]
[ 31 91 94 3 71 53 23 60 27 99 77 53 37 87 26 81 12 12 11 90 16 31 96 15 53 18 17 81 85 64 61 68 7 55 23 30 61 98 91 40 98 20 94 87 7 72 68 71 36 79 ]
[ 13 52 11 9 20 16 27 37 97 64 53 10 84 60 17 8 43 78 6 34 19 4 6 65 43 66 89 11 37 25 43 3 30 6 12 2 22 92 39 71 8 45 81 93 57 98 1 0 29 7 ]
[ 86 48 64 93 65 7 59 54 71 48 31 14 51 61 72 16 63 94 60 55 65 68 0 98 61 9 96 14 10 77 74 96 77 38 89 42 97 0 48 68 1 32 34 52 93 6 20 9 52 80 ]
[ 16 69 1 68 19 14 77 68 29 87 45 3 84 23 93 25 65 90 26 66 11 27 98 97 31 43 56 4 52 60 84 20 30 85 88 1 52 66 69 81 5 15 36 89 38 29 67 55 71 93 ]
[ 21 34 72 19 32 55 15 40 59 67 0 44 88 82 81 28 84 33 94 53 66 0 68 2 41 6 83 8 14 7 53 35 41 25 7 25 81 22 65 40 41 66 36 81 48 70 10 32 3 56 ]
[ 86 22 8 6 76 2 65 60 10 79 67 16 66 8 41 25 34 74 47 99 67 41 17 55 22 66 25 84 50 81 93 88 3 1 95 79 3 12 91 66 43 58 82 9 19 75 35 5 2 34 ]
[ 56 69 75 74 76 50 92 2 86 42 83 79 83 38 33 30 17 36 42 9 54 85 19 88 46 38 16 33 95 18 68 52 39 95 26 15 97 70 17 84 64 52 15 47 90 48 77 60 37 71 ]
[ 21 43 56 40 32 55 31 48 88 26 66 8 78 57 56 56 72 53 78 42 89 43 94 5 90 85 5 68 97 42 39 18 86 48 10 70 55 41 18 43 20 36 4 98 93 60 7 17 65 85 ]
[ 59 55 80 54 12 71 91 17 91 88 12 82 58 50 82 68 20 37 10 90 33 82 78 37 32 71 49 39 88 14 77 48 69 57 54 33 80 97 3 71 85 15 54 95 17 88 63 89 26 25 ]
[ 79 11 7 57 48 40 80 49 31 20 63 60 20 85 70 74 18 50 71 21 74 8 88 28 55 5 16 19 94 94 96 25 5 56 34 5 48 66 54 31 87 18 92 7 3 62 34 73 64 57 ]
[ 95 38 18 83 18 73 41 87 44 35 81 41 13 39 49 99 44 97 66 51 28 53 69 72 12 24 86 46 97 51 4 92 41 22 28 60 47 69 47 92 56 80 85 21 19 86 21 16 83 87 ]
[ 67 63 92 36 88 4 12 74 51 61 77 7 6 19 81 34 79 28 55 78 72 11 58 9 85 30 95 6 46 30 93 13 46 37 1 34 41 13 60 44 26 38 51 32 9 84 66 40 65 21 ]

Running insertion sort algorithm: 
Timer (sort): 156524ms real	156490ms user	0ms sys
The output is sorted!
[ 94 16 24 27 4 86 19 20 45 21 36 40 1 3 9 37 12 25 19 53 15 30 13 11 73 24 11 5 90 83 23 36 51 0 64 7 86 35 27 32 9 64 24 10 19 33 47 83 10 19 ]
[ 73 62 14 6 12 15 72 5 50 76 24 18 70 84 82 36 26 0 7 11 44 14 82 45 27 24 30 20 28 2 17 1 16 32 7 29 47 31 34 97 8 11 68 30 47 50 19 73 2 26 ]
[ 70 32 54 35 80 41 63 81 8 8 88 5 3 4 15 22 37 70 27 65 90 2 42 3 1 49 32 59 4 40 1 75 24 8 10 4 49 25 37 58 34 26 15 37 82 31 11 20 1 38 ]
[ 39 38 26 41 10 31 20 31 27 41 72 1 15 64 29 26 77 54 44 27 43 27 12 47 43 8 79 0 8 84 10 0 74 36 93 84 19 14 15 47 7 39 0 22 4 30 0 33 84 44 ]
[ 18 4 67 70 21 46 38 32 41 76 10 76 16 33 19 86 2 9 4 20 93 8 56 7 10 41 50 31 1 8 71 19 64 38 41 37 37 32 70 30 8 32 6 24 66 77 10 20 38 14 ]
[ 62 34 4 7 34 26 28 6 96 3 32 85 1 49 23 23 47 5 4 38 18 25 25 74 66 2 74 11 4 2 14 67 36 18 26 22 96 6 29 92 9 13 29 10 62 52 86 61 57 42 ]
[ 67 33 63 95 4 77 80 85 28 51 6 3 21 69 34 29 26 29 15 48 86 63 10 38 20 4 24 7 57 24 34 25 9 49 20 13 26 0 98 7 4 4 10 25 26 44 54 4 74 21 ]
[ 42 8 92 42 38 14 62 6 84 34 10 69 13 9 18 1 24 37 30 15 91 22 66 63 16 19 24 37 1 89 13 43 49 57 38 39 24 0 46 8 86 56 29 51 18 0 5 42 37 35 ]
[ 63 26 42 0 55 37 9 21 12 21 98 52 12 8 17 43 90 22 58 47 49 52 52 16 78 54 4 80 13 8 77 28 34 19 28 42 8 37 63 20 11 13 25 23 21 42 18 63 16 28 ]
[ 20 43 32 28 1 28 4 9 16 31 58 43 13 62 25 65 31 89 78 51 91 23 12 16 17 44 9 78 9 0 69 29 43 54 9 97 34 14 6 50 97 17 45 10 31 70 27 14 11 5 ]
[ 54 2 70 7 74 55 79 1 93 45 10 53 23 4 13 1 28 76 17 8 20 53 28 53 98 51 7 16 5 49 31 11 4 1 18 30 8 50 31 2 47 42 7 22 98 72 23 78 0 92 ]
[ 76 76 60 19 69 98 24 44 3 15 6 98 24 22 54 45 14 5 10 17 89 17 72 56 20 10 11 71 82 29 52 11 5 13 30 26 63 6 23 18 21 29 17 45 51 23 42 17 29 5 ]
[ 30 19 10 4 75 0 5 87 63 56 24 4 31 5 26 2 34 62 14 41 54 55 88 14 51 0 25 73 30 91 22 12 11 84 16 38 36 22 26 52 30 50 56 13 7 34 15 41 97 29 ]
[ 8 94 17 4 61 6 29 42 10 1 36 18 29 40 59 21 47 0 47 52 69 30 10 39 80 53 47 6 44 71 72 4 17 41 8 30 47 38 72 58 91 9 28 20 1 39 41 0 39 41 ]
[ 7 17 51 27 57 0 0 0 7 93 66 50 33 35 54 27 91 81 54 0 35 30 0 25 10 73 49 28 12 24 19 72 93 23 99 51 23 51 3 82 45 21 33 30 9 39 9 0 21 16 ]
[ 6 44 46 55 58 58 11 82 7 33 6 49 46 96 66 20 21 25 15 8 62 18 15 13 38 1 71 11 21 19 2 27 63 49 34 21 7 45 55 66 31 61 16 77 10 34 49 83 11 16 ]
[ 6 22 6 56 37 62 35 18 54 3 3 76 72 7 11 31 85 99 33 71 81 2 4 38 41 29 7 54 57 93 99 15 15 5 24 4 19 11 23 26 14 78 2 38 37 65 69 23 16 3 ]
[ 55 88 22 16 17 15 63 51 29 60 91 7 70 20 5 10 37 6 56 90 0 10 17 95 50 26 74 24 86 2 20 41 42 42 9 12 58 24 15 39 85 6 47 7 27 4 17 64 10 25 ]
[ 69 12 34 53 11 32 9 75 2 39 18 12 14 1 20 33 67 34 78 35 53 59 3 79 41 84 84 7 79 17 37 49 29 23 54 41 8 16 16 10 7 87 22 21 40 42 7 59 28 37 ]
[ 90 9 0 14 0 58 37 10 51 39 14 45 5 31 64 57 99 45 23 5 50 22 2 23 96 47 93 9 11 32 94 1 41 46 15 93 4 4 3 7 95 69 4 53 1 69 10 0 14 85 ]

Timer (generate): 41ms real	30ms user	10ms sys
[ 21 10 49 9 48 11 12 7 98 34 8 8 19 31 39 91 49 86 39 70 44 26 23 91 79 26 77 2 5 84 59 26 94 9 87 43 72 51 2 70 38 62 30 57 93 22 49 43 8 88 ]
[ 65 4 66 88 96 45 66 25 47 71 9 59 49 56 68 37 51 40 88 5 62 78 67 92 36 13 14 37 8 75 77 73 79 43 13 75 88 80 0 87 3 62 46 53 70 66 42 73 58 82 ]
[ 78 20 61 97 13 97 10 79 34 70 54 63 43 34 6 9 9 46 41 62 33 44 76 32 97 46 98 91 71 57 74 49 77 87 98 42 84 61 22 70 31 28 33 27 62 91 36 24 37 77 ]
[ 38 22 73 14 54 71 12 5 14 83 14 88 84 43 75 82 86 11 43 60 33 27 40 18 54 3 9 42 79 98 19 17 21 92 83 27 15 95 32 30 30 98 70 14 42 98 48 80 61 44 ]
[ 92 95 71 32 65 77 35 75 19 66 25 38 83 46 82 66 74 50 13 58 32 43 57 54 9 51 52 58 31 14 2 23 61 25 55 26 2 43 53 21 9 79 11 45 77 45 63 51 95 77 ]
[ 62 79 20 71 34 30 22 38 40 53 52 94 28 65 19 35 92 21 30 97 94 40 76 57 37 6 2 0 9 50 77 71 29 50 42 15 32 16 54 72 21 58 66 49 24 37 37 68 10 67 ]
[ 65 4 7 94 61 96 0 15 97 9 65 26 33 47 76 27 62 8 44 68 32 65 27 50 67 51 87 4 71 49 71 36 53 31 82 66 27 34 34 76 96 99 3 29 98 79 56 13 40 52 ]
[ 81 24 70 8 75 37 11 14 41 82 64 64 71 17 95 5 36 75 40 70 51 88 21 54 17 20 86 25 85 78 30 66 2 0 27 77 37 90 92 30 25 56 46 48 25 94 53 13 69 45 ]
[ 83 72 33 57 79 2 29 17 80 14 95 10 32 97 10 59 27 99 2 19 81 27 27 27 75 4 73 80 18 42 26 53 67 11 62 46 14 91 63 46 5 58 56 90 7 18 1 34 69 3 ]
[ 5 2 82 84 81 57 89 55 90 59 49 16 64 16 79 27 14 45 18 29 91 76 39 99 66 47 69 67 33 90 71 91 92 53 75 26 63 16 81 53 75 82 21 40 51 52 19 65 98 37 ]
[ 95 41 13 34 41 31 33 62 99 67 53 22 58 97 27 85 23 90 2 56 95 29 39 68 21 90 21 40 7 71 30 2 12 95 89 5 27 74 68 78 41 21 0 51 70 27 89 94 70 91 ]
[ 50 17 20 41 38 94 83 11 34 91 82 64 45 46 60 34 52 39 61 20 17 54 93 17 6 63 96 47 57 18 38 60 88 10 53 26 4 37 37 91 28 71 55 73 17 67 60 69 6 21 ]
[ 89 23 75 34 92 33 98 41 80 7 59 70 19 47 81 73 73 37 10 62 28 38 33 36 63 51 55 23 72 14 44 14 37 72 48 82 5 98 23 38 6 82 8 77 82 41 50 7 79 60 ]
[ 70 59 50 55 47 14 58 3 37 31 17 34 45 6 58 45 40 15 96 63 53 2 98 14 31 80 55 82 87 86 94 9 46 45 65 45 59 23 0 48 6 69 82 3 76 92 1 16 8 97 ]
[ 32 61 51 30 27 82 62 83 64 1 69 59 11 67 4 28 65 15 3 65 63 10 35 98 65 11 90 66 79 98 63 11 12 14 93 39 97 55 74 13 57 96 24 20 63 80 48 80 95 51 ]
[ 46 59 13 81 9 79 44 99 97 75 50 61 39 14 27 32 5 76 40 80 42 97 28 66 69 43 47 17 24 94 20 70 5 34 51 14 65 47 66 62 22 68 75 61 82 55 46 39 31 86 ]
[ 71 25 35 99 92 4 43 91 21 67 85 93 37 43 79 40 57 44 39 75 59 61 43 86 75 77 41 21 17 25 59 40 50 94 40 94 98 83 37 71 2 75 64 39 18 44 31 75 40 70 ]
[ 3 51 83 46 38 10 76 31 31 45 8 90 85 11 36 25 5 34 60 95 57 62 70 74 53 88 70 36 15 10 58 18 14 42 17 52 52 93 35 36 90 44 78 75 55 15 53 12 1 65 ]
[ 7 11 28 77 85 33 17 55 70 33 17 28 51 31 22 20 35 27 13 71 15 55 15 93 83 22 60 36 86 14 1 94 25 81 23 10 67 41 17 89 74 34 69 77 18 92 98 53 71 63 ]
[ 24 86 19 91 31 2 65 44 90 52 58 43 98 83 77 21 45 44 14 14 85 40 0 54 18 18 46 68 24 69 31 48 55 2 92 39 56 57 83 98 9 41 94 7 76 71 81 73 67 47 ]

Running insertion sort algorithm: 
Timer (sort): 144395ms real	144370ms user	0ms sys
The output is sorted!
[ 27 2 2 56 35 14 31 2 33 50 63 1 31 81 24 6 84 54 56 2 66 11 11 6 22 13 62 24 3 16 72 82 18 74 39 5 40 70 8 25 20 23 26 4 4 2 10 41 56 18 ]
[ 30 76 89 5 25 22 3 55 54 18 66 47 31 40 89 2 5 37 31 62 13 10 2 35 71 10 26 16 34 79 59 65 7 0 22 32 22 25 40 29 44 6 28 27 46 69 30 3 6 13 ]
[ 36 4 10 20 10 0 57 40 60 46 19 49 0 6 2 87 38 65 30 11 76 22 67 7 15 26 55 11 43 2 89 80 6 52 0 68 52 9 8 12 55 28 14 56 86 16 43 24 33 25 ]
[ 29 18 0 35 19 9 45 33 50 33 48 2 27 46 47 60 87 17 9 61 97 21 86 27 34 34 1 13 3 28 49 33 98 50 20 17 59 17 3 62 3 3 16 30 1 64 42 41 33 51 ]
[ 20 84 14 52 6 79 40 63 4 45 14 49 7 0 55 8 22 59 10 63 86 14 10 87 58 75 75 7 29 60 6 1 44 21 5 2 0 45 65 4 42 31 5 50 31 12 10 53 24 72 ]
[ 48 55 49 33 62 12 1 64 45 24 36 39 78 3 6 55 16 52 45 11 35 43 14 24 17 55 71 28 14 4 1 62 11 2 47 25 15 0 90 12 25 26 51 55 81 57 11 98 9 8 ]
[ 2 80 44 58 46 15 78 41 96 8 14 43 28 6 11 16 9 0 85 3 33 0 12 89 81 14 34 34 28 0 22 31 32 66 41 30 34 19 72 30 27 38 73 55 44 36 24 6 36 9 ]
[ 66 95 7 0 98 20 12 8 22 30 87 37 70 86 34 28 9 9 15 17 10 3 20 42 62 88 37 47 41 7 27 7 54 35 60 5 55 24 13 29 54 1 66 24 39 53 5 48 14 20 ]
[ 54 64 48 4 24 48 18 66 46 40 47 31 2 21 9 69 1 85 65 36 30 77 24 48 3 3 2 14 4 71 6 10 87 6 66 64 6 37 30 5 77 29 36 31 50 45 1 3 82 18 ]
[ 84 2 17 4 14 30 65 66 19 81 7 40 52 1 36 16 54 5 62 6 14 28 82 19 7 31 8 56 68 54 83 52 8 0 8 22 30 25 40 2 58 47 42 62 1 31 31 55 36 93 ]
[ 99 1 21 78 27 33 9 1 28 56 2 15 95 44 39 61 15 12 11 84 43 39 63 61 5 48 22 40 1 64 33 1 17 6 79 44 39 40 46 19 48 0 35 44 44 26 5 12 38 68 ]
[ 89 22 84 96 12 5 28 41 42 38 7 17 53 15 65 50 25 60 19 18 5 21 39 9 14 72 24 24 41 0 17 82 22 2 30 35 7 10 76 1 48 35 18 53 2 83 55 28 96 26 ]
[ 38 10 57 75 60 87 94 7 44 18 26 0 2 25 49 93 70 37 0 19 69 2 19 23 83 37 4 23 37 41 21 27 4 30 2 64 17 48 23 14 67 49 66 21 26 15 14 48 52 14 ]
[ 40 7 65 4 34 72 75 6 91 78 3 16 26 2 3 43 43 38 23 18 94 79 24 17 15 72 10 36 9 2 13 49 10 79 6 96 3 81 2 46 12 6 62 38 60 66 33 4 56 8 ]
[ 4 82 5 32 15 55 33 27 24 28 20 5 32 2 5 15 57 5 33 99 43 18 26 16 80 2 18 27 62 45 53 18 80 10 50 95 65 36 75 89 16 95 46 0 98 4 16 7 9 1 ]
[ 32 19 50 0 71 19 67 20 50 76 98 0 57 10 27 51 30 5 45 20 93 24 24 21 48 27 12 29 28 7 47 12 78 98 12 2 69 80 22 19 8 20 19 17 30 47 69 13 52 14 ]
[ 12 50 23 34 4 4 12 14 21 14 83 95 0 22 0 15 16 5 33 63 33 53 62 56 48 35 24 43 7 84 8 20 34 84 6 90 88 19 4 9 33 39 57 85 13 57 0 30 62 86 ]
[ 36 51 63 6 25 29 27 2 15 10 46 75 84 17 42 0 92 78 17 2 18 10 31 0 8 37 33 36 30 22 59 67 25 23 73 2 4 53 4 71 63 50 47 47 20 41 99 12 19 68 ]
[ 38 29 36 61 53 19 25 25 15 9 87 33 9 32 29 57 20 13 2 3 25 15 64 10 87 22 0 49 69 54 49 8 35 37 21 41 56 46 66 72 7 53 57 16 37 38 73 10 51 28 ]
[ 21 30 5 34 87 25 33 32 81 40 22 52 28 45 33 43 53 34 3 32 4 21 23 45 36 63 38 29 9 76 40 82 6 45 16 46 70 1 30 3 42 52 7 22 49 40 66 2 27 69 ]

Timer (generate): 38ms real	30ms user	0ms sys
[ 96 43 93 28 72 36 13 71 57 84 74 20 93 89 58 52 51 14 41 64 42 34 65 69 88 34 34 37 5 65 31 54 60 76 34 85 65 47 56 22 83 82 42 76 23 52 81 74 67 74 ]
[ 38 61 8 56 82 96 42 17 86 0 34 17 54 95 45 88 32 10 87 40 32 22 22 74 51 45 79 32 20 98 58 10 59 67 66 42 15 9 11 53 9 97 22 15 44 68 55 76 78 42 ]
[ 16 11 16 90 37 67 36 16 51 8 66 10 70 26 29 89 20 96 50 83 50 11 80 72 26 25 92 81 53 71 75 70 34 91 12 71 59 48 40 62 8 58 72 79 84 53 20 56 50 70 ]
[ 91 52 81 72 76 7 49 69 40 54 92 15 76 26 58 89 49 69 89 41 32 98 0 56 29 36 62 49 45 12 19 36 16 52 60 92 11 61 13 51 16 57 18 44 83 76 33 85 98 23 ]
[ 78 30 73 30 38 54 67 0 55 64 64 26 52 80 78 13 25 89 26 90 92 94 48 10 39 83 38 24 68 36 99 99 18 24 29 9 78 48 9 85 12 26 11 65 6 89 30 83 30 8 ]
[ 26 22 3 74 84 94 9 23 70 30 59 70 29 30 94 58 39 25 7 0 10 71 26 74 36 33 15 18 68 46 27 94 20 82 20 5 28 30 28 98 12 39 20 41 69 67 99 60 44 58 ]
[ 61 54 30 87 80 18 72 96 37 41 42 16 87 62 98 60 19 78 42 47 28 54 39 49 47 8 68 98 21 12 57 82 18 39 69 99 57 94 95 94 87 89 62 26 3 12 86 23 90 80 ]
[ 22 19 86 61 20 33 22 88 32 43 52 89 25 70 28 46 21 37 40 16 84 79 57 46 6 61 59 44 36 1 25 58 72 11 20 92 45 42 32 77 85 84 18 62 7 98 60 28 35 1 ]
[ 97 19 32 54 18 38 67 29 83 3 30 8 62 3 71 82 47 16 24 80 45 61 16 15 23 23 13 83 4 1 36 1 20 69 7 90 59 75 19 42 30 50 2 92 5 74 26 52 90 2 ]
[ 32 88 63 1 3 38 24 17 22 80 18 10 33 90 31 41 33 91 68 52 33 50 54 88 43 59 62 69 64 4 24 48 92 87 49 48 26 26 65 0 6 35 62 40 77 94 33 62 37 53 ]
[ 15 70 3 21 58 98 33 72 68 97 77 44 45 21 31 95 69 9 21 86 61 79 21 24 71 51 70 4 13 7 9 80 29 13 54 40 11 87 12 31 36 89 75 33 63 59 80 32 68 53 ]
[ 19 82 33 92 6 4 43 28 61 9 35 70 41 16 83 95 56 47 34 69 78 70 10 6 4 73 65 36 58 85 90 77 67 23 69 25 79 65 5 40 74 92 11 67 9 46 63 65 45 97 ]
[ 86 76 20 49 82 76 74 99 12 32 36 2 9 56 77 31 33 57 96 39 97 22 31 60 89 40 59 4 58 4 54 44 80 26 45 14 2 20 13 66 4 50 69 66 6 98 97 39 55 45 ]
[ 30 5 67 62 17 8 54 76 13 12 33 19 9 13 45 54 28 47 26 93 65 83 95 86 49 53 85 98 45 92 43 75 97 62 37 67 70 44 43 35 56 28 54 17 42 51 24 22 50 50 ]
[ 67 16 85 63 2 86 16 87 84 61 80 79 89 29 41 78 96 64 22 92 51 79 20 58 48 14 9 72 88 60 75 8 76 60 71 78 47 39 18 83 53 50 63 42 79 56 20 28 20 95 ]
[ 72 72 26 92 30 74 59 39 47 99 51 22 7 27 34 30 58 81 22 76 65 27 26 80 69 57 36 41 85 57 88 57 81 14 2 63 89 13 54 36 64 6 10 72 85 44 54 43 78 28 ]
[ 19 43 55 97 75 76 55 11 70 92 20 58 2 1 73 56 16 14 69 71 2 33 29 12 57 14 8 64 58 86 92 29 81 48 27 56 24 82 68 94 26 88 5 28 42 78 84 58 92 5 ]
[ 29 94 91 58 58 48 73 66 64 83 53 57 12 34 57 39 43 81 73 11 28 52 99 85 80 93 63 17 52 7 22 81 53 13 92 11 14 17 29 78 0 82 35 64 69 92 56 12 26 81 ]
[ 75 6 33 26 91 14 20 6 31 72 13 5 5 18 19 97 29 85 66 58 63 18 93 51 83 14 95 91 26 73 72 53 79 6 79 22 72 99 28 55 71 93 60 29 11 31 78 92 16 45 ]
[ 3 80 15 96 83 98 62 78 41 40 4 14 93 83 20 72 58 44 24 38 99 47 84 59 76 47 43 55 40 59 52 95 91 67 91 74 18 5 5 59 45 9 25 38 44 97 10 2 41 34 ]

Running insertion sort algorithm: 
Timer (sort): 162174ms real	162160ms user	0ms sys
The output is sorted!
[ 18 20 99 1 26 15 28 38 44 22 19 31 24 17 29 87 5 9 47 12 73 68 36 17 46 6 0 74 50 20 70 20 41 21 22 19 36 2 9 32 24 28 15 0 97 45 40 3 54 87 ]
[ 5 8 97 34 40 71 20 90 46 35 36 26 2 42 86 29 10 8 11 92 6 76 20 9 24 80 41 13 11 18 17 17 27 66 3 19 38 23 10 36 11 46 14 13 89 0 42 51 60 5 ]
[ 3 38 95 13 93 32 4 4 74 33 59 80 15 92 55 76 24 40 47 17 0 50 4 29 22 27 1 14 43 4 11 47 43 6 12 36 38 16 40 12 1 0 44 16 44 0 44 20 92 91 ]
[ 79 11 24 4 5 22 75 21 41 14 0 80 72 76 31 3 32 6 14 17 18 32 40 32 50 2 4 5 20 16 11 51 79 35 55 85 9 30 6 50 45 6 30 69 34 62 24 66 20 90 ]
[ 17 94 54 19 45 93 77 26 93 49 37 34 46 26 59 96 2 4 13 65 3 21 10 26 32 2 11 75 39 14 26 9 8 80 28 6 73 57 32 18 6 22 5 52 0 64 1 2 20 14 ]
[ 4 9 15 57 6 18 93 85 49 14 99 33 8 0 49 37 39 66 4 20 82 10 15 17 23 39 24 79 31 52 25 35 13 40 44 72 10 37 9 59 3 8 45 12 61 94 49 0 12 5 ]
[ 11 58 70 86 39 86 7 94 12 4 47 28 0 20 17 34 13 15 55 0 61 52 39 29 31 12 64 55 50 71 47 14 81 17 52 21 55 11 15 20 15 62 48 15 35 17 1 0 32 8 ]
[ 25 80 22 42 70 12 30 3 9 98 84 55 3 7 1 73 2 46 39 81 37 41 2 33 2 47 51 28 7 25 27 32 5 2 26 27 14 57 30 23 7 66 78 10 26 80 35 28 78 26 ]
[ 14 1 58 30 8 18 29 9 7 15 4 48 67 41 68 20 49 26 37 22 71 25 61 19 39 73 31 75 4 38 70 19 39 29 1 47 47 82 9 6 98 13 55 17 6 23 37 55 1 74 ]
[ 71 1 32 51 40 60 57 13 21 17 31 28 22 0 41 23 18 80 76 85 20 11 15 38 97 2 27 47 2 59 7 74 12 91 77 4 3 34 18 24 3 49 4 78 1 45 53 20 25 29 ]
[ 22 94 71 56 16 30 35 2 63 8 93 21 27 11 29 37 27 36 27 96 12 4 13 50 49 18 85 2 88 44 2 62 38 25 19 6 7 6 8 22 15 1 43 94 64 24 32 43 12 59 ]
[ 17 23 29 47 5 98 89 45 81 67 13 0 17 5 24 41 33 11 83 70 69 20 14 79 12 19 39 5 46 28 20 15 3 1 14 9 99 3 54 32 70 19 32 40 25 56 33 10 20 68 ]
[ 74 32 20 24 12 20 25 51 59 18 26 22 4 16 95 65 78 6 53 90 79 20 16 13 23 59 0 14 57 29 28 31 13 1 8 25 21 33 76 80 4 2 55 8 18 50 73 48 8 78 ]
[ 76 12 6 36 17 26 13 84 22 21 7 94 47 1 9 12 41 40 7 40 98 79 26 0 45 34 73 72 35 46 52 12 10 10 0 28 36 13 12 10 86 71 5 33 24 66 45 66 58 4 ]
[ 12 69 15 6 52 25 10 26 11 42 11 16 74 66 21 7 50 44 9 19 73 36 36 21 16 72 30 12 9 38 47 73 8 15 80 60 40 42 38 3 84 49 20 11 16 41 70 18 38 79 ]
[ 13 57 20 62 13 6 50 71 47 48 84 43 75 15 16 5 12 31 58 7 13 71 88 1 42 16 53 53 45 77 83 11 34 3 25 0 10 27 23 9 76 7 4 51 23 20 8 87 3 67 ]
[ 26 33 52 40 72 18 57 9 8 26 11 59 1 58 43 99 63 40 76 40 1 33 2 61 3 4 78 25 25 17 82 4 2 86 44 27 5 53 36 65 32 47 24 33 5 20 33 20 60 9 ]
[ 15 21 10 62 35 14 66 52 29 13 18 45 47 4 34 17 20 55 97 27 7 94 55 28 14 4 70 34 4 31 95 20 5 5 34 40 72 0 44 1 66 15 46 13 71 32 30 43 39 79 ]
[ 52 3 21 9 53 11 67 1 69 80 34 49 7 27 54 54 77 88 42 3 68 19 27 39 31 30 3 69 1 15 10 54 19 32 15 24 43 34 77 64 14 12 13 74 91 19 28 21 8 22 ]
[ 86 19 76 70 32 56 63 0 45 33 6 0 16 3 41 74 9 51 2 71 2 19 52 64 31 49 12 16 12 68 43 50 39 19 20 72 27 35 24 73 20 30 25 37 33 18 11 94 21 13 ]

Timer (generate): 38ms real	30ms user	0ms sys
[ 17 27 23 54 69 39 52 54 79 15 30 17 71 38 43 26 36 36 86 13 86 61 31 17 78 59 48 17 30 26 99 47 5 74 53 75 65 5 29 44 20 11 13 43 49 57 69 38 93 8 ]
[ 51 79 21 82 48 51 42 97 20 72 75 19 71 80 46 76 7 11 81 88 8 53 0 21 97 1 78 18 39 23 78 43 55 99 25 3 50 19 52 70 43 27 42 66 60 88 42 67 51 75 ]
[ 56 59 81 8 81 30 9 11 48 1 35 79 96 90 78 21 45 81 93 98 3 88 25 97 55 37 37 49 5 89 25 13 48 58 21 81 88 82 45 36 35 32 67 31 22 46 5 19 79 50 ]
[ 17 82 38 95 80 45 32 17 95 89 58 72 54 59 30 27 40 18 10 37 6 97 69 74 81 43 72 86 63 51 36 80 85 26 27 17 72 12 87 67 1 45 39 8 4 21 35 97 91 97 ]
[ 34 97 95 4 23 28 47 95 14 10 98 2 43 84 28 70 1 0 82 40 67 36 86 58 44 90 31 31 87 22 29 74 72 76 78 95 4 77 91 18 40 41 72 83 25 0 5 79 53 40 ]
[ 71 72 28 57 83 24 0 14 55 87 89 84 13 61 60 91 56 64 69 99 34 9 41 58 44 18 59 1 49 12 93 21 36 21 78 19 45 30 34 1 18 23 37 31 36 98 75 92 14 96 ]
[ 44 1 57 85 59 53 55 70 54 57 82 48 78 71 21 8 90 67 39 76 20 9 99 57 92 35 7 19 80 22 15 24 23 24 61 34 77 16 5 84 25 39 32 3 10 53 64 1 72 3 ]
[ 77 92 64 29 2 56 16 9 76 48 31 43 72 6 68 85 41 45 54 46 29 79 37 13 83 48 19 47 1 43 2 78 36 66 59 90 74 76 99 2 24 31 46 49 89 66 34 82 63 40 ]
[ 80 93 20 18 58 55 66 77 54 67 73 56 97 61 74 57 51 0 85 50 3 61 33 1 10 23 67 97 57 30 37 38 75 9 56 34 64 74 63 18 93 36 26 42 97 52 51 48 53 36 ]
[ 51 56 50 84 9 12 59 76 9 17 58 99 55 34 8 63 20 25 89 35 43 82 72 22 76 21 74 28 22 27 16 73 35 66 57 44 31 17 20 92 86 31 91 41 17 52 56 37 29 45 ]
[ 72 72 79 96 46 7 70 21 35 92 48 4 65 36 70 74 80 1 91 53 46 77 84 37 70 1 41 78 90 70 23 14 95 54 63 93 62 33 14 49 25 15 53 42 51 76 16 83 29 8 ]
[ 36 75 37 72 65 60 25 6 38 15 29 14 82 76 20 45 69 82 30 36 84 55 51 37 97 54 13 13 37 95 73 74 70 63 98 35 75 24 94 13 91 75 79 73 51 0 70 72 34 0 ]
[ 8 18 55 59 8 4 65 73 70 3 68 43 29 39 58 27 26 33 3 72 99 95 47 30 68 50 30 39 23 17 39 31 87 47 43 47 51 8 21 21 63 89 17 44 80 27 24 59 61 27 ]
[ 31 60 22 79 42 91 29 25 82 4 42 21 36 81 68 31 29 72 91 2 93 7 43 62 51 76 90 75 35 3 3 18 15 25 97 57 68 79 82 50 35 24 24 71 58 92 54 39 16 46 ]
[ 41 62 53 36 24 56 12 66 32 99 69 87 18 84 64 67 42 85 98 24 35 34 1 59 57 11 4 12 50 20 10 43 82 15 79 59 71 44 25 55 43 95 42 61 79 59 29 73 44 27 ]
[ 98 31 13 51 43 71 62 47 83 12 19 45 55 54 60 86 65 83 30 90 39 26 37 33 87 69 92 68 42 88 48 92 20 61 43 63 84 5 62 19 69 81 64 76 87 76 63 52 60 45 ]
[ 95 99 71 84 84 11 5 77 31 48 65 79 92 37 93 36 0 77 93 62 97 63 96 13 39 83 90 54 88 50 0 35 1 23 19 85 34 25 14 66 25 32 97 17 69 42 5 70 72 51 ]
[ 84 21 14 80 34 5 16 76 60 4 78 12 91 79 35 10 17 22 87 83 40 64 67 37 34 37 32 39 59 4 90 43 25 56 76 59 14 92 36 26 96 66 38 87 98 25 49 15 47 89 ]
[ 50 39 53 18 29 87 7 61 79 66 65 21 61 42 30 37 1 44 29 89 70 77 8 8 64 6 85 66 21 33 55 23 24 8 41 53 48 48 14 27 66 31 48 28 73 30 65 27 74 47 ]
[ 68 44 24 76 4 89 82 90 7 55 75 62 79 99 22 72 5 70 21 19 49 39 51 50 67 76 80 85 3 55 32 24 51 56 0 8 97 35 98 56 90 25 18 69 76 93 94 81 15 15 ]

Running insertion sort algorithm: 
Timer (sort): 156031ms real	155990ms user	0ms sys
The output is sorted!
[ 53 53 79 4 90 89 16 3 69 10 5 32 19 87 38 26 2 19 7 19 15 27 0 2 1 27 18 7 33 68 69 38 21 0 42 64 41 58 67 10 20 24 42 39 11 32 17 65 51 25 ]
[ 9 85 43 98 39 22 19 26 30 27 16 81 4 28 62 24 48 27 10 41 31 50 55 63 37 55 13 16 46 1 24 56 38 19 6 30 41 25 8 23 53 24 4 9 5 19 33 53 46 43 ]
[ 22 25 19 10 0 46 65 33 83 85 5 44 47 10 6 9 47 26 70 3 67 15 18 63 12 2 26 56 21 42 39 43 67 10 6 19 9 23 4 44 8 10 40 55 72 46 65 71 25 35 ]
[ 6 24 69 76 11 18 24 2 4 92 36 90 47 42 56 2 37 22 24 28 45 27 0 32 31 86 17 0 5 41 90 11 18 11 40 29 29 16 83 86 8 19 28 56 13 84 10 3 6 35 ]
[ 69 77 8 3 71 20 9 2 15 41 26 26 79 34 65 22 17 2 12 21 8 78 32 43 30 46 7 3 78 89 12 47 66 20 3 37 40 64 39 8 57 17 34 36 3 51 10 20 53 22 ]
[ 75 47 16 39 53 27 1 9 17 9 19 76 27 34 14 71 4 10 25 78 34 20 13 28 69 3 2 73 33 38 41 9 37 9 0 90 88 53 99 5 62 19 33 41 5 0 64 9 10 42 ]
[ 48 41 87 54 30 13 3 22 93 78 9 4 6 21 59 28 9 10 16 1 54 32 62 4 99 35 46 5 59 14 70 7 56 9 14 38 22 17 13 15 47 22 71 6 44 30 86 5 92 2 ]
[ 19 32 0 25 69 14 65 97 15 14 20 23 38 30 15 37 54 0 88 11 4 37 14 77 55 57 24 36 9 49 95 80 81 47 57 3 13 23 0 28 37 73 51 28 3 18 17 9 18 5 ]
[ 35 1 15 57 41 13 89 30 26 25 0 3 19 2 28 28 25 49 91 31 47 6 49 80 45 96 36 14 13 6 11 0 7 26 10 0 91 51 30 17 28 30 73 48 85 53 28 62 3 71 ]
[ 22 15 2 26 33 37 0 24 50 31 74 29 5 32 74 62 38 43 30 9 69 57 48 11 44 88 15 45 22 56 2 44 23 5 22 8 42 22 32 45 53 6 26 11 90 0 25 29 95 55 ]
[ 31 33 56 13 16 41 70 28 2 24 46 43 84 23 24 26 81 6 14 59 27 92 29 50 3 22 42 21 20 21 75 4 54 32 17 22 25 39 2 27 64 0 70 0 24 95 79 5 1 45 ]
[ 58 20 25 77 13 21 38 7 13 34 40 49 50 25 44 15 6 15 83 16 34 8 23 48 15 66 75 50 46 35 94 56 7 20 33 21 41 23 28 6 10 20 55 60 98 0 27 4 67 10 ]
[ 81 37 42 48 3 25 14 34 27 17 20 14 24 70 32 22 9 0 11 86 28 49 56 82 72 18 61 9 26 55 3 7 44 97 7 47 22 22 33 1 91 54 15 15 24 0 38 85 52 1 ]
[ 3 83 12 1 56 63 11 30 20 44 6 41 32 52 74 12 13 49 14 51 96 29 26 17 56 93 36 61 52 22 8 7 5 20 9 61 36 72 43 56 16 1 49 0 53 24 13 18 73 27 ]
[ 43 29 47 3 61 0 21 6 64 3 34 46 34 39 36 23 53 7 26 21 0 2 30 29 42 9 3 11 97 40 49 40 21 96 95 83 49 16 41 13 20 75 11 54 66 47 30 19 7 56 ]
[ 22 90 21 41 38 22 7 78 82 40 29 13 15 9 90 84 77 11 53 3 10 27 14 20 26 95 40 83 37 25 83 11 15 4 4 5 78 12 35 12 52 64 25 19 26 15 3 3 78 9 ]
[ 12 31 49 27 99 10 34 9 3 91 24 18 91 77 9 49 74 9 25 5 52 3 35 14 70 35 48 34 41 7 12 6 38 13 85 38 23 19 47 27 10 23 97 1 52 7 51 26 68 28 ]
[ 18 54 0 16 37 32 40 42 14 29 72 58 15 11 22 59 29 18 9 51 81 65 54 26 26 62 2 74 3 11 1 22 17 1 38 6 85 30 48 99 11 21 9 79 84 31 38 13 49 47 ]
[ 5 97 44 16 6 26 45 53 3 97 1 41 24 72 43 5 11 26 57 31 10 15 39 93 39 10 28 41 34 49 38 92 99 34 8 5 12 5 10 67 2 11 8 26 83 3 83 47 29 40 ]
[ 13 38 35 41 60 91 90 34 1 18 53 8 21 77 31 75 1 4 34 30 28 12 1 33 81 23 46 70 16 15 32 82 54 68 23 66 11 13 1 12 83 6 21 4 83 4 79 36 8 14 ]

Timer (generate): 37ms real	40ms user	0ms sys
[ 85 50 9 44 85 84 71 13 82 77 24 42 45 93 98 65 75 24 86 58 59 55 60 11 20 58 81 38 87 1 78 72 4 88 68 41 72 40 6 6 69 30 48 15 23 99 32 51 23 18 ]
[ 9 34 73 21 46 46 79 27 84 18 80 63 91 36 51 59 77 75 51 83 82 21 14 82 36 89 81 68 40 57 38 1 91 64 74 89 10 5 16 46 24 49 61 67 85 64 78 15 40 30 ]
[ 50 74 3 64 56 91 6 38 11 46 47 49 0 38 65 26 28 75 32 96 74 8 97 35 75 35 0 53 50 40 35 0 66 38 17 22 29 23 12 40 21 59 42 73 50 7 0 78 35 84 ]
[ 26 9 92 24 96 19 59 96 24 9 88 12 61 54 50 30 29 32 5 93 24 79 53 66 52 3 26 4 33 61 40 59 22 84 83 18 3 94 15 80 55 55 92 17 62 94 99 43 26 5 ]
[ 36 51 84 41 69 88 96 95 93 29 56 33 41 78 18 76 49 73 71 16 53 26 71 45 95 85 92 95 28 18 0 65 21 36 6 43 24 3 38 17 84 47 3 25 77 21 2 26 46 25 ]
[ 94 0 3 66 97 99 3 89 46 32 60 46 49 33 34 55 76 58 10 67 28 95 14 31 72 43 4 74 22 50 51 16 2 55 34 52 54 38 41 0 70 53 98 19 87 32 26 15 90 37 ]
[ 82 18 84 48 1 56 92 5 31 14 8 34 82 10 89 17 62 95 55 56 47 77 61 97 96 48 29 22 64 72 11 98 42 95 47 96 52 39 1 35 5 9 69 87 72 11 56 34 6 11 ]
[ 42 6 88 4 3 36 52 85 11 68 57 22 19 51 70 66 47 22 57 1 9 14 10 78 53 34 41 10 69 0 73 11 6 62 67 9 98 20 94 61 40 3 84 11 55 6 77 54 28 86 ]
[ 55 37 0 18 67 6 52 61 16 73 61 89 37 67 3 4 28 2 76 75 15 69 78 99 80 85 5 10 40 85 96 47 74 49 17 94 55 70 55 71 95 68 12 32 35 16 37 15 70 65 ]
[ 90 85 34 69 37 15 6 42 25 98 80 73 46 6 22 63 0 77 85 7 0 81 75 13 13 62 81 2 78 51 68 68 36 54 89 73 69 48 68 46 46 48 72 92 54 94 8 7 24 93 ]
[ 14 76 26 90 89 92 4 70 46 82 73 66 3 10 21 44 35 42 92 3 89 39 3 61 83 10 7 43 17 83 89 83 60 15 25 1 59 30 24 6 12 97 72 67 59 93 12 95 36 56 ]
[ 98 77 95 2 90 31 64 49 74 81 33 63 64 45 31 42 46 90 72 22 48 36 72 21 4 31 66 68 26 54 24 77 83 72 31 73 3 95 75 29 28 60 45 44 5 76 86 3 18 10 ]
[ 26 67 47 98 40 3 81 58 23 8 13 99 37 96 71 68 22 26 15 49 56 43 9 53 87 14 29 26 17 99 36 95 66 83 45 58 38 27 17 61 87 30 61 24 78 84 44 52 11 59 ]
[ 1 19 54 10 72 93 76 53 19 94 52 56 89 71 91 35 29 82 14 46 95 1 28 8 77 59 93 21 63 56 32 65 27 86 27 51 31 4 4 51 50 8 59 91 79 2 78 9 84 92 ]
[ 7 32 93 88 40 70 99 85 43 62 93 75 79 20 13 59 71 45 63 27 48 65 36 59 56 15 61 35 76 98 79 36 30 73 76 22 95 75 8 91 89 1 66 69 74 32 28 45 29 43 ]
[ 25 77 8 61 36 64 76 49 51 5 47 31 41 29 56 69 52 3 44 12 94 33 65 13 54 91 45 34 89 74 77 14 3 85 75 91 2 3 40 53 8 88 36 1 69 92 70 73 48 66 ]
[ 37 42 52 3 7 6 94 52 41 83 78 18 49 33 56 24 24 10 28 65 63 36 5 52 90 74 96 12 48 44 79 85 39 31 40 46 89 87 51 30 22 29 1 72 63 9 96 39 19 76 ]
[ 4 34 65 9 86 55 84 35 67 84 79 98 21 70 29 14 17 19 1 68 1 75 49 2 47 64 63 96 4 82 24 60 17 89 70 3 44 6 38 64 42 70 62 63 40 44 77 9 63 30 ]
[ 29 16 6 79 71 5 95 34 53 51 17 78 12 34 67 82 89 64 40 80 80 82 2 42 45 94 38 75 4 1 5 85 70 11 16 41 17 12 75 70 63 44 0 27 78 68 61 20 84 1 ]
[ 52 64 35 54 58 81 0 97 8 56 50 13 42 20 25 58 61 94 22 89 16 38 33 17 65 64 37 79 84 21 80 88 37 16 94 95 49 94 92 57 3 95 22 45 15 99 55 29 93 78 ]

Running insertion sort algorithm: 
Timer (sort): 156865ms real	156850ms user	0ms sys
The output is sorted!
[ 38 28 43 15 2 63 28 7 34 79 13 10 21 46 72 59 79 25 17 48 52 82 20 6 21 20 30 56 20 55 4 10 35 0 26 38 15 6 45 1 85 10 11 6 57 83 17 36 9 34 ]
[ 42 15 16 96 6 59 4 35 33 23 44 16 56 95 4 82 10 10 30 97 17 9 28 53 79 62 6 73 77 5 35 71 21 4 20 27 15 24 14 0 47 10 17 3 5 21 37 15 32 67 ]
[ 22 47 1 24 77 3 62 15 16 10 7 86 1 80 36 11 3 63 53 76 71 70 3 58 51 38 12 39 15 21 54 37 20 7 13 49 10 75 16 27 37 23 65 39 4 1 2 59 16 55 ]
[ 45 2 25 40 31 1 85 38 66 13 28 14 32 11 13 80 4 74 47 17 56 26 40 68 15 20 2 46 14 33 62 12 87 39 52 70 92 37 8 59 2 37 25 34 0 38 15 4 12 14 ]
[ 11 16 34 4 0 47 9 44 90 14 15 42 57 52 8 8 87 35 46 60 50 22 29 76 63 17 62 1 3 11 40 66 27 26 23 27 73 84 23 15 50 38 9 8 90 18 16 29 5 14 ]
[ 19 11 81 56 18 21 15 40 57 14 28 14 31 58 3 4 29 23 2 2 25 6 18 34 62 61 42 7 6 16 82 25 79 15 33 97 88 1 89 46 67 69 12 98 27 15 3 9 38 5 ]
[ 86 67 96 71 13 71 4 44 32 14 46 20 22 13 34 49 8 12 14 38 16 37 2 30 5 51 87 30 65 2 6 3 21 54 26 86 25 31 30 9 45 28 29 19 42 15 68 50 27 34 ]
[ 14 15 4 7 34 65 1 76 36 37 76 46 89 40 37 38 8 27 30 23 43 24 35 50 64 14 33 20 30 57 0 45 24 4 4 58 69 6 86 57 43 15 4 32 7 93 23 15 20 53 ]
[ 2 7 50 57 38 87 84 9 31 11 14 66 80 90 6 41 59 43 53 26 11 0 40 17 97 33 24 19 54 11 12 8 18 14 18 56 53 2 18 36 13 84 2 46 26 8 87 37 3 40 ]
[ 42 24 29 31 28 5 9 21 44 73 17 69 34 66 4 86 14 80 0 8 60 18 11 31 2 22 17 23 24 84 20 67 9 1 98 89 6 7 62 3 33 79 24 67 97 28 53 12 9 6 ]
[ 36 38 7 61 74 3 42 15 29 38 35 17 24 87 1 11 54 94 32 13 47 64 35 5 99 12 11 18 70 48 49 58 38 57 19 12 12 13 28 42 51 15 11 27 54 12 39 8 59 23 ]
[ 94 39 28 12 42 6 40 45 84 96 70 9 58 24 13 88 4 2 84 2 4 56 29 1 26 20 9 66 75 26 33 21 65 61 86 7 19 26 4 3 22 27 64 32 3 29 20 7 32 57 ]
[ 6 84 25 73 24 51 21 0 1 38 16 25 66 46 3 45 8 53 34 58 7 16 48 19 97 28 11 60 10 93 18 17 29 44 42 53 47 15 5 48 53 21 25 19 67 28 64 27 33 51 ]
[ 53 19 93 38 18 15 57 6 24 17 1 90 50 3 42 37 16 10 27 5 16 37 4 28 90 38 32 57 48 62 60 1 33 53 39 3 68 48 9 45 66 62 35 16 17 29 5 33 40 85 ]
[ 26 40 37 11 0 34 39 0 7 28 10 15 85 94 18 5 89 44 9 18 58 16 84 79 29 37 8 14 52 71 31 30 63 68 41 16 54 32 16 61 13 26 28 50 20 47 7 62 43 16 ]
[ 74 91 6 2 6 34 18 6 8 6 29 1 60 5 65 8 68 78 3 82 22 3 14 22 74 72 89 62 42 70 10 16 13 16 18 71 3 37 77 11 95 6 13 7 63 30 15 83 9 70 ]
[ 2 37 46 24 42 45 51 4 11 54 21 36 42 21 99 22 14 14 6 95 46 38 35 29 38 20 68 61 84 37 65 38 26 11 14 20 8 17 24 20 71 45 8 13 18 8 87 33 22 94 ]
[ 73 8 37 57 26 2 68 40 21 29 37 33 65 21 12 87 10 69 16 35 7 69 37 61 35 73 15 23 98 24 24 24 32 62 33 10 16 1 2 37 83 40 22 48 13 34 87 23 3 4 ]
[ 63 28 12 76 2 8 25 47 14 45 33 30 32 85 31 75 50 49 34 5 38 63 48 46 83 45 23 21 54 5 13 18 33 78 46 35 86 23 34 0 20 67 30 52 4 14 27 7 15 14 ]
[ 38 54 29 21 23 22 97 50 27 52 20 3 21 61 73 16 8 38 20 34 11 58 60 86 30 16 25 73 6 52 21 44 7 3 17 82 25 67 85 4 19 5 8 40 66 33 8 26 24 80 ]

