Timer (generate): 79ms real	60ms user	0ms sys
[ 56 32 47 57 94 15 95 44 12 62 90 30 47 58 41 85 3 99 56 84 53 20 29 90 32 42 4 80 73 1 43 30 33 42 39 79 58 34 23 22 97 65 52 96 75 45 33 30 44 89 ]
[ 15 49 61 96 40 94 91 96 26 64 50 21 46 83 16 86 15 26 20 90 48 69 56 52 17 31 97 50 14 41 91 29 91 5 25 83 51 16 31 77 33 81 50 79 17 66 65 32 92 38 ]
[ 22 40 7 30 92 25 14 89 27 28 83 19 9 26 24 86 9 27 55 92 56 88 74 6 67 91 25 33 75 69 71 49 10 30 80 54 55 46 96 83 74 31 54 35 57 30 21 18 57 76 ]
[ 10 13 16 84 71 84 27 48 69 2 18 92 52 80 22 84 34 30 30 82 65 56 65 19 91 22 1 64 92 10 41 3 75 57 39 46 93 67 95 62 21 13 54 25 93 29 9 79 59 39 ]
[ 14 76 95 79 95 38 54 48 3 46 58 44 1 33 53 93 31 99 60 78 61 33 91 68 59 36 49 68 68 8 60 34 36 7 65 31 46 19 31 49 18 89 45 71 74 50 64 5 49 76 ]
[ 84 63 10 27 83 21 16 32 89 36 92 1 70 28 9 87 11 55 59 42 56 77 83 1 0 57 3 65 14 53 41 50 68 3 30 51 24 98 83 66 34 27 19 56 55 28 43 66 35 2 ]
[ 60 91 31 95 44 32 52 48 49 18 53 42 21 21 98 51 72 22 49 7 40 35 34 60 91 41 40 86 7 76 41 19 19 72 14 16 56 18 16 57 88 21 0 9 42 98 12 66 72 61 ]
[ 25 13 96 11 25 39 52 65 26 11 93 19 30 65 91 96 81 0 14 49 57 2 70 57 64 12 7 76 30 80 38 55 45 86 18 22 78 70 87 56 81 33 75 11 98 18 7 31 18 73 ]
[ 80 76 75 50 85 91 14 45 68 96 77 6 3 74 44 21 96 22 91 35 78 72 20 5 35 18 24 94 49 42 67 81 70 94 83 8 86 97 53 6 45 82 12 48 56 8 69 4 31 12 ]
[ 39 61 36 60 67 23 30 91 17 32 85 36 13 56 83 97 16 21 46 21 27 92 3 91 92 59 99 14 63 82 26 54 96 63 66 15 38 97 6 56 29 43 44 94 51 79 91 67 0 90 ]
[ 88 79 82 91 22 74 2 22 88 17 56 67 72 52 82 90 67 20 87 25 28 68 21 73 63 72 52 6 92 5 96 32 36 30 76 59 57 78 33 45 48 41 64 20 46 46 62 65 67 50 ]
[ 43 95 70 64 20 33 88 25 92 80 82 40 13 70 71 89 81 28 19 14 25 67 8 90 39 54 88 2 19 7 4 62 55 74 78 75 60 67 52 52 47 34 44 12 57 15 1 38 95 73 ]
[ 5 73 40 13 15 32 67 3 34 38 11 38 53 18 64 83 93 24 50 98 28 50 84 73 62 41 40 16 80 36 89 85 9 81 50 24 13 69 79 99 7 42 89 12 60 54 96 6 30 98 ]
[ 4 59 48 88 32 63 30 24 79 62 60 20 99 21 1 49 45 67 18 77 66 77 19 56 42 80 62 38 86 92 36 42 51 37 30 35 0 12 60 31 26 72 51 25 94 4 74 91 23 44 ]
[ 68 90 22 40 98 16 72 12 54 58 4 42 52 8 79 34 95 31 47 7 62 73 32 65 51 26 70 77 69 93 22 90 35 96 30 85 12 2 97 18 12 54 60 64 14 92 98 61 75 97 ]
[ 69 38 23 53 3 74 79 25 51 0 19 73 90 6 21 20 92 33 74 41 3 86 95 64 2 61 8 53 23 83 50 44 73 25 97 77 99 28 2 51 28 73 76 19 80 50 91 24 35 66 ]
[ 65 39 4 13 55 59 74 63 12 97 98 14 93 72 40 90 1 39 18 55 42 47 81 71 18 61 21 9 37 56 27 54 47 32 67 2 91 94 65 55 43 16 69 37 88 9 27 41 1 46 ]
[ 96 95 45 77 66 63 90 39 72 79 48 0 34 95 84 1 50 27 95 67 82 91 83 3 28 23 13 55 64 66 53 13 61 50 42 80 13 85 71 38 64 71 90 98 19 74 52 69 1 99 ]
[ 36 35 90 20 38 18 43 3 26 60 69 31 73 83 82 15 15 47 0 38 85 17 10 75 15 29 1 67 50 2 67 86 89 9 58 28 28 54 31 6 14 53 89 39 88 71 6 55 19 59 ]
[ 93 56 76 55 32 91 36 85 11 86 40 30 25 29 39 35 57 19 89 41 77 55 46 67 46 86 38 53 41 9 12 34 18 88 42 2 31 78 87 42 65 27 72 42 57 64 77 66 83 19 ]

Running insertion sort algorithm: 
Timer (generate): 76ms real	60ms user	0ms sys
[ 93 94 69 36 44 53 86 46 22 54 46 7 8 41 54 5 14 91 31 83 5 46 96 64 6 74 17 91 34 57 85 79 52 55 15 48 60 54 94 34 60 40 42 69 82 48 74 48 91 57 ]
[ 84 96 4 80 61 62 54 30 53 40 88 90 19 92 45 87 40 5 93 35 92 53 75 86 74 9 34 1 58 25 58 94 21 14 74 34 76 80 65 81 21 5 72 92 97 69 31 37 27 24 ]
[ 24 19 30 52 5 4 61 39 5 71 16 16 65 37 30 91 24 59 72 89 40 45 46 64 37 43 34 69 32 61 93 57 80 75 9 85 80 22 76 37 94 92 5 11 81 88 3 5 47 75 ]
[ 46 39 20 92 4 57 87 90 78 20 51 24 77 83 99 38 68 31 60 44 21 54 88 26 18 69 14 21 27 13 96 73 53 68 18 57 77 5 47 56 25 50 80 54 33 79 92 53 63 5 ]
[ 49 84 59 37 10 77 58 77 50 85 90 46 11 43 14 29 52 92 86 51 0 64 53 80 18 86 11 63 91 74 68 40 58 79 29 21 9 88 98 59 25 40 58 36 36 24 17 88 68 56 ]
[ 92 68 20 45 0 38 84 12 53 75 38 21 68 49 1 49 22 10 89 72 21 15 12 79 3 48 4 73 89 72 29 81 93 49 78 93 39 14 57 93 42 96 14 10 97 67 59 19 29 49 ]
[ 91 51 16 3 82 71 4 38 44 93 11 25 26 56 74 56 49 66 71 7 59 13 55 25 23 52 45 34 71 74 35 14 77 3 69 60 75 73 98 71 18 61 97 44 17 71 1 67 89 72 ]
[ 26 0 37 81 26 12 85 71 46 56 97 34 22 75 37 91 35 64 65 85 36 83 47 33 80 64 56 33 83 46 57 61 46 94 42 24 6 27 47 4 35 45 38 57 20 28 1 7 92 66 ]
[ 92 80 1 39 13 33 56 22 66 91 68 23 53 66 17 95 43 23 75 90 80 62 35 18 72 7 98 73 14 43 91 59 23 44 98 89 78 6 11 44 98 31 68 51 49 37 98 92 13 73 ]
[ 83 93 88 70 63 60 30 62 85 96 57 28 55 32 72 6 21 50 12 84 47 10 15 67 61 65 4 60 9 17 85 44 62 73 67 26 85 97 40 22 93 97 2 1 81 75 7 3 77 71 ]
[ 39 76 82 55 43 95 72 48 7 81 17 93 26 80 18 93 58 56 42 98 30 87 47 33 88 80 60 47 83 89 19 23 66 53 30 9 0 54 9 8 35 27 53 13 59 71 58 69 79 0 ]
[ 19 10 88 18 95 28 98 55 28 34 44 47 9 10 52 39 72 52 93 81 60 80 60 13 94 71 37 52 40 16 5 59 78 45 77 25 73 28 80 1 62 77 0 71 39 52 62 63 57 7 ]
[ 45 17 87 57 83 33 29 20 38 21 88 43 33 19 88 62 44 13 90 77 15 52 6 67 75 45 72 37 9 29 44 6 98 32 15 81 17 44 53 55 18 94 50 51 65 90 13 9 4 56 ]
[ 38 71 8 44 38 84 42 10 21 3 91 18 9 90 2 24 23 19 21 77 27 91 23 29 42 88 20 7 49 76 63 88 99 24 84 89 60 26 0 33 29 43 51 90 33 53 67 57 25 40 ]
[ 86 4 31 9 33 25 97 5 84 46 81 0 86 80 24 71 70 36 97 22 69 79 65 73 69 51 78 88 8 3 28 94 59 59 3 93 84 52 98 69 50 32 21 37 12 45 60 34 33 9 ]
[ 56 2 88 74 75 10 25 6 98 85 61 27 79 21 38 34 14 23 38 64 44 88 96 65 77 61 62 37 95 95 47 4 49 87 30 77 97 55 83 48 40 44 75 71 65 13 57 31 88 95 ]
[ 48 84 35 44 1 13 57 15 2 5 62 1 9 12 89 39 41 86 46 76 34 38 20 61 9 38 27 66 21 15 13 69 52 48 66 53 61 75 69 16 80 83 17 89 95 6 80 88 45 26 ]
[ 64 31 64 37 93 25 75 20 91 48 87 4 70 39 5 88 45 18 63 66 34 44 49 52 85 97 10 66 85 55 44 2 39 9 39 32 34 66 4 78 14 43 34 36 83 39 24 80 58 88 ]
[ 46 44 84 47 96 69 44 59 87 82 66 32 84 5 41 75 89 27 41 93 57 7 37 92 96 72 83 20 4 41 60 50 38 96 49 86 66 94 45 5 28 12 37 64 69 30 39 59 10 32 ]
[ 4 67 91 93 11 87 65 95 60 21 88 72 71 26 69 73 13 87 19 58 92 47 22 30 11 44 60 2 3 70 34 7 90 25 1 1 65 18 96 25 40 85 97 63 63 18 36 76 5 55 ]

Running insertion sort algorithm: 
Timer (generate): 76ms real	60ms user	0ms sys
[ 42 35 70 66 41 44 87 34 72 40 7 91 27 66 11 58 3 75 33 8 80 47 17 10 98 43 77 9 44 92 33 38 27 55 56 20 0 43 54 24 36 62 16 63 80 79 22 35 55 7 ]
[ 44 35 6 13 45 5 57 75 14 53 67 99 92 47 7 0 67 7 96 74 83 32 88 99 95 68 79 69 4 86 76 0 21 83 13 19 40 70 46 6 76 13 57 20 60 64 20 80 71 16 ]
[ 54 55 48 42 6 96 10 37 17 66 23 46 66 97 81 80 16 21 2 62 27 78 27 84 50 40 49 71 20 72 39 26 79 40 68 38 88 30 75 5 97 99 3 15 96 84 95 64 57 98 ]
[ 78 36 28 5 21 79 97 22 2 17 46 41 95 78 33 63 16 21 46 91 79 43 42 82 10 90 19 6 54 76 56 84 13 84 90 86 15 39 60 69 9 6 63 4 36 96 20 52 18 66 ]
[ 96 97 61 90 31 71 81 50 77 87 27 85 24 92 22 66 30 37 5 90 59 14 48 22 19 85 18 91 89 88 57 37 37 18 80 69 41 13 71 71 52 50 56 76 42 78 42 72 68 48 ]
[ 14 27 14 63 1 33 0 19 24 41 60 33 79 97 3 59 18 45 24 42 16 76 92 72 53 87 3 95 11 23 95 26 50 10 41 3 43 41 74 20 82 34 5 13 84 9 24 54 54 48 ]
[ 96 22 25 89 94 78 28 49 25 39 72 21 65 74 31 58 77 26 99 52 98 34 86 4 47 22 13 72 77 19 20 25 41 45 66 87 75 94 37 1 34 9 22 51 84 5 10 61 31 61 ]
[ 13 30 95 52 34 43 74 99 67 3 70 87 29 11 33 95 98 60 90 35 61 76 97 35 27 81 40 89 94 72 3 60 54 98 12 40 93 38 39 60 42 9 48 71 72 33 18 70 93 8 ]
[ 58 7 84 55 42 64 88 35 5 34 7 8 94 13 59 58 53 4 49 44 65 91 5 65 14 77 50 32 99 95 93 57 2 29 64 97 45 4 32 3 39 91 63 85 4 22 96 9 27 45 ]
[ 53 44 88 58 61 2 35 11 86 34 6 31 44 61 61 8 10 6 65 94 61 4 85 25 41 41 47 37 50 26 82 55 22 70 13 83 24 0 46 63 86 53 94 30 66 7 91 76 66 56 ]
[ 70 27 12 7 52 53 0 52 91 2 30 25 57 53 96 22 88 72 22 35 35 8 40 82 91 6 89 82 34 55 38 56 83 2 63 35 55 63 87 46 65 70 72 74 23 20 96 63 92 18 ]
[ 50 80 78 42 62 69 48 51 3 34 59 93 90 42 95 5 29 51 20 69 49 37 39 21 11 14 93 7 77 86 77 80 18 56 22 32 77 23 35 81 57 94 74 0 36 70 5 18 73 26 ]
[ 87 22 63 26 96 75 40 89 34 17 27 12 97 45 20 20 77 97 43 13 30 52 59 57 52 48 79 10 66 52 36 53 74 51 79 70 78 19 12 13 88 39 77 38 85 97 10 14 46 5 ]
[ 79 77 57 39 34 62 87 65 72 5 17 60 58 43 11 37 66 90 8 78 55 96 17 32 86 54 81 96 69 27 1 0 56 11 91 42 73 78 7 97 35 24 57 93 20 68 30 86 10 90 ]
[ 16 65 39 33 97 25 40 78 74 9 58 27 61 14 38 53 9 63 83 16 60 19 93 69 12 13 38 95 51 48 85 67 14 24 52 63 2 92 94 76 53 52 3 15 18 94 68 27 57 51 ]
[ 44 70 22 89 39 35 54 29 82 5 30 19 24 96 96 76 59 98 21 53 26 74 5 29 89 76 23 9 3 33 13 99 55 35 88 94 22 42 76 4 99 6 24 23 2 72 52 61 70 73 ]
[ 67 96 47 24 77 89 0 53 98 4 86 63 3 93 51 44 87 73 86 15 30 86 21 6 61 23 78 13 37 48 38 4 96 38 28 73 27 81 78 77 85 64 41 40 9 44 84 97 17 23 ]
[ 64 99 61 86 5 74 9 35 40 98 35 78 2 31 16 83 57 43 64 35 73 1 52 66 93 61 10 30 10 79 53 75 79 66 13 36 40 22 72 80 73 7 59 27 91 27 10 48 71 26 ]
[ 35 96 79 39 62 73 1 72 3 63 51 8 90 82 74 3 19 14 78 91 95 51 50 6 78 41 33 41 41 56 67 77 4 99 68 66 72 69 90 27 85 94 35 75 76 9 79 95 75 57 ]
[ 38 22 60 89 28 38 82 14 79 24 22 99 53 27 98 21 93 22 43 36 49 28 30 84 55 58 45 86 6 20 95 96 43 55 85 71 46 20 37 77 44 60 28 49 39 26 70 84 0 13 ]

Running insertion sort algorithm: 
Timer (generate): 63ms real	60ms user	0ms sys
[ 14 42 97 3 63 37 39 62 6 69 19 91 31 0 69 20 82 1 94 36 71 37 65 81 26 36 31 46 44 73 68 11 68 17 14 31 6 5 45 65 75 16 56 6 17 77 26 99 78 72 ]
[ 36 49 9 53 31 36 89 14 82 85 39 2 48 59 20 15 90 78 20 88 43 95 4 99 1 21 77 79 73 7 51 61 9 61 14 92 49 3 58 83 40 97 86 41 9 58 56 51 36 76 ]
[ 39 32 24 44 31 77 17 60 57 90 20 60 3 29 73 17 21 22 72 31 6 65 80 44 6 89 54 62 41 42 90 80 74 14 76 6 92 94 18 1 36 38 61 40 19 87 9 92 9 82 ]
[ 23 67 99 4 63 5 93 17 67 86 12 9 67 86 24 43 44 68 89 63 69 78 53 82 18 25 69 79 17 31 61 41 50 12 97 66 17 42 35 84 29 47 94 48 34 70 91 78 38 33 ]
[ 93 59 11 99 93 81 24 15 60 41 46 74 34 48 86 31 14 4 74 50 40 3 97 86 51 31 56 94 62 46 79 55 57 90 54 3 71 30 18 84 72 64 58 6 64 44 90 79 0 64 ]
[ 81 41 19 78 79 22 62 88 68 76 86 48 31 44 90 38 47 14 20 65 98 92 81 8 51 97 4 41 28 5 57 9 98 28 40 77 2 2 65 22 30 52 70 13 48 13 3 47 27 24 ]
[ 64 77 16 97 85 19 94 89 12 23 94 21 32 92 49 24 22 3 78 87 26 8 91 48 22 39 61 25 38 88 49 2 65 18 99 50 37 94 92 2 69 86 23 53 31 25 78 53 28 56 ]
[ 92 54 65 36 55 87 27 16 64 66 57 14 68 74 84 68 77 21 14 69 23 83 55 99 88 38 24 66 43 4 23 36 11 40 24 66 79 51 82 43 17 39 9 86 14 93 6 43 15 20 ]
[ 12 90 55 19 41 43 58 65 62 1 22 85 89 33 77 13 99 56 17 33 51 34 25 61 20 91 54 26 34 21 98 46 64 5 65 5 1 75 23 63 77 45 0 18 30 77 84 29 85 1 ]
[ 14 36 35 39 97 8 30 52 86 16 25 37 62 89 42 80 95 43 55 70 6 84 15 58 55 97 35 39 26 20 92 92 57 79 32 6 87 14 10 26 31 36 63 45 25 57 77 72 1 85 ]
[ 42 59 69 9 18 76 6 5 15 84 26 59 77 35 39 61 41 26 75 52 4 58 40 67 56 65 25 33 38 78 18 32 89 40 42 59 16 0 65 84 85 43 43 14 30 82 75 23 61 50 ]
[ 27 65 61 67 85 17 33 62 2 23 40 73 55 81 65 49 41 33 50 58 17 87 1 13 1 83 47 76 6 60 78 34 26 39 1 63 8 86 25 11 9 17 36 65 98 1 66 91 34 16 ]
[ 49 4 55 2 17 56 85 16 84 92 77 15 78 55 6 79 18 15 66 43 78 27 60 66 44 10 67 11 2 53 79 3 9 35 6 26 43 43 95 80 87 72 95 65 27 1 45 45 68 63 ]
[ 40 98 90 0 64 35 62 83 98 16 89 77 20 98 64 78 77 8 21 72 88 9 44 35 74 71 88 71 68 9 86 8 7 29 60 24 16 22 7 14 39 48 91 11 47 56 89 24 16 10 ]
[ 96 56 71 40 43 98 63 31 21 31 40 8 91 0 37 51 76 53 25 35 67 16 84 10 27 31 18 68 55 34 79 51 42 2 43 85 0 58 69 22 41 61 82 32 61 19 35 37 24 60 ]
[ 73 43 29 57 53 8 40 72 77 95 58 8 98 1 10 93 38 63 51 7 37 92 69 19 24 82 90 59 20 14 71 45 57 52 54 10 61 94 34 38 41 45 46 39 98 8 32 36 71 35 ]
[ 96 8 27 65 79 3 47 69 14 19 83 37 16 40 90 70 3 51 16 89 41 57 86 87 48 84 47 32 73 19 67 21 79 46 86 59 49 85 28 63 57 12 1 25 4 91 96 7 94 64 ]
[ 49 35 22 35 74 22 72 21 55 45 92 74 66 72 21 4 31 70 41 11 34 50 23 87 76 80 78 24 39 24 88 88 59 62 24 85 85 96 58 40 93 51 14 11 23 35 15 6 58 8 ]
[ 17 92 59 93 31 35 73 9 11 64 85 99 53 96 62 29 81 99 77 39 91 70 90 5 33 65 93 48 71 3 8 41 47 67 86 78 54 11 39 65 75 24 17 80 20 79 9 1 30 38 ]
[ 92 21 60 35 78 93 0 23 93 24 26 2 17 73 21 3 51 28 66 90 93 41 14 62 22 86 93 83 39 23 22 32 44 82 19 23 28 19 46 21 95 73 75 64 98 97 67 50 25 85 ]

Running insertion sort algorithm: 
Timer (generate): 74ms real	70ms user	0ms sys
[ 87 54 40 4 58 91 60 18 42 91 47 31 75 75 88 24 18 67 40 64 28 96 60 73 3 85 98 56 70 23 42 9 78 34 65 88 26 26 6 20 69 54 3 96 81 91 20 99 59 12 ]
[ 63 39 9 76 12 64 13 63 21 83 86 63 44 16 98 10 56 76 88 63 48 9 69 52 5 2 43 77 1 54 41 16 94 50 92 6 15 58 21 88 41 60 3 38 76 53 48 33 81 88 ]
[ 48 30 97 69 82 54 23 25 31 76 32 24 92 26 75 37 84 42 95 6 82 88 66 85 26 94 39 26 79 20 14 79 50 63 48 84 17 71 62 0 47 94 25 92 72 52 81 56 94 76 ]
[ 14 28 16 80 13 95 27 4 21 6 25 88 86 27 51 86 64 21 10 26 21 9 20 46 1 92 98 34 0 44 62 15 72 79 47 38 26 74 42 47 33 19 87 71 99 91 57 63 12 67 ]
[ 89 33 29 61 80 82 5 30 17 5 27 79 72 99 10 72 89 36 98 32 36 31 3 23 2 2 14 12 65 26 31 6 60 60 67 92 43 24 74 60 82 1 91 54 53 2 26 94 38 25 ]
[ 26 74 8 82 50 63 84 64 27 2 43 58 8 55 71 28 99 14 4 73 26 86 27 69 93 80 71 19 74 62 96 53 36 57 87 86 20 23 3 47 25 46 57 86 53 28 66 52 94 70 ]
[ 77 72 57 4 42 50 36 65 21 63 27 70 68 16 27 55 54 99 78 57 98 4 55 7 42 8 36 8 12 82 30 90 7 39 94 1 89 83 66 63 46 94 33 14 10 12 69 16 11 99 ]
[ 74 61 55 81 68 97 42 56 57 54 91 40 96 98 79 43 99 69 26 17 84 72 11 69 86 73 81 7 90 44 58 16 57 14 49 25 63 43 82 73 50 25 13 46 23 92 89 74 13 15 ]
[ 91 97 87 55 66 25 80 99 84 70 43 43 38 0 9 40 78 72 83 12 45 33 37 58 80 12 3 21 86 16 37 77 14 76 84 32 54 65 32 90 87 27 33 78 80 94 18 58 19 1 ]
[ 70 64 87 7 75 67 71 78 40 57 94 29 86 60 6 71 93 12 36 25 2 75 52 88 53 32 82 71 42 1 25 12 18 12 71 45 31 42 75 71 51 21 1 38 82 59 61 75 71 49 ]
[ 52 25 24 56 13 78 41 48 1 83 1 26 48 71 38 71 16 21 66 91 93 17 13 46 7 47 5 68 74 28 69 78 5 94 34 71 24 27 71 77 11 72 4 11 96 94 34 12 68 0 ]
[ 56 61 18 21 59 77 20 16 98 94 96 67 72 1 13 58 72 89 86 43 67 49 68 23 60 64 69 94 28 37 47 84 50 17 57 9 94 77 77 92 71 73 12 95 75 77 54 99 67 40 ]
[ 43 86 89 63 61 1 27 30 95 55 20 42 92 70 59 1 32 6 79 9 50 2 83 62 98 10 40 4 9 59 44 4 45 85 67 6 86 46 88 33 54 8 76 98 31 87 99 15 45 30 ]
[ 24 96 33 59 58 83 21 98 87 31 9 83 87 54 68 7 12 6 53 1 39 7 9 67 57 92 7 57 7 52 87 84 48 72 43 7 55 65 57 94 48 67 29 87 73 49 94 86 55 0 ]
[ 87 95 59 48 14 17 41 21 74 48 74 13 32 22 86 28 81 93 45 39 40 45 58 69 32 31 71 79 69 26 31 56 73 90 57 88 7 98 9 33 98 35 47 83 58 33 63 39 26 8 ]
[ 30 18 5 40 40 89 24 11 20 93 89 51 2 15 42 11 3 1 9 64 35 59 0 82 94 10 67 57 1 45 17 84 64 22 24 4 64 0 67 84 46 56 36 0 71 78 11 26 79 72 ]
[ 43 66 31 95 48 78 5 67 35 6 13 5 42 29 27 19 85 43 19 52 28 17 60 64 17 84 94 28 10 25 52 53 92 84 48 92 14 5 60 49 64 25 54 6 6 34 25 43 77 97 ]
[ 47 57 66 7 73 84 91 67 64 54 93 17 59 37 53 60 29 67 65 41 68 81 66 75 40 24 9 17 67 38 14 14 96 81 74 21 17 17 89 33 71 34 2 83 71 7 43 0 26 60 ]
[ 94 95 42 12 22 82 37 83 99 56 21 66 71 69 99 45 91 68 14 32 53 86 66 56 69 89 15 64 41 42 24 35 89 18 48 63 52 37 46 4 93 67 22 64 89 21 61 32 41 76 ]
[ 64 94 14 82 2 35 71 18 99 64 12 75 0 53 46 0 16 98 37 62 2 30 81 76 47 70 97 8 2 90 36 18 85 50 0 39 37 23 9 36 88 21 64 88 26 10 40 42 8 77 ]

Running insertion sort algorithm: 
Timer (generate): 74ms real	70ms user	0ms sys
[ 74 73 61 25 72 91 89 3 55 75 14 52 79 43 51 73 74 89 24 91 17 45 77 63 22 99 68 82 40 97 31 15 22 45 92 94 36 81 98 43 9 64 95 40 60 98 13 34 40 38 ]
[ 77 57 83 54 72 5 54 40 39 46 89 23 61 12 68 5 58 4 87 8 47 48 73 94 88 33 44 2 19 84 40 96 94 75 3 66 32 9 59 23 55 48 46 69 12 14 74 23 70 13 ]
[ 31 69 61 56 15 50 41 60 52 60 96 44 57 90 71 60 57 3 69 16 26 24 16 25 93 81 39 20 4 62 33 87 31 95 44 99 97 85 59 49 46 7 45 55 50 68 15 7 71 36 ]
[ 75 49 12 43 26 58 24 66 78 28 80 63 68 63 58 12 62 55 49 73 56 47 81 53 54 31 21 21 90 44 57 17 46 22 60 72 80 85 38 10 65 70 73 33 34 84 97 96 91 99 ]
[ 22 0 98 3 53 53 86 27 74 76 71 84 45 17 6 5 90 38 42 80 0 8 3 73 93 37 9 43 85 1 94 7 1 92 62 6 45 48 33 72 76 57 56 21 26 62 27 68 52 21 ]
[ 49 52 81 4 77 27 41 87 70 26 40 16 86 93 8 48 99 6 97 85 78 25 94 34 47 72 48 26 41 52 99 42 4 81 46 33 8 87 20 30 65 12 46 51 5 54 52 57 60 49 ]
[ 94 90 26 40 76 25 12 76 3 53 28 3 95 84 84 93 18 92 80 90 22 98 3 68 1 60 74 53 17 87 54 63 77 81 3 54 6 16 82 10 21 11 13 69 95 49 62 65 41 95 ]
[ 56 15 93 11 35 46 71 9 0 41 96 54 56 26 87 12 32 46 80 14 8 1 77 73 70 25 22 85 90 15 80 98 30 25 9 17 71 33 78 23 26 75 30 34 53 17 46 85 63 26 ]
[ 51 71 28 29 44 50 54 18 87 96 33 67 95 15 44 56 32 16 41 11 39 67 38 69 2 43 39 0 80 54 27 31 26 7 12 22 9 66 93 97 63 26 64 10 94 9 66 78 77 8 ]
[ 41 68 27 79 90 81 74 29 82 54 83 61 38 61 68 50 36 77 69 29 26 84 7 43 94 1 4 12 32 81 72 73 1 0 5 91 33 79 72 67 34 8 80 72 21 48 74 57 78 43 ]
[ 38 56 27 98 99 21 51 3 86 83 36 58 57 38 10 62 81 96 41 54 63 27 14 44 51 35 44 26 45 74 69 83 31 49 81 30 22 33 86 8 68 22 19 25 60 29 87 94 25 81 ]
[ 0 41 8 14 37 60 49 33 38 94 8 59 30 91 8 63 73 83 48 59 91 17 82 62 42 94 92 30 88 69 63 40 10 71 54 99 83 56 33 21 50 93 33 32 84 93 96 57 76 44 ]
[ 17 20 61 51 82 56 97 74 38 38 96 1 78 58 24 33 58 8 89 43 81 91 36 14 24 20 8 72 77 36 16 46 56 30 49 39 86 47 65 76 85 61 77 63 72 1 96 30 61 37 ]
[ 73 43 29 9 9 53 81 69 25 58 6 93 57 14 75 6 53 13 53 71 89 38 84 18 2 56 20 50 38 33 88 11 28 17 72 90 22 53 59 99 64 17 92 21 32 20 79 37 33 33 ]
[ 60 23 23 45 41 77 53 13 28 92 99 68 55 27 37 28 17 59 33 29 10 97 46 54 70 30 74 50 20 8 35 80 31 58 77 24 36 31 90 16 23 89 36 78 16 73 58 34 84 92 ]
[ 63 94 41 61 48 12 92 23 14 64 31 49 44 14 59 22 38 47 5 28 63 80 17 99 10 34 24 69 20 8 13 35 2 54 96 51 18 40 74 84 4 57 33 1 71 93 75 9 92 80 ]
[ 90 56 60 7 7 22 93 84 91 65 92 56 0 95 11 49 98 81 89 24 66 46 81 51 47 4 96 74 13 89 54 55 97 66 63 4 88 8 88 32 74 33 88 74 80 51 75 78 85 17 ]
[ 2 51 63 35 2 62 39 51 36 4 40 42 60 37 8 23 93 48 83 34 32 57 67 21 84 47 24 59 77 9 76 79 12 91 66 67 53 5 18 41 61 58 83 21 95 43 96 40 44 80 ]
[ 74 76 37 93 49 73 40 74 33 17 35 61 48 48 53 66 15 58 71 33 0 33 91 83 6 38 79 3 78 23 35 5 99 72 98 49 98 91 75 31 8 10 92 9 58 97 75 73 56 99 ]
[ 58 56 84 1 91 90 39 22 45 70 45 80 75 97 5 25 46 3 16 73 34 77 83 78 86 42 28 13 67 84 12 78 92 96 79 35 39 71 58 84 41 55 65 68 52 70 93 50 73 10 ]

Running insertion sort algorithm: 
Timer (generate): 77ms real	60ms user	0ms sys
[ 37 37 61 79 15 35 49 26 81 86 29 3 91 95 24 34 65 77 37 27 44 94 47 73 89 72 6 20 65 92 80 3 81 41 34 96 76 83 75 9 22 56 12 65 51 89 99 68 18 36 ]
[ 96 62 82 95 88 71 68 94 91 33 86 72 88 68 65 23 16 42 58 43 51 80 0 16 45 3 5 96 72 75 32 20 89 66 15 77 37 35 71 81 69 58 5 9 78 70 32 46 12 91 ]
[ 90 16 71 90 32 69 45 89 65 69 16 50 89 5 16 5 83 6 40 54 87 61 64 92 71 94 14 3 41 27 46 31 95 70 73 79 39 18 68 56 88 84 6 29 41 23 86 24 81 79 ]
[ 31 68 40 95 12 63 42 26 19 83 5 65 66 0 87 91 79 26 9 99 83 49 35 41 31 77 16 17 1 97 96 32 65 89 80 77 52 74 4 23 57 9 89 75 62 28 66 41 55 27 ]
[ 93 90 29 28 31 60 5 48 77 59 97 74 43 63 63 23 92 67 97 48 91 6 58 32 81 72 60 99 65 67 27 58 9 56 87 41 16 44 41 45 3 38 71 47 53 86 22 46 54 72 ]
[ 94 97 30 4 81 64 28 41 63 94 61 42 52 70 50 91 63 66 36 4 64 91 95 35 90 0 74 13 46 80 37 93 77 19 49 10 83 78 51 99 24 64 41 76 35 92 68 98 10 56 ]
[ 55 26 47 50 14 38 50 88 3 49 20 92 94 49 11 95 59 47 25 62 46 49 27 39 78 62 83 98 12 46 54 67 72 1 69 86 91 72 26 94 73 46 86 67 47 50 14 6 97 40 ]
[ 69 95 41 96 34 19 10 18 17 22 16 71 90 88 25 11 27 16 83 5 63 56 4 1 75 51 51 90 58 48 30 27 43 71 75 30 43 85 0 60 59 16 84 1 4 9 13 83 77 96 ]
[ 89 40 5 93 42 80 96 93 70 54 94 52 33 89 76 8 19 19 45 19 31 5 35 15 58 92 24 71 75 2 20 16 94 25 9 36 5 58 82 76 12 76 28 98 65 4 6 37 75 4 ]
[ 56 7 61 92 22 19 36 99 91 11 53 11 28 47 36 89 84 93 47 66 69 12 94 50 10 11 6 68 48 82 72 5 41 33 49 63 5 85 14 48 48 67 59 28 15 47 18 51 92 17 ]
[ 69 62 29 15 64 39 26 70 8 75 4 32 32 45 18 81 61 23 18 75 71 18 95 82 47 62 81 65 13 73 34 34 87 64 49 51 55 75 74 15 50 30 48 82 76 18 15 89 93 85 ]
[ 16 16 4 11 50 51 73 31 68 38 56 2 72 96 66 21 99 74 97 25 89 99 56 89 34 84 7 49 73 0 87 41 16 91 53 66 42 78 49 62 17 58 64 89 6 83 63 57 57 60 ]
[ 83 46 59 39 88 93 75 95 95 48 48 82 41 16 25 94 83 19 25 84 81 94 94 45 83 52 28 46 10 37 58 93 36 70 84 24 15 59 19 62 59 19 44 0 36 21 47 71 40 72 ]
[ 7 21 66 2 67 1 54 47 0 64 37 10 9 73 80 93 97 48 52 68 10 63 40 7 64 76 28 11 47 69 35 54 42 53 8 61 6 63 9 6 79 98 17 89 71 49 34 20 49 39 ]
[ 40 60 2 80 19 66 8 47 29 55 68 16 10 11 69 18 72 76 33 33 34 65 31 3 6 54 5 40 26 54 79 19 14 82 51 85 0 60 33 82 15 53 98 77 64 20 48 89 48 33 ]
[ 22 82 98 6 38 4 12 95 45 91 49 76 10 16 10 61 1 11 21 86 93 37 40 91 66 56 63 14 45 11 48 20 46 98 78 84 3 42 79 0 33 80 76 43 96 87 5 50 50 78 ]
[ 36 95 67 28 38 34 85 2 0 82 13 0 54 59 99 84 95 2 27 26 54 60 7 30 56 55 69 13 57 71 91 94 66 11 74 5 45 11 59 97 46 72 98 0 84 97 37 31 51 64 ]
[ 58 5 76 17 87 84 24 57 97 82 80 41 28 47 52 2 4 49 66 63 46 12 87 44 12 71 93 1 3 44 65 13 49 94 82 37 78 6 46 28 40 78 69 68 25 21 23 81 70 89 ]
[ 96 68 1 84 65 65 7 58 67 62 55 84 27 56 30 9 93 61 16 91 89 56 70 58 77 47 31 0 81 53 41 77 21 42 13 86 59 21 45 26 35 52 63 63 8 93 72 54 54 40 ]
[ 45 43 49 67 53 26 67 84 78 48 89 19 77 11 61 91 97 72 64 94 99 99 98 14 62 7 7 35 61 14 27 58 9 76 78 63 2 45 99 80 45 89 99 22 52 12 65 1 85 29 ]

Running insertion sort algorithm: 
Timer (generate): 78ms real	70ms user	0ms sys
[ 4 64 5 11 79 52 76 14 93 60 6 64 55 81 0 70 67 30 67 55 45 86 55 98 82 84 23 73 51 4 87 56 68 44 67 0 96 96 66 89 56 25 6 63 6 6 85 26 37 5 ]
[ 81 82 91 89 33 25 25 8 98 76 13 85 32 33 81 0 85 78 96 52 67 4 77 73 19 35 32 5 13 21 10 47 55 53 36 40 78 61 49 29 37 14 66 22 99 48 74 85 26 22 ]
[ 37 45 26 14 19 97 1 3 2 15 24 64 62 31 17 50 72 48 11 21 77 0 87 95 74 86 43 48 71 21 70 60 67 48 26 38 46 28 41 0 43 17 65 5 0 34 55 72 82 18 ]
[ 45 11 70 32 7 97 19 50 45 42 72 68 3 91 68 29 29 66 9 22 67 52 91 84 9 91 18 16 64 53 86 61 64 9 94 71 6 65 74 51 59 98 71 62 89 92 44 70 58 53 ]
[ 92 77 58 35 61 67 26 32 36 42 85 22 4 1 31 50 73 89 15 47 93 74 97 64 89 86 56 85 56 67 38 0 44 48 35 58 68 13 42 4 56 27 78 12 28 62 62 53 51 29 ]
[ 52 44 3 49 61 44 35 69 29 43 36 20 95 33 68 30 91 36 44 33 92 52 12 71 64 92 33 78 46 84 7 50 81 62 0 42 7 87 11 88 83 0 8 78 33 29 61 76 17 5 ]
[ 9 10 9 73 33 25 65 66 3 63 2 62 14 35 76 66 77 83 5 41 24 88 41 84 67 74 13 80 2 31 85 63 93 46 36 26 71 53 44 26 69 46 40 35 34 16 1 11 52 58 ]
[ 52 76 47 45 60 66 71 26 46 73 9 83 36 2 81 72 28 4 78 72 30 47 70 70 34 4 38 35 68 90 45 72 66 92 18 79 10 89 5 56 15 14 91 51 68 72 76 96 76 54 ]
[ 20 58 53 42 80 87 99 19 74 67 61 19 91 28 64 9 59 74 51 16 83 66 82 26 17 50 99 45 98 27 99 70 38 4 12 18 91 63 89 17 82 51 37 74 31 53 35 90 27 86 ]
[ 58 62 4 40 89 74 90 40 19 40 67 71 10 5 75 74 76 19 38 65 88 20 16 77 94 99 30 30 89 10 68 47 72 73 39 61 47 81 1 18 21 21 89 83 78 17 58 54 88 48 ]
[ 72 76 68 40 54 15 40 36 97 29 46 17 29 19 90 68 80 89 50 34 8 23 55 49 7 33 66 17 40 6 65 12 35 85 52 41 52 92 77 49 74 24 67 3 95 9 23 27 51 25 ]
[ 61 59 49 68 60 8 54 79 25 94 85 90 6 20 75 10 61 80 3 91 29 29 67 48 32 62 58 7 89 9 33 3 20 34 23 32 42 77 11 19 23 97 61 81 69 88 92 83 68 47 ]
[ 74 98 76 41 98 60 55 56 19 96 17 4 51 89 38 75 22 32 4 85 3 80 34 64 61 4 53 5 39 21 4 13 19 80 6 70 92 61 78 12 57 48 16 9 37 7 36 11 91 40 ]
[ 97 95 20 31 59 34 87 12 39 26 34 44 91 5 76 97 75 69 58 54 33 68 2 1 29 91 8 65 55 0 5 52 95 78 35 54 64 75 67 3 53 53 99 45 58 28 94 86 49 5 ]
[ 92 82 73 94 83 2 37 44 67 92 44 24 96 91 54 84 45 18 59 64 74 64 17 25 9 28 53 56 66 2 61 58 36 86 4 72 88 41 16 7 86 12 83 82 3 38 18 48 8 29 ]
[ 65 82 94 34 8 55 14 13 11 80 16 24 90 4 10 94 76 50 88 92 57 26 4 93 60 59 83 79 8 91 8 73 26 54 59 34 62 74 47 73 54 15 50 45 20 60 91 96 11 31 ]
[ 41 20 57 97 13 70 57 96 49 17 40 9 42 66 64 1 52 26 75 51 51 82 67 53 79 87 14 22 35 77 54 28 97 63 26 63 33 35 11 34 52 3 96 94 69 12 95 21 38 23 ]
[ 73 41 5 92 95 84 31 61 6 66 38 12 47 87 28 73 2 13 8 66 48 12 69 96 6 39 8 53 12 98 76 37 39 33 29 86 69 60 99 28 79 89 92 26 77 20 51 31 34 59 ]
[ 97 34 23 67 82 29 58 90 82 70 88 11 8 79 96 89 66 66 2 17 94 81 7 86 59 36 59 10 67 45 21 65 31 44 84 13 25 42 3 59 64 91 70 24 70 67 14 88 85 16 ]
[ 6 79 49 13 17 60 49 76 70 68 21 43 33 52 39 17 17 64 11 20 23 76 11 46 0 34 65 14 22 50 82 28 81 83 93 98 43 94 27 65 63 0 8 48 5 47 66 22 11 77 ]

Running insertion sort algorithm: 
Timer (generate): 62ms real	60ms user	0ms sys
[ 79 48 31 61 44 77 26 14 24 63 99 64 96 49 74 11 33 28 74 11 63 11 79 32 62 73 82 50 73 44 95 4 44 27 17 88 4 44 2 29 7 53 93 3 2 19 66 35 47 92 ]
[ 98 62 4 77 95 66 51 29 69 76 26 64 32 70 91 49 11 96 45 65 77 52 19 22 7 73 41 25 9 88 18 59 51 22 37 98 40 40 79 9 68 57 26 0 28 69 1 91 65 47 ]
[ 56 94 51 75 16 11 49 57 36 10 46 54 69 49 28 58 99 69 50 78 30 18 36 56 70 16 26 72 7 43 71 63 38 22 91 6 33 92 64 22 54 62 76 23 11 5 34 10 26 84 ]
[ 40 56 55 28 65 25 44 43 49 51 38 20 67 76 95 10 83 80 2 99 2 8 61 79 83 24 36 17 86 14 54 26 22 9 55 87 86 51 30 88 55 69 60 22 97 55 84 32 36 86 ]
[ 83 38 94 44 69 77 68 57 47 54 71 1 33 94 62 40 33 0 91 16 40 46 37 1 20 86 8 4 19 96 42 54 35 88 99 56 18 19 66 65 26 37 18 59 83 32 51 17 84 42 ]
[ 85 25 41 22 78 61 8 86 18 79 83 60 34 70 49 33 78 67 4 44 84 30 34 54 41 17 38 92 86 22 87 71 99 28 93 29 41 54 16 59 33 51 20 19 73 21 4 51 40 9 ]
[ 48 76 91 82 82 33 99 20 77 38 94 64 9 94 92 55 23 86 61 91 45 94 94 17 14 19 90 18 23 30 79 71 58 71 5 40 56 56 60 33 94 55 98 56 1 42 63 76 28 24 ]
[ 20 26 70 66 95 84 86 86 55 9 68 86 32 27 57 37 67 13 93 80 99 40 35 49 96 88 91 59 64 72 83 36 50 53 3 45 90 89 31 97 50 0 83 34 27 93 71 46 58 16 ]
[ 26 9 56 61 58 4 1 50 63 18 74 98 54 24 4 57 21 46 98 53 43 0 5 78 34 32 23 57 78 34 26 57 43 34 70 2 39 72 4 54 90 30 53 44 6 9 54 27 55 4 ]
[ 80 50 5 85 28 91 69 4 1 0 38 27 57 33 61 27 35 52 51 91 7 41 21 12 38 27 21 44 55 76 48 87 26 5 25 6 49 94 10 2 46 0 81 3 34 42 83 21 47 34 ]
[ 13 54 28 34 66 18 14 39 62 21 15 62 8 93 20 85 99 69 32 62 71 78 62 52 34 96 46 69 18 45 3 83 99 83 69 17 1 83 56 63 4 23 26 65 16 46 50 16 67 82 ]
[ 78 90 13 92 94 47 41 92 16 59 38 71 94 89 55 63 59 56 99 15 72 3 91 50 20 7 48 23 75 67 57 53 57 70 98 3 69 39 47 37 50 85 61 44 27 68 7 86 24 6 ]
[ 53 48 62 44 98 34 4 98 57 79 65 67 85 22 89 83 77 11 22 25 48 72 62 61 16 89 29 75 27 6 34 81 54 48 77 5 82 81 3 92 61 69 59 98 43 0 81 21 11 3 ]
[ 46 12 27 8 73 95 50 3 22 77 9 56 10 15 4 40 72 87 21 76 79 34 45 90 32 40 90 65 61 2 20 59 14 47 20 39 94 22 42 17 51 3 73 62 71 78 2 43 17 75 ]
[ 19 48 62 16 38 46 9 80 12 70 34 32 82 48 32 54 40 26 76 82 43 27 38 69 41 9 47 95 4 16 23 76 64 85 92 54 83 1 34 95 24 69 80 58 69 12 12 9 90 40 ]
[ 44 86 19 34 55 61 95 54 8 99 70 31 75 86 68 20 40 52 73 26 47 49 47 79 7 17 43 71 78 34 63 74 20 83 8 27 96 55 81 4 55 51 88 82 37 56 54 29 8 28 ]
[ 55 8 29 3 39 37 72 83 60 50 69 24 77 41 59 85 68 55 41 49 11 48 52 99 82 41 8 37 22 68 17 77 76 46 32 16 35 56 51 96 7 20 72 84 61 31 21 29 38 14 ]
[ 30 49 14 82 1 97 75 9 34 97 29 51 26 6 97 11 74 33 67 25 81 26 97 53 62 58 84 84 39 22 50 69 23 65 3 76 62 78 37 96 27 67 99 5 73 48 16 99 33 84 ]
[ 76 14 10 73 19 73 31 3 9 70 77 59 91 53 76 94 29 38 24 67 86 3 34 85 8 59 86 77 10 19 61 86 86 23 11 5 48 94 61 57 16 90 69 7 43 45 1 25 36 77 ]
[ 44 22 80 30 60 40 89 46 17 51 17 30 89 3 54 0 9 2 94 70 12 10 60 33 69 56 78 22 81 14 99 25 89 31 55 49 23 96 47 41 99 64 23 88 20 77 40 81 32 86 ]

Running insertion sort algorithm: 
Timer (generate): 66ms real	50ms user	0ms sys
[ 46 24 3 57 81 39 87 70 4 28 85 22 98 19 15 84 32 97 32 98 63 77 81 99 52 77 17 44 61 9 7 8 33 62 17 14 1 57 36 57 37 21 31 36 40 99 72 72 96 57 ]
[ 70 59 34 3 10 38 81 27 35 94 36 42 54 22 5 24 88 6 81 25 16 70 46 47 58 39 98 83 63 94 40 86 5 26 89 15 64 22 94 99 17 83 42 23 57 99 47 45 57 80 ]
[ 70 73 3 69 73 61 8 71 44 71 18 36 9 23 62 99 91 27 73 37 78 42 72 72 66 29 71 65 75 81 98 45 6 1 66 79 62 74 3 59 98 21 95 59 96 58 58 39 37 84 ]
[ 77 15 26 49 88 44 31 11 10 6 92 8 3 99 61 70 30 23 96 33 34 46 6 30 6 3 40 16 42 77 0 71 44 79 73 32 23 4 96 85 10 88 45 65 39 6 35 22 82 84 ]
[ 55 16 30 14 46 88 69 86 5 63 15 57 35 60 88 60 44 12 64 40 49 26 81 95 91 72 53 79 94 35 63 2 4 45 16 2 86 37 41 43 0 56 52 87 16 41 47 13 53 11 ]
[ 53 54 37 86 49 81 59 55 60 53 90 75 7 46 72 75 49 58 12 90 53 13 46 6 0 15 47 0 80 52 11 33 6 1 20 8 82 31 63 42 36 5 17 44 52 41 71 1 0 84 ]
[ 43 53 49 41 11 1 8 58 1 88 10 65 22 69 66 94 77 48 77 92 42 13 97 11 9 1 52 81 54 4 17 97 58 66 39 69 19 99 80 21 88 42 86 62 11 52 56 40 52 85 ]
[ 84 94 98 34 5 60 35 57 93 90 62 10 39 72 28 30 93 47 30 25 20 18 68 58 80 31 62 88 24 14 73 8 60 23 42 65 35 78 75 28 20 89 90 59 13 70 42 58 70 72 ]
[ 84 90 42 52 49 74 83 63 62 7 78 87 68 90 62 10 56 50 88 83 30 60 24 21 72 37 43 14 95 13 38 79 4 80 83 5 54 19 20 68 78 98 7 46 89 21 57 97 71 97 ]
[ 32 2 58 56 75 30 93 18 96 40 32 34 20 88 66 55 45 72 74 65 40 53 16 99 99 57 20 56 6 92 54 38 46 64 94 21 46 39 39 94 79 23 28 51 11 94 7 8 66 81 ]
[ 74 58 34 42 9 86 99 29 42 5 73 48 95 19 64 41 92 10 80 84 56 11 7 84 63 71 30 22 79 48 55 5 58 90 47 67 28 98 97 70 3 22 71 50 94 35 91 38 98 23 ]
[ 22 54 87 82 91 2 53 73 24 84 22 79 90 32 21 89 0 49 88 49 72 43 23 43 94 17 30 37 56 80 61 30 87 48 12 30 50 17 3 26 2 77 57 44 62 79 85 62 80 73 ]
[ 63 52 69 86 47 63 56 30 52 12 62 13 42 1 13 7 31 15 24 87 93 78 16 51 74 78 30 60 92 62 85 7 67 54 94 14 69 50 96 22 14 59 87 8 12 1 15 44 68 40 ]
[ 83 62 70 99 65 45 30 95 57 74 9 94 82 76 49 76 91 18 78 39 92 92 50 80 52 63 33 68 59 1 60 42 15 30 93 80 27 75 27 36 50 37 31 32 65 32 60 8 2 90 ]
[ 48 95 82 98 75 86 13 8 54 72 61 14 66 29 97 12 61 76 87 89 65 89 78 96 73 95 80 33 4 82 23 52 29 57 2 56 44 16 16 50 40 78 17 59 59 14 23 20 42 62 ]
[ 61 7 52 91 55 25 87 35 11 91 70 34 95 51 44 97 8 88 65 24 38 58 54 55 69 13 21 92 86 64 54 47 23 6 91 79 84 78 66 95 21 88 81 16 40 25 65 48 13 31 ]
[ 24 4 41 79 11 10 44 85 2 82 49 56 82 24 15 73 55 99 51 22 46 24 10 27 40 2 53 5 2 18 88 27 22 29 58 86 39 54 71 93 37 72 50 19 96 17 92 52 16 95 ]
[ 26 62 19 88 89 11 91 42 16 45 13 5 72 35 86 82 73 26 37 44 71 26 16 21 45 65 38 89 17 6 36 95 20 7 83 62 18 26 4 34 72 69 91 96 5 78 79 30 56 68 ]
[ 75 27 94 43 1 39 8 91 80 77 98 16 24 70 23 8 32 41 34 89 27 6 58 19 3 15 49 34 46 57 2 21 84 96 16 37 87 77 29 19 6 79 35 31 49 10 39 34 51 25 ]
[ 23 30 32 81 1 87 97 2 21 95 59 75 68 96 71 84 33 10 13 14 29 20 93 16 51 95 26 42 29 29 67 4 59 51 37 13 90 34 15 63 81 75 38 49 71 61 86 4 71 99 ]

Running insertion sort algorithm: 
