Timer (generate): 7ms real	0ms user	0ms sys
[ 77 9 16 25 21 3 82 22 95 89 6 66 96 37 89 13 67 29 69 31 28 59 20 9 98 65 17 34 74 24 0 3 33 68 29 6 71 63 81 18 4 87 84 0 76 25 66 43 55 35 ]
[ 26 83 46 46 44 96 11 61 82 37 37 82 41 70 50 70 76 22 85 57 92 89 44 77 42 20 2 8 16 57 43 42 92 41 89 36 37 52 49 20 90 86 2 31 56 5 53 85 79 38 ]
[ 94 71 27 39 48 69 11 3 77 27 12 72 70 5 13 11 93 51 63 43 71 53 29 25 36 38 30 89 75 61 27 69 33 55 8 33 76 72 36 54 51 49 78 73 6 92 84 99 43 0 ]
[ 42 66 53 24 43 90 14 74 31 89 35 59 58 20 66 19 54 42 91 42 48 94 43 79 68 49 71 52 49 66 4 43 32 10 19 75 0 33 1 83 22 89 42 33 61 60 52 67 55 95 ]
[ 10 55 89 53 34 9 55 5 62 56 23 18 99 55 28 19 83 80 4 36 64 79 77 6 12 39 19 16 6 74 11 68 81 52 22 16 62 29 73 76 85 97 94 84 4 23 55 39 3 12 ]
[ 76 67 91 53 26 3 44 97 19 51 71 82 19 52 86 93 20 48 22 94 76 59 43 71 96 47 46 3 87 1 15 15 21 6 68 47 61 65 44 80 68 67 14 39 71 1 33 92 1 7 ]
[ 38 78 67 81 1 15 28 99 18 67 0 34 82 21 40 3 20 2 68 16 34 36 35 1 75 59 2 60 51 55 20 41 85 39 22 86 54 2 37 72 70 90 58 4 63 99 7 84 53 27 ]
[ 52 39 63 40 40 91 99 94 3 2 50 75 43 35 14 17 74 20 71 11 93 93 53 3 98 17 2 5 1 7 33 5 47 48 45 87 91 44 34 47 46 84 22 41 71 89 58 97 9 30 ]
[ 61 54 23 14 58 73 31 12 31 84 20 16 90 19 64 87 58 8 84 92 7 82 76 29 24 0 18 34 97 80 16 58 34 92 73 44 65 4 57 96 89 29 12 31 48 29 70 6 89 54 ]
[ 99 96 89 27 77 13 27 48 99 77 28 16 87 14 60 60 59 25 17 68 74 58 97 86 41 45 15 11 51 56 18 2 52 7 30 30 72 9 78 71 38 58 39 26 72 99 38 83 77 55 ]
[ 51 51 65 48 37 6 93 5 18 97 61 88 99 66 95 81 48 67 91 26 38 29 36 30 55 60 81 94 44 58 1 95 9 67 96 99 25 89 4 95 38 17 83 38 83 78 19 31 45 62 ]
[ 9 36 44 97 18 51 58 99 45 2 58 99 49 67 18 45 66 43 87 22 39 25 92 74 15 75 53 87 59 50 49 20 38 45 18 8 97 76 8 42 30 18 93 79 37 11 25 56 55 12 ]
[ 78 46 89 70 20 5 98 25 44 9 28 45 29 66 91 99 27 88 75 35 30 5 53 76 37 90 87 62 46 94 26 77 92 67 99 65 72 97 90 68 6 18 14 88 37 5 87 64 93 15 ]
[ 51 75 20 56 51 57 46 39 71 45 85 49 22 78 17 73 43 41 71 85 10 29 56 24 17 45 29 5 61 22 72 12 97 92 68 1 2 66 40 25 63 77 75 37 7 44 11 2 85 34 ]
[ 88 95 63 96 19 81 93 0 38 54 74 10 18 72 54 38 25 8 4 65 86 20 94 61 57 2 57 20 4 42 54 44 38 18 92 9 51 85 10 41 39 36 3 57 60 9 95 85 70 52 ]
[ 2 56 24 97 69 33 99 26 54 55 68 8 0 58 78 92 68 29 78 30 22 69 18 77 79 79 87 26 64 57 78 67 65 54 64 34 88 15 12 42 70 32 2 22 91 81 67 11 62 97 ]
[ 93 37 18 11 14 97 90 53 24 55 62 54 74 27 9 38 13 49 5 25 91 27 58 45 50 1 26 69 12 41 18 5 78 36 68 92 86 59 98 10 66 60 16 40 88 25 30 53 74 35 ]
[ 79 17 62 89 63 64 90 41 85 2 82 3 59 12 92 27 57 78 38 55 40 4 15 56 96 55 34 26 9 60 61 40 30 24 29 45 40 71 86 26 25 21 29 84 33 73 63 90 3 2 ]
[ 45 95 58 13 52 55 68 38 81 29 50 95 69 80 71 50 77 11 21 64 37 46 85 19 82 70 44 98 61 48 52 58 43 10 23 47 17 44 37 51 73 88 46 43 20 17 93 98 80 67 ]
[ 14 70 13 51 89 48 21 85 46 34 33 98 45 29 60 68 76 78 12 66 29 38 54 27 33 26 96 78 76 76 45 90 46 11 41 87 59 63 73 57 49 58 55 94 87 67 63 16 45 27 ]

Running insertion sort algorithm: 
Timer (sort): 7800ms real	6770ms user	80ms sys
The output is sorted!
[ 66 5 44 94 30 11 60 17 28 17 19 87 6 27 55 19 98 33 16 12 18 23 43 74 49 48 28 22 69 13 5 35 18 2 29 0 13 41 17 41 11 36 28 17 15 36 88 13 21 5 ]
[ 33 12 94 35 2 24 3 33 67 21 8 38 1 72 0 16 51 81 6 13 33 21 34 0 29 80 7 26 15 58 20 1 23 66 36 25 43 39 10 10 13 70 0 66 42 1 83 94 82 41 ]
[ 64 85 48 91 60 30 21 80 10 14 7 52 60 32 46 19 37 18 66 28 4 34 61 74 2 0 51 26 7 34 26 71 19 27 14 31 9 88 11 19 2 19 24 15 3 22 34 92 40 0 ]
[ 11 4 29 1 9 16 7 81 15 30 20 17 63 97 8 19 58 10 14 2 54 6 89 6 53 9 88 34 3 97 75 14 1 56 67 62 25 26 95 40 57 15 9 20 64 17 91 22 27 57 ]
[ 20 41 52 24 2 68 25 27 30 40 36 25 43 28 56 39 96 15 41 13 34 52 19 16 62 76 16 90 3 32 3 24 25 55 0 28 23 77 55 6 17 43 31 12 24 39 51 72 54 45 ]
[ 56 2 59 85 87 9 81 24 41 20 1 61 50 50 56 19 4 26 16 12 40 48 30 26 1 20 58 18 64 25 45 20 80 4 57 19 13 38 43 7 10 97 68 60 47 24 32 3 2 48 ]
[ 34 15 30 3 7 32 52 67 0 52 42 48 49 28 59 10 37 61 52 52 48 15 74 21 2 80 18 93 6 8 52 41 23 34 44 83 18 48 2 18 0 96 18 1 25 30 11 62 91 15 ]
[ 53 76 15 66 38 3 80 36 17 21 94 5 17 82 14 24 16 49 68 11 8 29 24 47 48 40 7 0 34 42 41 39 18 56 57 9 11 37 45 29 10 39 86 79 73 0 3 41 49 23 ]
[ 49 11 8 42 42 12 29 10 53 31 88 20 34 91 36 14 26 13 42 83 87 49 0 60 29 38 7 3 82 11 0 31 22 61 25 16 73 7 26 26 38 67 98 24 10 86 38 36 0 32 ]
[ 38 83 18 13 51 1 86 11 50 7 35 64 30 27 1 4 1 20 63 7 41 16 2 15 27 90 31 34 10 90 57 0 25 75 65 29 28 51 40 30 59 27 94 41 6 47 45 8 68 61 ]
[ 27 25 21 36 17 0 31 7 14 33 15 63 86 30 77 3 35 20 22 0 71 55 12 5 20 94 83 80 33 43 2 60 20 23 48 38 23 31 97 38 17 12 53 3 95 82 58 30 3 32 ]
[ 18 8 11 39 61 42 84 18 5 16 31 0 75 2 91 0 78 29 99 53 22 6 43 49 20 29 6 2 26 41 19 44 1 31 36 62 25 72 81 30 40 64 30 16 18 73 16 96 3 67 ]
[ 1 83 15 60 36 45 52 21 45 24 17 31 14 28 40 27 77 42 15 48 2 64 17 9 92 11 32 23 58 2 66 11 37 33 71 73 79 23 47 24 47 16 7 13 44 47 41 21 41 56 ]
[ 3 38 6 98 3 54 41 53 72 8 87 34 94 6 44 70 43 25 63 40 49 22 15 5 3 4 63 57 81 23 79 36 13 37 34 17 43 28 22 16 88 10 2 82 16 46 4 11 23 20 ]
[ 16 24 0 37 36 32 65 92 59 59 4 10 61 21 26 1 5 55 2 47 46 21 41 93 56 9 94 29 71 47 15 87 72 16 76 8 0 42 52 12 1 8 22 62 30 48 15 87 3 17 ]
[ 85 44 29 9 15 45 46 26 97 2 55 1 81 21 13 7 15 28 13 4 34 20 63 35 51 65 78 49 1 55 90 39 51 71 0 18 68 47 44 18 1 51 19 34 72 32 41 39 12 6 ]
[ 84 33 28 13 33 4 28 46 7 33 68 53 78 61 40 49 40 22 1 62 8 33 23 2 12 86 26 27 64 15 86 48 48 15 61 34 19 41 32 79 74 0 32 4 13 24 53 54 46 7 ]
[ 53 59 39 24 39 33 49 40 0 11 48 4 51 20 32 91 23 78 1 1 24 57 80 48 40 89 9 10 20 8 25 25 67 16 1 58 49 2 99 1 66 47 6 17 19 90 60 42 69 13 ]
[ 19 6 28 39 67 93 61 34 14 75 1 69 45 1 16 1 92 30 37 63 72 70 12 74 0 42 14 26 42 2 44 13 8 25 52 27 18 65 61 84 41 14 54 38 15 22 39 8 4 76 ]
[ 12 99 84 30 42 72 18 48 23 55 33 50 16 94 60 14 17 10 6 48 48 2 18 45 50 41 70 16 36 63 1 0 62 37 30 4 10 48 52 85 4 38 35 20 32 47 86 1 10 44 ]

Timer (generate): 8ms real	0ms user	0ms sys
[ 17 85 14 85 71 25 92 68 77 55 93 48 92 1 19 44 26 71 93 27 83 34 81 35 43 28 90 74 64 73 22 82 58 88 19 82 65 12 50 94 19 95 42 11 96 13 55 74 84 0 ]
[ 54 20 87 87 7 30 15 49 5 31 22 27 65 33 67 37 15 32 1 17 27 20 12 69 31 60 35 38 35 71 39 89 43 26 76 2 56 43 52 13 74 26 40 92 59 59 29 74 92 30 ]
[ 43 19 50 55 40 33 16 75 71 51 99 10 92 42 88 68 45 45 63 49 10 89 75 3 81 35 62 62 61 54 92 5 73 94 12 66 79 28 93 3 31 92 65 23 87 54 43 84 51 6 ]
[ 33 61 48 8 64 81 95 27 44 57 81 88 14 7 35 26 25 14 7 18 17 38 63 35 62 50 89 57 34 92 16 19 53 64 79 70 45 75 97 41 84 30 30 50 89 65 76 14 31 83 ]
[ 85 1 74 48 36 88 98 25 45 84 17 13 3 22 29 34 92 75 9 41 68 45 72 98 95 13 63 24 28 47 7 13 48 33 13 84 21 11 61 67 47 30 32 2 52 62 36 97 89 98 ]
[ 38 57 43 62 56 39 76 71 63 56 18 22 21 18 56 34 2 29 97 15 48 44 45 81 98 50 43 34 47 32 32 85 41 28 0 49 19 76 21 34 32 91 56 53 62 64 39 64 46 36 ]
[ 80 94 80 77 27 30 27 70 64 74 54 49 12 48 29 12 97 48 88 70 82 72 62 90 77 24 7 16 40 53 52 72 99 84 50 27 14 29 49 30 4 4 31 68 4 60 80 1 60 20 ]
[ 72 94 44 86 85 73 62 44 89 2 49 93 27 48 29 29 27 43 58 77 25 14 33 9 82 37 21 14 38 82 86 62 76 30 48 13 3 10 57 44 65 6 37 44 7 66 73 34 61 31 ]
[ 11 39 98 96 48 32 33 69 99 24 3 85 86 80 68 35 45 23 97 3 68 62 61 57 6 68 76 31 55 89 15 18 28 13 15 28 97 48 98 96 24 53 82 11 33 50 46 31 25 43 ]
[ 34 93 58 47 3 16 68 79 48 75 20 63 93 49 28 8 77 25 9 27 22 33 81 4 44 66 6 42 49 31 38 35 77 96 83 80 64 3 11 12 78 31 27 71 32 55 32 62 33 41 ]
[ 41 55 26 74 11 23 93 69 65 42 52 3 78 29 51 61 61 16 16 24 80 94 8 8 65 92 15 49 54 48 90 96 3 69 22 66 92 15 35 57 58 88 13 88 69 16 1 83 32 17 ]
[ 7 65 11 15 73 28 60 40 78 14 89 20 62 44 89 85 11 81 52 98 91 62 86 4 50 8 20 51 91 5 68 98 70 31 66 95 60 26 87 90 92 28 10 7 73 52 44 36 33 96 ]
[ 34 76 59 73 80 9 81 53 61 24 10 81 22 32 13 40 79 73 18 66 15 63 95 25 70 20 77 14 56 63 10 42 39 21 15 72 31 48 77 44 72 39 25 47 71 90 39 2 15 10 ]
[ 20 30 73 67 8 95 87 85 9 95 0 71 38 92 45 5 16 76 54 93 72 78 84 49 25 55 40 17 9 55 27 29 38 52 97 46 47 84 83 8 32 84 79 70 76 76 27 44 4 33 ]
[ 37 76 12 21 78 89 28 18 58 37 25 85 18 15 37 15 61 36 52 45 44 84 81 76 6 9 52 85 53 57 19 42 85 83 63 63 24 43 33 83 32 11 68 50 26 58 18 88 46 70 ]
[ 85 91 6 66 19 64 75 71 49 28 80 20 70 66 3 85 29 28 28 63 11 12 74 31 62 52 41 80 40 88 2 25 31 60 91 50 76 18 21 78 98 54 98 68 20 54 5 1 34 85 ]
[ 16 97 97 42 80 12 95 22 44 35 62 47 13 93 59 56 43 88 75 16 66 25 70 16 94 42 70 99 44 56 37 60 53 34 55 34 46 50 8 91 37 70 90 2 63 1 59 58 89 86 ]
[ 74 55 11 97 24 57 39 46 9 35 3 46 48 8 32 3 42 79 53 50 22 42 72 64 45 35 65 56 45 55 42 72 62 5 69 38 15 60 85 24 48 40 22 96 48 54 99 91 85 4 ]
[ 93 7 46 66 71 43 53 89 99 51 96 93 23 10 51 44 49 66 4 34 90 52 26 12 48 74 18 99 17 4 3 11 63 2 29 35 97 34 76 97 85 72 90 60 82 41 4 83 59 9 ]
[ 69 49 13 95 13 14 70 84 13 87 88 69 50 51 23 31 38 20 18 14 69 55 38 12 16 21 53 20 56 13 81 26 14 47 21 80 13 43 64 26 83 52 47 33 55 22 17 94 95 35 ]

Running insertion sort algorithm: 
Timer (sort): 7986ms real	4840ms user	0ms sys
The output is sorted!
[ 25 14 1 32 17 20 27 67 58 29 66 17 40 0 34 4 11 11 15 60 71 40 21 21 12 12 20 2 58 30 17 35 96 18 67 14 91 94 33 1 23 51 18 16 4 4 20 15 15 35 ]
[ 23 20 47 72 71 25 14 15 48 8 24 14 55 40 67 23 18 16 63 73 41 96 21 25 0 44 22 20 32 41 7 8 13 6 80 37 32 47 52 80 7 28 46 14 21 14 38 39 30 53 ]
[ 1 54 41 73 1 23 9 16 31 76 15 3 53 39 74 13 8 25 68 3 14 40 69 36 13 21 46 75 25 10 17 78 64 10 51 17 34 60 85 65 36 0 20 42 40 46 7 0 23 76 ]
[ 15 39 44 52 19 84 5 69 1 34 88 27 25 45 14 24 73 3 13 91 13 30 1 9 25 12 29 68 50 30 26 18 22 23 70 41 7 76 62 9 62 50 36 87 47 2 12 20 6 77 ]
[ 69 40 64 20 31 19 22 55 29 39 1 17 7 61 8 20 61 13 41 42 61 75 80 88 17 9 59 66 19 26 14 40 18 30 12 1 1 86 9 31 25 10 0 33 71 60 5 85 74 46 ]
[ 19 14 70 5 45 59 19 24 95 11 32 46 9 97 30 73 35 39 66 8 24 3 67 44 41 7 13 62 44 19 9 15 86 31 21 31 90 40 7 37 3 91 36 13 41 66 38 28 5 5 ]
[ 5 6 12 45 21 73 99 29 9 84 40 34 32 2 46 27 30 26 10 29 4 68 57 34 2 61 63 16 24 25 28 29 31 92 27 5 17 26 86 78 10 26 12 94 80 10 21 11 37 83 ]
[ 45 46 82 32 61 67 79 34 12 1 46 2 11 49 98 38 41 80 83 65 28 62 3 74 18 45 30 2 59 58 3 4 5 38 89 18 5 20 4 17 22 3 71 33 52 22 23 45 2 6 ]
[ 60 22 84 2 42 16 12 65 37 53 9 56 83 8 10 37 60 59 2 17 79 9 11 83 8 19 3 88 49 44 50 61 66 34 15 61 2 80 26 39 33 35 48 16 43 10 5 56 22 7 ]
[ 67 80 27 24 2 40 18 4 89 27 2 60 13 0 9 49 41 78 34 63 44 10 80 0 18 6 40 50 61 76 2 80 8 29 4 63 22 75 67 63 2 22 23 67 22 33 17 64 11 51 ]
[ 96 96 1 18 43 27 20 5 50 26 59 0 28 2 4 20 71 92 27 16 47 64 53 25 18 55 0 18 89 59 29 85 7 30 55 50 58 28 7 60 6 67 60 35 21 16 7 44 9 34 ]
[ 8 33 62 5 27 46 0 1 23 50 16 60 10 74 3 61 33 16 2 38 38 30 66 43 95 10 44 20 39 59 9 99 44 71 57 71 69 57 25 92 60 41 4 22 15 7 35 0 23 38 ]
[ 18 90 48 33 29 26 7 63 35 8 54 0 46 15 36 16 54 17 39 79 15 38 82 38 30 14 66 17 55 33 10 26 75 11 11 5 89 18 20 25 79 26 77 25 41 13 41 47 82 32 ]
[ 32 40 19 32 72 1 11 27 98 37 93 42 58 3 48 5 32 26 42 85 36 40 18 52 46 43 57 5 84 38 86 16 79 58 1 3 11 12 30 9 49 24 4 59 27 52 65 11 30 7 ]
[ 24 53 7 22 72 43 4 12 80 63 82 4 17 51 31 0 26 35 33 44 15 16 13 86 19 29 1 25 88 14 44 13 19 3 87 43 47 92 56 79 7 38 83 25 41 66 25 67 1 11 ]
[ 76 6 6 24 76 22 83 37 94 10 2 27 7 10 93 16 63 28 52 31 8 6 18 31 21 5 50 44 0 53 57 28 11 15 52 88 37 35 77 31 98 80 10 5 42 4 21 57 84 25 ]
[ 67 94 38 22 62 16 23 6 20 97 49 2 51 37 31 89 43 94 17 13 25 5 56 11 68 82 12 54 89 6 47 9 0 37 31 63 53 54 21 26 4 70 28 55 7 11 44 3 5 13 ]
[ 11 33 12 60 43 18 86 40 30 74 0 24 12 15 52 95 51 21 31 0 45 42 57 42 59 51 57 28 18 23 19 29 57 31 41 52 2 79 44 84 53 45 8 17 12 12 12 15 33 96 ]
[ 31 49 52 25 15 96 1 38 2 78 62 12 42 13 32 76 10 55 30 98 45 19 40 23 34 29 7 30 28 19 8 59 69 12 36 36 9 38 74 11 68 88 75 62 1 7 38 12 62 20 ]
[ 25 32 8 70 6 15 54 48 50 49 6 30 30 3 20 9 7 6 85 28 13 17 69 94 11 40 63 5 73 18 46 51 2 54 73 8 69 28 9 71 77 15 2 59 70 74 20 29 81 58 ]

Timer (generate): 10ms real	10ms user	0ms sys
[ 14 67 27 19 36 90 50 10 95 30 93 75 58 99 54 15 40 14 85 38 71 26 47 52 41 29 23 86 39 66 26 5 85 6 24 73 96 26 84 43 56 29 18 67 80 73 34 73 39 19 ]
[ 11 62 97 58 14 39 88 37 77 79 56 3 85 93 61 61 67 58 88 3 1 96 32 72 63 64 45 97 37 36 68 48 98 66 59 12 5 99 1 82 78 9 37 15 3 99 29 70 57 69 ]
[ 25 10 65 9 82 29 73 79 78 11 67 47 11 65 13 70 29 18 69 31 52 0 40 89 67 95 40 96 17 49 65 42 12 31 51 94 12 25 26 90 88 93 37 99 11 2 70 40 72 91 ]
[ 23 24 91 16 66 11 11 6 7 29 8 25 71 20 8 75 66 20 0 92 62 88 38 52 39 49 54 61 41 27 53 65 3 96 33 69 7 96 28 67 25 36 92 49 8 0 24 74 72 76 ]
[ 67 34 16 57 38 7 58 93 69 99 20 22 16 75 18 1 45 78 98 25 45 23 13 89 24 21 41 0 95 13 28 14 99 96 23 38 4 81 83 73 33 55 47 49 30 65 51 27 95 1 ]
[ 52 92 24 17 81 1 90 22 1 38 87 30 4 39 26 28 77 30 61 60 55 94 15 2 96 97 20 99 25 15 0 29 8 76 47 41 77 89 64 79 27 3 61 32 42 39 12 19 22 73 ]
[ 31 77 20 98 32 16 96 52 67 73 19 67 2 79 43 1 21 73 91 37 4 70 40 65 54 83 56 66 54 78 92 38 8 12 88 40 80 84 44 47 9 63 66 12 43 61 13 16 34 56 ]
[ 53 38 27 93 55 81 28 12 0 83 42 44 73 50 56 61 42 88 46 86 87 55 2 5 19 45 66 85 61 53 41 66 43 20 59 99 54 40 63 54 23 5 98 96 8 6 57 2 46 55 ]
[ 89 33 63 91 90 34 88 56 19 1 61 13 67 5 33 78 56 87 18 19 93 93 76 43 41 36 1 99 39 47 6 80 32 21 71 22 56 11 31 75 12 92 40 31 97 74 9 53 13 80 ]
[ 24 7 73 53 2 15 89 4 66 80 51 24 60 36 98 83 58 54 94 89 81 58 82 22 89 31 48 51 37 61 83 61 20 8 14 23 75 56 27 93 88 30 18 49 66 16 32 77 22 79 ]
[ 18 3 37 52 77 79 84 25 82 21 39 65 34 59 25 1 34 1 9 13 94 97 44 12 46 62 80 31 91 2 62 10 58 51 14 87 82 98 65 64 71 4 81 58 15 7 59 50 60 68 ]
[ 63 54 65 7 19 64 22 99 47 13 54 9 75 64 12 90 3 95 40 68 11 64 72 93 22 88 52 81 90 12 1 53 18 18 13 37 34 35 89 33 0 95 94 28 11 7 70 14 2 10 ]
[ 83 13 74 7 58 96 47 62 29 37 26 82 91 45 53 56 82 87 43 71 21 43 18 15 23 29 22 93 44 76 4 79 42 30 86 52 79 86 15 60 23 41 43 66 86 96 22 21 35 65 ]
[ 44 56 61 63 24 84 92 98 78 36 75 34 67 17 64 54 69 95 92 36 56 15 78 51 82 16 47 4 37 34 22 82 91 83 45 67 67 89 65 97 78 40 31 45 9 48 51 31 43 43 ]
[ 67 99 11 97 50 93 14 49 49 3 84 71 85 27 6 82 94 74 24 11 71 2 52 55 47 13 3 51 44 98 94 64 98 5 61 0 50 27 50 52 31 86 75 68 65 82 3 11 56 27 ]
[ 22 79 29 26 86 28 40 41 79 36 40 26 0 38 83 62 90 86 89 40 38 72 78 13 41 43 95 44 54 3 71 29 35 52 55 21 80 95 15 12 84 55 90 84 45 25 98 35 11 40 ]
[ 28 1 12 6 15 53 2 62 97 8 18 20 37 5 72 93 78 53 40 93 17 24 48 7 61 93 32 59 81 44 99 9 97 12 67 64 17 69 79 15 78 97 35 15 2 60 60 80 13 53 ]
[ 26 30 29 74 89 90 20 21 2 1 17 1 62 15 65 29 79 83 99 58 50 29 7 37 96 61 97 9 94 62 62 20 44 91 46 33 34 18 7 36 71 24 89 33 91 7 63 23 42 14 ]
[ 33 44 95 41 81 91 54 31 0 48 93 14 20 90 58 67 23 92 85 82 80 57 59 21 42 50 28 5 25 22 71 59 66 66 52 48 10 6 31 62 7 76 77 27 66 35 46 42 79 84 ]
[ 24 11 93 83 32 35 86 13 93 11 35 16 22 2 83 26 2 45 85 33 7 44 9 84 71 28 71 70 70 2 6 46 13 99 82 46 86 68 11 31 31 46 48 6 0 83 32 54 28 69 ]

Running insertion sort algorithm: 
Timer (sort): 8165ms real	4710ms user	0ms sys
The output is sorted!
[ 83 52 3 19 93 60 0 21 34 8 21 37 24 17 23 0 23 90 10 14 46 88 84 50 60 16 18 6 13 55 8 49 7 12 68 52 24 20 26 10 28 47 47 4 64 23 57 40 13 67 ]
[ 48 0 52 4 74 92 21 14 4 10 37 42 54 12 44 13 2 90 54 56 42 89 51 34 34 75 31 26 59 58 78 7 10 30 63 36 22 85 2 26 47 40 20 2 4 16 15 6 7 22 ]
[ 13 99 27 51 14 77 79 9 62 35 13 18 32 58 94 1 54 26 33 30 0 25 94 65 40 12 8 8 7 11 2 21 62 81 72 76 10 3 37 73 38 2 43 22 61 37 23 15 15 8 ]
[ 27 43 4 56 89 61 9 29 1 46 75 33 6 17 82 49 43 22 84 9 64 7 15 68 0 2 8 86 34 14 3 13 9 7 21 98 20 30 79 22 29 54 7 35 72 89 84 15 11 20 ]
[ 18 46 22 93 57 91 43 13 0 92 63 73 7 60 31 2 29 38 48 37 6 6 2 74 16 59 31 87 56 3 41 27 2 15 20 11 6 64 24 59 8 39 32 15 52 15 18 81 54 18 ]
[ 2 78 53 5 10 23 9 18 89 41 6 20 32 87 12 62 42 22 48 55 76 39 40 0 69 17 28 58 40 2 85 94 33 38 0 43 14 61 13 3 2 19 76 86 7 88 0 1 11 48 ]
[ 24 47 0 28 10 42 41 42 74 15 38 13 34 55 55 21 17 32 51 41 9 3 7 23 44 48 57 10 40 50 17 64 50 70 44 60 64 86 2 90 53 40 3 87 47 10 8 16 43 12 ]
[ 85 28 10 46 23 23 12 54 84 5 23 17 35 41 77 34 2 81 15 29 25 24 45 52 14 50 30 1 66 94 59 3 22 21 50 97 44 14 3 29 20 26 98 7 19 76 41 21 57 9 ]
[ 36 3 22 55 11 32 28 20 32 32 1 15 26 2 3 11 35 51 53 54 62 88 84 70 18 57 5 28 78 43 97 66 46 72 21 9 4 1 29 89 33 82 4 11 84 7 23 72 10 28 ]
[ 14 62 29 24 74 3 33 72 52 73 36 62 60 17 21 75 83 36 2 77 26 50 17 1 21 55 36 51 22 7 2 36 22 31 13 48 87 98 20 39 23 56 1 83 26 23 11 9 11 13 ]
[ 21 2 34 3 11 68 43 64 9 44 8 5 20 6 68 51 60 78 23 49 9 94 3 20 59 19 9 58 80 48 51 1 2 85 4 13 54 0 78 15 96 38 20 16 44 88 19 57 66 42 ]
[ 30 61 6 31 13 4 60 72 26 65 25 41 30 53 68 7 13 22 20 4 25 5 17 29 71 40 51 5 97 74 22 28 36 28 59 1 33 71 73 11 89 51 5 19 4 25 78 17 47 98 ]
[ 4 50 75 88 72 25 50 25 27 55 55 17 5 17 54 12 3 51 80 45 95 19 83 36 6 6 51 35 12 10 62 16 12 38 4 36 63 6 62 90 14 17 60 19 34 14 32 89 18 12 ]
[ 10 36 29 9 26 52 12 75 13 34 35 15 15 14 21 34 28 3 23 30 66 71 5 20 56 48 7 51 78 12 78 40 48 7 49 26 11 14 2 76 48 89 92 63 3 65 49 83 68 25 ]
[ 60 55 79 19 18 7 43 16 98 30 52 6 17 66 24 12 34 79 7 2 21 17 6 55 45 48 55 20 23 61 69 35 68 0 6 86 8 50 54 6 32 6 12 49 72 88 13 58 67 21 ]
[ 13 28 30 26 2 37 26 23 13 91 2 0 87 77 32 7 2 15 95 33 21 36 57 6 44 37 95 67 63 47 42 28 76 72 7 30 62 33 5 27 76 59 28 15 37 12 23 91 27 18 ]
[ 58 2 55 78 37 99 72 35 0 49 78 32 21 39 22 39 3 35 77 54 19 18 13 4 44 4 30 1 47 67 9 58 22 17 36 59 68 60 46 68 10 76 0 31 16 74 22 19 9 51 ]
[ 15 67 71 2 14 22 2 76 21 16 12 2 17 5 50 1 72 14 66 29 14 5 18 83 15 38 56 49 64 35 41 31 55 64 33 69 38 88 45 59 4 9 14 73 66 16 74 38 30 92 ]
[ 84 24 10 88 36 19 55 0 11 97 66 39 50 51 84 7 2 41 98 36 10 22 51 4 60 19 49 63 29 14 46 13 38 8 1 26 27 9 79 38 58 45 29 8 48 13 68 2 55 66 ]
[ 31 7 89 38 68 54 97 36 27 71 22 28 7 36 17 18 60 1 32 93 72 7 24 30 47 9 1 25 4 2 29 88 9 71 26 78 25 23 66 4 47 41 32 54 77 1 25 89 54 9 ]

Timer (generate): 8ms real	0ms user	0ms sys
[ 31 53 32 78 50 48 0 20 1 39 49 23 88 70 44 63 48 17 93 87 33 48 55 72 65 86 29 57 82 29 66 13 34 50 92 36 99 44 57 0 35 58 23 75 28 20 38 28 37 83 ]
[ 67 70 84 22 94 1 61 23 58 43 52 76 9 38 27 1 75 26 97 84 78 84 42 54 59 22 74 49 3 63 84 70 85 68 93 79 69 54 54 80 49 59 56 58 97 83 11 72 61 8 ]
[ 56 40 92 50 94 3 73 20 52 28 35 37 98 72 57 43 3 79 97 57 59 47 16 67 5 66 3 69 38 64 77 47 56 22 97 2 77 22 74 30 50 9 19 49 81 76 92 84 55 42 ]
[ 94 66 41 62 34 98 28 89 67 67 5 97 66 62 71 63 16 48 38 91 30 40 52 49 41 86 26 86 22 33 28 16 0 21 79 34 71 7 75 91 26 80 88 92 42 11 8 11 11 98 ]
[ 2 42 38 6 91 80 92 69 66 15 3 46 31 3 19 62 89 90 22 64 81 48 96 21 93 39 84 53 2 96 51 4 38 41 10 81 21 55 51 39 70 6 37 53 61 56 16 2 99 38 ]
[ 18 32 38 14 6 83 5 90 36 7 38 87 11 76 29 74 10 2 29 13 94 51 71 31 4 32 40 72 34 91 62 52 75 53 66 33 36 72 24 73 79 14 12 43 43 93 69 53 48 50 ]
[ 18 42 1 89 25 57 21 17 30 7 8 44 59 84 97 77 69 34 1 93 59 33 60 23 28 3 69 97 56 17 47 74 11 0 15 36 57 36 54 39 43 14 84 54 50 81 83 20 67 85 ]
[ 65 78 70 25 2 98 28 23 95 36 40 94 62 3 46 77 39 3 65 45 43 8 12 79 14 62 12 98 34 32 35 0 10 5 77 64 3 58 87 50 94 79 96 57 82 42 86 74 97 52 ]
[ 71 92 12 83 71 27 98 36 77 32 68 12 84 30 69 62 95 24 72 34 26 66 66 22 75 48 16 62 74 13 66 98 6 78 33 29 57 31 65 34 16 33 98 52 64 67 66 11 91 38 ]
[ 45 17 5 11 91 32 12 7 46 38 21 12 36 79 91 70 8 0 53 74 35 21 7 33 74 23 53 40 86 44 31 32 14 88 95 57 20 59 65 19 98 38 31 86 17 74 56 25 75 10 ]
[ 99 62 31 59 95 57 34 48 50 21 45 81 5 11 69 52 68 41 12 85 60 62 23 44 48 40 18 57 18 45 19 69 7 2 80 55 60 15 55 10 88 52 43 93 15 12 45 36 5 9 ]
[ 21 18 23 97 62 72 89 32 29 7 78 48 77 37 50 57 92 62 24 0 24 12 52 67 57 68 31 55 4 37 64 77 55 88 74 69 12 64 1 93 71 31 93 0 69 95 10 13 58 86 ]
[ 65 82 99 18 50 8 38 33 63 94 70 80 71 77 20 98 46 32 62 0 25 85 31 70 86 52 65 48 18 75 34 83 58 85 53 60 94 43 93 57 37 16 37 61 45 57 59 44 41 73 ]
[ 96 18 58 27 88 44 32 6 44 2 81 79 37 91 64 91 51 58 86 97 68 76 65 57 37 62 67 48 6 8 21 2 79 79 82 67 76 66 25 20 68 7 51 5 98 16 48 2 26 87 ]
[ 51 94 63 68 52 52 30 19 0 89 79 73 43 58 4 25 78 80 43 3 53 63 10 4 21 61 72 69 63 99 56 14 45 71 82 97 23 64 16 23 53 48 96 97 6 1 74 84 33 18 ]
[ 88 38 33 50 95 54 11 67 24 74 18 32 40 64 4 74 13 27 39 82 3 92 30 51 89 36 4 16 73 90 34 13 28 19 63 23 74 75 43 50 1 13 82 94 77 38 68 91 18 7 ]
[ 73 73 0 3 24 41 91 81 57 64 71 43 77 99 63 93 75 37 20 70 87 73 83 21 67 61 12 36 4 82 43 29 55 95 84 31 37 75 12 46 92 83 90 21 35 5 14 62 42 34 ]
[ 32 81 8 15 54 27 28 66 63 32 0 59 13 55 6 97 39 43 25 51 90 17 87 32 90 74 37 5 36 31 91 68 12 51 83 66 79 64 85 94 96 85 5 62 93 12 59 32 7 84 ]
[ 35 97 53 74 81 44 48 18 1 84 49 44 4 61 96 40 80 27 4 17 73 52 54 79 14 47 43 74 31 50 10 19 48 64 93 81 60 94 0 13 30 49 57 35 63 5 75 95 32 79 ]
[ 64 58 83 18 89 98 18 32 72 1 82 34 20 82 98 66 64 10 12 16 23 42 65 33 77 80 38 4 27 23 35 91 81 19 10 70 17 80 2 41 81 36 75 2 19 26 20 83 88 32 ]

Running insertion sort algorithm: 
Timer (sort): 8622ms real	5030ms user	0ms sys
The output is sorted!
[ 66 10 38 60 39 50 36 24 16 42 55 23 14 21 57 34 85 87 4 6 0 59 84 15 43 16 29 15 87 2 63 54 12 2 14 3 4 2 27 73 44 83 48 10 4 5 97 42 44 1 ]
[ 47 58 11 65 28 74 27 29 57 6 11 14 72 38 7 46 5 28 2 3 16 0 6 63 31 52 76 55 7 70 13 55 80 76 20 8 2 0 89 59 58 1 26 30 39 33 29 96 13 31 ]
[ 37 12 19 79 16 13 1 44 29 29 81 8 66 96 37 68 45 36 6 44 19 43 20 5 19 20 9 81 35 50 45 73 14 16 4 31 30 5 27 59 86 9 67 53 57 56 21 2 44 27 ]
[ 5 94 48 45 21 59 43 94 93 21 12 2 15 9 49 83 13 54 17 76 23 31 70 68 26 1 32 25 14 48 61 71 42 9 17 15 20 12 61 14 33 25 16 49 34 17 84 0 23 2 ]
[ 94 4 19 2 30 84 11 48 39 51 5 18 36 85 39 15 96 32 26 42 31 5 28 38 26 41 93 78 10 30 50 56 35 21 10 17 6 74 65 45 25 23 15 13 8 54 28 57 38 6 ]
[ 24 40 8 27 24 0 18 89 20 62 54 74 20 7 46 7 81 21 47 14 15 86 63 31 58 25 87 56 10 5 72 34 46 80 13 22 32 31 11 52 46 18 26 18 25 25 25 7 46 72 ]
[ 9 45 28 61 80 2 59 0 37 6 21 38 45 11 90 36 92 56 5 20 53 13 60 1 34 2 14 7 0 61 84 9 6 12 23 38 66 34 90 55 40 64 45 38 75 36 26 19 44 31 ]
[ 4 81 88 4 33 11 0 3 9 70 78 36 20 95 85 34 86 75 52 2 8 47 75 14 11 67 37 25 4 33 14 9 14 2 13 48 13 65 3 23 35 81 11 56 28 48 42 14 24 95 ]
[ 18 89 44 32 23 57 87 9 49 17 18 40 35 15 57 14 84 20 54 18 14 23 9 73 53 20 11 38 65 8 63 36 97 7 68 20 17 7 82 66 25 0 58 12 67 15 26 4 35 32 ]
[ 68 39 15 4 51 25 40 24 1 9 60 79 28 19 5 36 17 77 30 64 96 82 24 37 99 71 26 5 78 34 18 46 25 34 2 76 11 43 0 65 4 12 44 84 31 1 20 0 79 2 ]
[ 8 4 98 72 33 4 93 62 28 49 13 46 79 64 51 79 4 22 10 22 10 29 36 7 31 56 3 11 18 15 15 26 19 14 50 5 18 43 67 46 45 81 44 76 45 47 56 1 21 66 ]
[ 5 67 34 85 9 96 55 3 68 16 52 43 47 3 63 16 63 31 45 8 57 22 3 19 12 16 31 64 5 23 57 10 42 43 47 51 40 3 6 60 71 58 55 18 61 18 35 76 2 32 ]
[ 44 11 29 11 5 84 31 48 89 48 18 58 12 42 67 1 7 99 70 74 11 88 9 26 21 58 54 31 95 4 18 39 15 0 3 20 36 34 20 25 83 38 36 47 33 3 48 40 2 70 ]
[ 7 76 99 41 34 71 98 39 20 2 8 73 45 30 1 71 19 15 6 67 62 4 84 91 6 37 5 1 53 60 18 12 36 69 54 23 40 4 14 12 58 22 85 4 4 39 27 23 54 33 ]
[ 81 25 93 29 20 0 87 19 75 30 15 27 98 34 19 10 10 44 0 1 12 45 56 41 36 78 68 49 68 33 7 50 59 1 31 31 53 19 2 81 1 69 8 52 3 28 62 65 24 14 ]
[ 60 36 63 67 16 4 73 17 41 22 15 31 64 7 78 22 47 51 3 46 91 2 26 74 7 27 29 46 74 14 83 34 3 46 54 19 2 27 88 44 1 3 75 18 11 5 40 10 56 95 ]
[ 65 17 55 58 11 9 34 77 25 60 86 40 36 31 75 59 67 8 8 30 41 24 48 33 51 46 16 9 92 23 8 9 92 63 67 4 25 1 81 2 13 19 42 2 2 70 13 69 30 22 ]
[ 52 51 62 26 6 43 1 95 18 11 0 79 1 25 2 7 11 49 14 58 50 0 76 93 21 51 70 26 49 8 2 1 11 65 79 70 8 80 65 78 91 17 10 45 42 64 52 5 13 18 ]
[ 21 43 19 0 60 86 4 8 41 8 8 48 5 77 45 45 9 93 26 65 37 32 36 11 44 77 72 54 32 50 10 53 93 82 5 5 20 10 66 61 18 74 62 23 51 7 20 12 0 47 ]
[ 19 37 64 2 39 27 12 5 30 48 55 42 57 20 21 48 64 18 26 65 68 13 19 95 33 7 26 0 2 20 14 73 57 30 28 49 57 40 6 39 40 61 81 97 33 3 45 49 73 24 ]

Timer (generate): 8ms real	10ms user	0ms sys
[ 9 84 54 19 95 46 72 35 30 34 1 13 72 67 80 45 72 90 4 25 39 22 85 24 1 95 94 21 71 94 90 32 79 44 51 74 43 75 62 25 61 15 38 33 34 19 30 6 9 35 ]
[ 31 48 57 16 25 10 63 71 31 34 66 21 19 97 18 70 71 13 98 85 38 59 52 77 93 86 48 23 93 9 10 24 9 19 93 34 29 56 58 13 43 24 34 62 21 4 84 44 17 34 ]
[ 82 8 94 34 37 39 73 85 14 66 46 25 42 55 96 87 42 78 44 0 91 39 76 77 53 49 34 89 45 51 24 27 59 70 14 48 9 87 33 23 5 79 0 47 87 49 35 29 79 31 ]
[ 81 70 22 57 99 27 58 33 16 3 37 92 31 48 62 97 97 23 84 82 47 89 14 99 88 1 48 75 82 27 6 63 49 80 72 1 7 30 86 76 33 75 68 16 24 31 13 73 6 97 ]
[ 7 53 38 21 5 27 74 5 54 56 85 13 71 86 93 95 87 1 25 26 29 11 1 97 27 77 80 93 2 87 42 10 92 33 31 97 60 6 55 66 14 40 79 86 26 73 81 66 26 59 ]
[ 44 55 22 97 4 1 75 85 94 29 24 37 39 16 70 23 66 82 81 21 48 47 13 28 85 91 53 19 57 31 78 1 86 0 99 90 1 26 27 48 55 51 85 47 20 7 22 38 41 3 ]
[ 11 41 50 24 21 36 67 74 55 25 5 85 78 43 37 29 86 90 7 65 38 15 17 75 14 89 34 36 79 75 91 90 69 93 66 90 29 33 17 36 10 74 73 41 18 10 22 4 53 30 ]
[ 69 91 97 38 67 11 79 53 99 58 29 90 0 50 83 66 40 65 52 57 53 14 32 27 55 2 89 30 58 42 60 79 86 9 70 5 72 49 58 71 60 39 61 60 89 96 79 30 61 83 ]
[ 39 15 97 23 94 5 25 35 35 35 30 47 15 16 56 85 73 80 86 31 51 46 23 64 59 12 60 90 94 22 25 86 89 74 9 35 79 87 70 14 22 52 13 37 20 21 74 93 1 61 ]
[ 77 4 59 0 68 70 12 29 60 59 3 37 45 44 12 6 79 91 93 1 58 16 6 23 5 26 45 80 20 98 93 97 3 52 49 71 23 13 52 35 72 55 73 69 51 37 76 82 28 21 ]
[ 84 38 89 42 62 95 68 59 27 40 57 20 89 60 24 38 84 47 52 36 35 76 44 60 98 95 97 74 30 77 47 14 16 37 8 30 84 76 41 63 17 98 35 6 11 59 97 95 59 1 ]
[ 83 94 77 79 54 75 27 51 1 57 28 49 23 96 38 31 78 74 7 19 37 76 70 24 35 81 83 84 28 42 85 63 36 62 43 42 90 70 93 43 79 74 44 2 70 34 33 1 8 92 ]
[ 20 97 21 90 21 56 23 5 40 3 99 77 19 88 91 14 30 81 36 24 77 15 50 21 17 72 56 2 73 64 94 46 14 67 36 35 75 12 92 67 67 92 44 86 80 36 0 10 69 36 ]
[ 86 46 3 88 68 20 61 24 74 34 40 21 80 54 88 69 42 64 33 34 31 52 78 76 39 10 64 91 73 33 80 59 80 35 0 0 56 61 24 82 47 16 3 28 23 92 49 17 8 34 ]
[ 3 91 86 82 19 77 44 83 21 17 17 1 29 49 88 29 49 44 90 25 79 37 93 82 17 16 26 18 85 86 52 89 78 39 23 97 16 67 33 37 85 2 90 14 51 79 95 52 75 85 ]
[ 77 54 74 70 89 92 39 67 10 24 54 15 65 32 54 88 81 22 56 14 12 93 68 54 7 19 85 2 23 13 39 0 19 13 23 8 57 14 28 20 90 82 35 56 66 41 44 47 15 0 ]
[ 14 27 45 82 34 52 54 19 6 77 84 97 30 4 63 5 64 20 19 92 92 61 74 79 17 40 72 62 40 88 14 54 67 60 88 53 64 42 25 23 20 9 20 2 13 35 7 78 56 78 ]
[ 70 0 39 45 32 9 37 4 23 77 44 89 83 12 1 72 65 18 66 90 41 38 52 13 40 65 49 99 43 57 29 14 9 69 11 41 30 0 46 53 30 90 42 13 54 96 37 72 14 4 ]
[ 14 7 94 66 72 35 32 21 86 27 30 16 93 92 37 56 33 67 57 31 72 87 22 14 52 28 62 42 52 76 98 67 83 92 85 56 79 69 29 66 97 12 34 42 4 71 99 37 38 8 ]
[ 21 62 47 43 76 51 23 91 93 76 67 43 95 3 36 80 11 67 2 92 85 99 4 19 93 60 42 92 50 32 52 71 94 99 66 23 51 89 14 96 17 33 40 12 36 28 45 99 47 47 ]

Running insertion sort algorithm: 
Timer (sort): 7709ms real	5200ms user	0ms sys
The output is sorted!
[ 15 39 25 98 14 6 30 22 9 30 6 80 15 36 6 38 9 27 21 10 30 10 34 11 46 81 6 24 55 28 64 22 19 89 20 34 47 2 56 57 84 14 89 0 50 48 38 12 27 11 ]
[ 71 47 6 10 31 11 20 20 22 31 8 10 18 72 23 30 0 20 26 14 21 9 25 67 10 4 34 34 76 20 23 99 19 29 10 2 92 82 75 14 65 83 77 35 55 0 65 7 72 92 ]
[ 6 92 48 70 43 49 0 52 21 4 66 11 65 17 14 77 36 41 6 33 38 71 18 41 11 37 10 5 46 23 21 4 15 21 75 10 23 27 62 44 31 28 7 48 97 21 26 33 62 84 ]
[ 44 72 2 48 59 15 28 11 94 19 4 44 35 20 88 51 51 11 80 39 66 9 9 70 54 36 19 43 31 55 1 75 27 4 75 38 71 3 1 18 75 5 14 62 25 2 13 28 13 45 ]
[ 8 6 23 35 18 3 10 75 99 1 38 84 43 71 50 47 31 39 8 35 73 82 81 98 31 13 19 6 52 52 35 12 58 11 47 29 14 9 56 14 11 46 98 6 17 1 53 1 40 14 ]
[ 53 38 37 41 52 62 41 18 44 99 0 32 1 20 11 33 12 46 37 29 68 52 49 33 78 68 25 24 76 11 61 29 1 50 22 6 13 63 24 9 15 24 41 16 96 4 1 9 51 90 ]
[ 10 33 43 35 93 3 62 14 52 15 12 0 33 36 4 60 17 84 96 15 2 47 70 9 86 25 98 18 9 40 7 19 25 50 6 18 5 69 32 58 84 45 10 17 33 15 77 2 99 25 ]
[ 1 6 75 83 15 1 41 63 1 0 1 52 11 16 67 34 51 13 42 89 67 45 0 18 92 24 61 36 78 60 18 32 18 45 15 33 46 8 48 99 60 1 3 71 17 70 57 20 35 0 ]
[ 51 6 90 38 52 16 19 79 86 49 10 1 48 4 58 24 15 0 11 73 48 97 45 15 4 12 7 41 74 8 5 25 14 47 15 18 64 35 97 50 36 59 4 36 63 62 12 79 14 23 ]
[ 31 75 46 91 65 3 37 18 23 59 45 17 9 11 37 92 7 57 12 56 96 36 2 89 82 8 2 24 29 41 3 13 16 1 4 33 5 41 3 28 53 49 97 62 12 35 54 19 92 19 ]
[ 26 1 15 50 86 0 89 40 25 51 26 44 8 14 40 30 29 28 92 37 56 15 39 26 34 13 43 50 43 65 23 21 18 39 24 56 91 65 48 16 17 74 12 77 89 4 7 18 33 0 ]
[ 90 15 73 67 13 0 0 35 67 32 50 76 18 3 6 31 44 69 19 89 49 57 65 70 21 49 50 74 37 34 25 27 49 50 47 14 3 99 1 70 32 4 47 2 7 5 33 3 26 4 ]
[ 13 18 63 73 11 17 0 43 45 71 4 92 41 49 30 34 42 2 24 30 83 72 2 20 18 23 39 63 73 79 25 38 49 41 63 12 10 63 7 8 86 11 0 79 12 30 14 7 85 38 ]
[ 32 6 51 28 78 4 30 24 2 2 59 51 4 24 14 51 53 62 10 59 40 14 55 28 74 18 99 26 58 66 14 91 25 17 71 55 21 1 79 24 3 38 27 60 62 41 11 68 3 21 ]
[ 86 14 32 46 10 53 27 25 46 25 71 29 5 2 61 81 6 44 20 33 16 59 71 9 70 76 19 7 9 34 23 95 1 7 41 63 60 21 88 6 46 59 88 3 14 1 36 20 46 57 ]
[ 12 53 15 40 6 81 45 6 30 95 9 83 3 59 5 82 18 0 23 36 9 40 87 82 42 28 10 12 2 70 10 14 75 25 6 34 59 3 92 41 98 1 24 2 13 81 84 31 81 7 ]
[ 7 36 11 43 56 26 52 9 95 25 14 38 13 17 51 20 28 36 46 33 13 35 99 54 86 51 51 55 71 36 37 30 24 0 73 32 26 26 42 73 51 56 11 16 25 14 36 54 2 34 ]
[ 62 14 4 8 10 7 99 33 47 7 7 36 45 48 55 23 12 34 1 47 59 80 48 29 10 40 14 36 20 88 42 35 55 46 43 17 6 94 51 53 53 10 42 51 58 97 26 22 31 27 ]
[ 9 47 4 55 11 51 72 12 37 85 77 27 79 2 4 0 44 4 18 39 58 5 13 42 34 75 58 50 14 15 83 24 15 39 31 26 91 56 38 28 41 16 7 72 70 12 72 14 68 42 ]
[ 36 3 34 1 81 16 48 21 96 21 59 32 0 87 34 79 65 1 74 23 78 22 43 69 39 33 28 25 66 66 7 54 69 41 7 51 9 56 24 5 29 35 38 29 22 24 9 39 26 35 ]

Timer (generate): 9ms real	10ms user	0ms sys
[ 37 73 91 2 48 68 52 44 67 30 9 16 7 34 68 17 30 28 41 79 21 59 52 81 78 65 62 80 39 14 38 28 39 82 30 87 50 82 31 69 64 92 38 71 26 6 41 57 87 82 ]
[ 88 8 94 40 89 24 57 4 56 48 18 95 76 57 77 58 96 79 92 27 49 56 20 39 28 98 97 69 7 84 3 96 45 97 88 86 22 98 42 78 46 12 25 75 21 2 33 17 34 26 ]
[ 97 35 82 17 74 62 67 71 83 75 56 39 71 53 88 59 91 10 57 34 41 56 98 18 31 20 21 64 89 55 42 86 90 77 55 16 39 23 87 75 98 95 14 21 48 2 80 92 65 90 ]
[ 78 58 46 76 76 29 48 49 45 38 56 88 76 98 65 32 14 56 7 2 31 57 49 97 78 98 0 10 42 65 0 20 75 98 96 51 27 45 1 73 35 9 13 63 8 30 47 22 86 54 ]
[ 76 70 11 26 67 41 76 67 52 18 84 52 38 59 3 86 63 82 83 16 7 18 25 20 82 85 50 81 8 89 36 36 59 99 62 26 41 90 94 93 8 30 97 98 42 0 85 57 35 68 ]
[ 73 42 39 50 63 73 36 65 54 96 54 42 32 13 42 47 40 35 37 86 28 98 68 77 48 10 30 33 67 65 54 92 7 45 43 22 70 31 88 24 27 94 19 59 8 61 6 0 48 96 ]
[ 86 28 46 54 5 94 17 35 80 36 52 86 29 12 31 24 34 1 55 74 77 82 69 96 93 77 9 52 77 57 0 15 85 46 21 43 40 38 30 20 27 83 6 56 95 89 32 81 90 39 ]
[ 56 20 21 25 68 66 54 78 18 83 87 70 50 25 16 71 68 9 62 98 29 89 33 88 97 28 29 29 10 72 68 18 92 41 95 60 59 49 90 30 84 78 0 34 3 17 5 23 26 67 ]
[ 73 7 56 7 47 5 35 77 34 97 49 54 15 41 47 10 53 7 11 44 37 95 74 37 29 29 6 87 52 84 54 25 92 63 32 39 20 20 68 55 17 17 61 85 10 9 95 16 68 59 ]
[ 60 5 54 86 94 36 15 1 23 67 37 29 44 29 44 77 21 65 49 41 72 66 11 33 3 21 94 51 89 62 10 1 19 64 87 66 52 2 67 75 21 56 5 18 86 49 95 59 66 96 ]
[ 0 38 14 11 72 18 85 18 69 26 81 79 28 52 95 15 18 48 70 37 75 43 94 32 61 32 82 8 91 0 4 43 39 19 7 63 89 44 81 58 70 14 89 98 67 36 66 37 36 88 ]
[ 75 12 83 21 44 45 53 78 5 96 79 10 91 18 81 98 81 70 94 14 80 65 29 69 15 48 5 33 85 42 73 12 54 57 33 50 2 86 29 59 82 8 69 74 78 50 24 11 72 19 ]
[ 25 52 36 54 21 51 54 79 37 40 73 10 52 79 67 38 29 21 24 10 81 59 70 2 85 48 5 61 59 77 80 85 82 68 91 3 20 98 34 9 38 7 19 42 86 39 80 68 12 57 ]
[ 78 45 68 49 48 53 49 53 66 9 82 47 46 64 15 89 20 87 87 6 96 77 14 68 72 52 59 4 72 71 13 51 17 81 52 65 86 1 70 53 10 4 52 8 69 19 50 41 59 37 ]
[ 47 55 67 13 75 39 18 34 95 90 58 9 41 75 90 93 92 29 47 62 82 57 18 34 18 39 5 68 80 64 57 80 72 24 93 47 15 11 34 11 2 92 20 95 19 62 41 11 91 88 ]
[ 25 25 97 43 11 67 83 17 35 15 81 45 95 5 69 41 53 37 52 39 48 6 31 20 54 50 34 47 13 78 87 38 55 84 81 67 4 16 36 39 32 69 36 79 75 6 20 80 95 25 ]
[ 19 43 83 2 15 89 4 1 36 17 79 23 7 87 60 40 54 64 57 42 55 41 11 92 20 38 50 93 18 45 18 89 40 1 91 7 91 47 8 79 16 40 3 23 79 15 64 85 79 73 ]
[ 27 86 66 90 30 86 29 80 31 99 77 49 89 69 3 32 28 46 32 89 25 48 29 80 24 60 47 40 45 78 65 72 65 31 14 47 69 43 80 1 95 57 50 36 79 5 68 7 51 52 ]
[ 96 29 1 77 61 77 37 9 17 82 87 82 6 4 13 21 52 82 16 32 35 63 41 38 99 20 43 68 80 47 72 76 28 73 54 41 50 43 50 19 78 90 1 84 46 66 57 98 1 26 ]
[ 82 36 89 24 74 89 96 70 9 76 17 81 53 97 7 59 38 9 54 41 29 32 31 82 69 29 49 26 28 2 52 62 38 94 86 65 83 35 35 44 11 4 25 16 1 84 75 91 94 30 ]

Running insertion sort algorithm: 
Timer (sort): 7095ms real	4850ms user	0ms sys
The output is sorted!
[ 39 11 32 59 42 45 24 4 28 14 82 84 4 39 37 1 24 0 96 60 63 13 35 26 27 33 11 45 14 28 19 5 39 3 65 81 0 89 38 29 55 20 13 59 11 2 12 35 2 9 ]
[ 11 1 1 54 40 5 63 5 29 74 3 0 57 48 59 6 89 99 89 37 44 85 71 66 17 4 10 40 16 12 65 27 14 67 33 6 24 49 11 5 23 66 5 32 14 16 38 3 15 28 ]
[ 2 66 62 39 62 42 0 19 88 10 20 34 18 92 2 26 36 33 20 24 37 41 11 47 89 14 6 3 11 12 29 65 31 91 4 45 33 56 64 21 18 36 8 37 29 10 63 17 43 35 ]
[ 2 60 65 13 1 3 6 20 92 26 37 81 44 20 6 15 24 41 79 17 39 56 10 47 18 44 35 59 10 49 60 12 9 26 78 11 29 36 83 73 62 20 54 58 41 13 25 17 54 4 ]
[ 3 33 74 45 11 93 18 22 73 2 16 44 23 94 52 24 40 0 5 66 9 68 50 46 31 62 36 36 12 39 13 67 24 87 13 35 33 31 9 6 85 25 2 61 19 6 85 11 6 43 ]
[ 9 40 18 96 45 49 38 38 0 87 7 56 38 88 20 3 18 21 57 6 29 99 31 41 33 15 27 90 76 1 91 37 41 9 33 38 10 23 76 10 10 36 18 0 24 39 3 43 12 60 ]
[ 4 55 6 97 90 31 98 15 32 9 4 59 38 42 23 30 20 32 32 49 25 31 85 68 29 51 12 40 53 9 30 58 16 36 7 6 19 5 22 3 14 78 15 52 20 38 35 92 70 19 ]
[ 2 51 76 41 79 1 75 5 72 5 48 92 24 1 41 61 45 98 21 14 62 39 79 19 45 91 28 40 13 21 74 15 25 3 8 4 4 35 10 29 40 58 21 16 11 14 30 56 12 51 ]
[ 25 86 81 4 5 30 63 35 23 4 38 18 11 9 31 8 1 22 26 42 45 16 23 74 52 45 69 97 36 27 94 13 65 27 17 71 58 81 58 33 37 48 3 48 9 34 9 11 8 35 ]
[ 31 99 44 0 47 5 44 91 1 67 5 52 58 46 79 4 24 60 36 31 68 14 56 49 90 2 66 0 75 11 66 6 11 63 6 10 20 2 53 21 21 10 25 79 56 4 35 32 16 23 ]
[ 21 11 41 4 13 38 8 5 92 52 49 25 38 52 16 71 26 51 78 16 6 36 40 65 48 88 7 7 77 37 36 50 0 29 54 65 20 62 70 12 67 72 37 5 24 5 28 3 57 6 ]
[ 90 44 11 71 22 58 87 32 11 28 25 14 10 8 65 88 12 52 20 14 70 17 62 13 87 10 22 16 21 30 5 11 26 69 34 48 27 21 32 90 2 10 57 12 18 22 52 82 27 72 ]
[ 11 43 31 24 90 94 25 57 37 5 20 34 25 34 68 11 3 75 0 39 55 12 50 65 80 31 57 41 5 16 61 16 12 44 40 2 39 17 59 28 23 31 15 0 66 83 11 21 59 63 ]
[ 99 95 2 3 81 43 39 11 14 89 28 15 12 88 1 75 20 31 23 70 29 60 40 12 37 85 19 15 74 58 23 74 6 25 29 39 20 20 2 34 10 83 1 22 23 2 50 43 34 25 ]
[ 81 48 29 79 65 7 9 78 57 6 46 10 11 44 39 23 52 27 29 0 2 27 91 4 56 40 50 26 30 73 24 11 73 6 90 38 13 0 69 22 58 15 84 21 11 24 44 15 3 74 ]
[ 37 53 40 14 96 30 11 66 33 76 67 50 4 44 42 80 27 40 23 82 29 48 4 40 28 12 10 34 8 5 18 46 10 10 60 6 92 23 24 26 0 91 28 56 35 70 36 62 10 12 ]
[ 28 28 5 24 16 79 58 78 10 33 16 17 0 98 43 12 6 88 10 86 89 0 10 0 92 78 3 51 0 26 5 29 54 11 5 22 90 63 1 52 49 17 70 49 68 65 13 26 53 23 ]
[ 23 24 16 60 41 35 84 34 47 24 5 42 23 94 74 62 8 32 82 10 62 93 11 65 13 7 20 52 0 3 11 75 27 27 35 21 15 71 7 14 47 12 56 71 6 82 33 66 15 16 ]
[ 51 14 3 3 16 24 16 9 59 94 14 19 42 34 0 46 88 61 87 86 67 81 32 32 64 11 76 35 9 30 52 12 44 7 15 12 83 32 21 42 78 35 13 20 69 14 18 9 75 6 ]
[ 24 60 3 52 16 0 24 34 57 13 34 46 18 15 99 18 47 6 23 16 22 46 84 86 31 24 57 72 60 52 40 36 13 95 41 81 48 17 67 5 30 2 3 1 69 3 19 16 61 95 ]

Timer (generate): 7ms real	10ms user	0ms sys
[ 86 86 92 78 36 31 69 97 76 77 59 71 2 88 74 65 73 79 24 98 16 38 97 84 67 57 96 19 55 5 61 94 43 5 72 79 88 42 28 65 71 87 88 73 27 63 91 52 94 15 ]
[ 3 62 5 0 46 72 9 95 43 65 52 5 59 95 62 83 74 51 25 2 68 48 41 56 22 21 19 13 73 66 28 76 28 33 29 27 57 38 74 1 55 26 58 66 21 20 50 47 23 27 ]
[ 1 91 76 94 0 50 15 19 63 41 37 43 69 66 28 98 93 85 89 19 38 96 45 96 63 18 69 65 65 92 44 18 36 20 12 36 22 28 7 85 21 45 28 90 11 8 41 56 94 30 ]
[ 75 32 78 72 81 41 90 2 58 7 94 3 25 30 75 37 18 98 17 26 35 38 71 16 29 34 24 70 42 70 52 69 3 30 41 36 24 31 38 82 38 84 37 63 67 13 52 85 63 70 ]
[ 11 98 8 34 14 89 68 91 59 10 61 63 79 16 94 72 52 18 3 42 0 93 27 38 8 94 3 61 79 18 83 43 16 43 77 83 33 46 26 44 8 87 8 40 4 2 64 8 20 68 ]
[ 51 72 13 78 62 22 72 17 35 3 35 18 46 4 61 24 39 46 22 65 91 82 52 51 74 56 53 39 17 25 59 68 49 72 46 12 46 70 81 33 25 17 3 72 73 17 48 12 63 22 ]
[ 77 6 4 81 57 31 90 10 70 7 87 29 75 37 53 73 1 52 43 82 85 20 99 89 92 72 6 92 36 21 14 13 28 71 95 85 2 85 48 24 92 35 5 19 72 58 92 73 10 87 ]
[ 8 48 7 59 37 52 32 95 44 68 16 11 34 44 34 81 82 88 18 30 12 62 65 17 81 90 27 25 15 90 12 23 38 71 83 27 23 67 22 20 87 90 83 73 87 69 54 69 57 72 ]
[ 99 21 34 16 38 15 6 17 40 74 7 4 97 97 76 32 24 51 51 98 23 39 41 6 12 28 75 19 97 84 91 48 5 26 16 95 93 75 13 86 49 72 42 98 70 70 83 46 22 34 ]
[ 45 45 73 86 4 38 66 31 57 15 16 0 15 21 26 31 69 72 6 82 10 55 6 52 54 76 23 37 23 97 23 20 94 49 58 98 87 24 82 96 91 98 96 6 71 75 37 40 99 44 ]
[ 74 9 51 33 13 57 9 36 46 84 85 70 56 80 19 66 30 58 90 12 54 33 10 2 39 34 29 77 26 28 73 53 89 76 86 3 34 47 91 80 84 77 50 92 57 69 59 87 27 1 ]
[ 0 33 35 62 88 74 48 17 3 27 98 28 80 87 5 18 90 39 17 82 71 53 11 22 46 68 43 5 7 23 58 59 56 93 74 96 20 22 14 23 1 12 4 33 51 9 51 42 0 21 ]
[ 76 71 26 87 45 72 7 89 29 14 12 88 74 20 81 0 17 1 22 83 77 24 95 33 57 46 94 61 40 94 34 16 17 60 55 63 85 62 52 66 29 16 54 3 36 88 3 53 41 77 ]
[ 36 70 53 83 3 63 82 97 76 74 43 62 43 61 22 98 76 59 13 28 26 42 96 32 97 32 20 52 38 14 29 26 84 35 62 40 50 96 37 26 70 81 40 13 94 62 64 70 74 77 ]
[ 50 0 19 46 84 68 30 5 20 68 71 1 95 55 36 9 47 86 5 85 64 27 18 4 93 12 19 57 34 93 86 84 45 57 82 81 25 12 86 45 81 9 46 28 17 83 37 64 21 94 ]
[ 1 38 21 19 42 14 83 13 23 17 58 9 53 55 66 35 37 43 48 75 88 81 85 87 9 2 22 98 66 43 44 20 33 17 39 76 32 75 41 7 44 0 17 98 55 35 85 92 31 85 ]
[ 68 19 66 53 58 27 7 80 77 25 76 21 45 9 39 37 85 23 12 79 30 8 79 99 58 34 87 44 79 18 29 47 89 48 52 48 27 11 28 5 36 4 26 82 14 17 19 51 40 83 ]
[ 82 23 91 61 74 50 48 61 46 27 31 27 26 21 75 30 21 3 41 1 60 29 58 38 11 24 56 82 27 48 17 10 23 9 71 98 11 71 59 57 50 43 84 76 16 12 58 37 67 51 ]
[ 90 27 81 48 65 92 72 73 27 52 22 44 62 45 5 85 43 16 57 55 25 7 50 62 36 66 74 46 55 93 98 45 20 79 46 37 23 70 11 50 22 33 47 84 30 52 70 26 21 79 ]
[ 81 98 38 31 60 26 49 86 73 4 31 71 1 3 50 47 41 25 70 52 76 92 37 75 77 67 79 99 93 52 30 26 51 68 9 63 47 10 2 20 66 33 43 68 37 45 67 30 70 37 ]

Running insertion sort algorithm: 
Timer (sort): 9039ms real	5840ms user	0ms sys
The output is sorted!
[ 19 8 9 16 23 12 11 74 39 68 4 99 6 32 66 75 85 23 15 21 76 39 7 4 86 9 22 20 19 2 52 38 62 13 6 37 77 18 11 17 38 68 16 44 0 34 72 85 10 39 ]
[ 21 14 22 85 61 32 41 3 82 81 38 32 12 94 61 10 48 20 3 46 8 39 8 53 43 1 82 4 58 37 48 31 4 23 16 17 7 58 20 41 91 10 25 3 4 86 14 4 58 69 ]
[ 97 51 37 16 82 45 12 52 3 6 12 37 66 19 6 31 57 6 20 27 31 22 10 96 19 38 14 37 63 29 16 60 81 5 76 15 2 88 67 5 46 79 95 12 50 1 44 8 7 16 ]
[ 47 32 2 65 40 85 5 35 21 88 60 11 28 10 45 58 2 3 47 93 81 7 4 33 85 16 6 20 66 31 41 13 15 43 30 55 81 36 42 2 76 3 65 56 13 11 14 68 14 14 ]
[ 9 5 49 33 32 15 32 29 50 12 17 43 61 45 5 81 1 2 6 1 30 45 59 24 12 39 58 42 40 44 38 49 50 87 34 82 55 66 63 5 78 32 49 91 29 6 24 30 8 30 ]
[ 15 26 74 2 89 37 37 32 49 66 3 25 38 26 23 17 4 58 88 27 28 43 92 20 6 50 16 33 33 33 44 48 11 18 2 0 56 40 33 57 6 88 82 96 14 5 14 70 16 54 ]
[ 20 48 21 2 17 53 13 33 2 7 10 3 63 89 29 67 0 84 44 9 92 58 44 71 28 34 36 41 15 47 5 35 47 26 38 16 31 51 1 33 10 11 88 73 0 70 92 53 54 37 ]
[ 22 23 45 4 82 33 52 3 14 85 0 11 75 17 88 88 77 34 21 22 94 24 46 29 24 21 43 7 43 48 22 17 71 19 74 5 53 26 8 19 11 60 30 38 77 18 78 6 4 51 ]
[ 22 67 3 14 37 30 29 44 24 15 38 3 23 34 41 9 53 69 28 37 49 61 51 42 23 75 33 29 0 33 39 74 0 43 41 90 25 70 34 49 37 25 5 60 59 46 22 64 16 50 ]
[ 10 65 10 31 16 94 26 43 70 13 49 90 31 34 63 28 24 7 78 7 38 22 48 16 35 32 17 1 33 93 24 43 11 34 27 27 28 53 70 51 19 71 41 50 6 4 31 82 63 9 ]
[ 91 15 4 63 35 7 1 11 42 19 13 34 41 97 32 66 0 6 4 29 14 46 23 26 27 88 60 24 10 47 97 1 63 2 17 98 9 18 9 51 90 75 37 31 72 69 49 25 28 54 ]
[ 71 30 89 39 74 47 37 89 20 5 7 44 15 27 46 42 10 84 21 39 49 31 31 45 11 2 35 66 42 70 18 13 0 59 53 26 6 42 15 78 0 74 75 15 2 21 57 12 57 30 ]
[ 87 23 1 80 14 18 83 4 66 47 93 89 13 48 9 1 62 52 68 30 10 59 69 4 8 25 0 68 13 14 23 0 37 76 32 52 94 15 8 12 14 54 53 27 2 62 28 16 14 96 ]
[ 30 81 13 37 37 0 35 34 6 75 24 52 32 0 40 23 72 14 19 0 88 0 7 29 6 24 94 52 96 95 57 78 29 23 15 18 23 50 53 82 77 77 34 9 29 26 33 2 40 4 ]
[ 2 82 42 3 90 12 42 30 96 22 26 87 31 31 84 81 33 77 73 24 12 57 12 10 88 18 86 0 5 5 66 8 39 60 63 29 24 5 12 21 79 38 8 10 21 44 43 6 21 16 ]
[ 39 78 48 44 0 28 5 7 30 6 99 85 53 64 62 5 11 16 2 41 77 29 52 72 7 47 2 62 62 12 36 2 43 36 46 43 64 3 51 46 61 2 32 14 18 46 71 29 62 25 ]
[ 46 47 41 4 47 18 31 49 28 79 35 56 36 60 12 12 33 7 2 24 6 71 96 72 23 65 56 52 88 4 60 86 3 1 43 2 72 74 51 0 5 38 8 41 99 21 6 32 28 8 ]
[ 0 3 30 41 67 51 60 2 15 14 54 89 89 19 93 15 10 90 36 97 3 47 11 72 19 2 28 83 16 46 23 16 1 5 57 68 8 69 22 23 36 77 65 25 48 10 40 58 0 29 ]
[ 34 3 52 31 90 56 40 6 40 24 35 9 12 48 29 11 25 0 62 85 60 9 79 55 31 1 82 73 23 38 1 9 41 53 41 84 9 33 42 1 10 29 63 22 78 44 33 55 45 47 ]
[ 91 11 10 3 4 79 30 44 2 42 14 90 15 88 11 10 46 46 25 54 57 0 42 66 24 6 69 75 48 3 66 39 66 28 42 70 7 24 66 61 19 32 3 34 21 14 96 67 12 21 ]

Timer (generate): 7ms real	0ms user	0ms sys
[ 50 27 34 20 52 25 63 76 2 3 43 28 65 53 1 89 72 45 40 52 38 79 57 37 47 24 65 10 9 50 32 60 77 18 32 81 95 47 58 98 2 1 78 19 6 79 8 78 76 1 ]
[ 83 67 80 40 4 80 65 21 90 26 72 75 86 1 45 70 83 41 70 93 39 72 46 69 92 52 49 52 83 77 5 66 44 86 6 1 66 23 22 8 50 46 35 88 48 81 11 83 22 81 ]
[ 76 13 5 22 82 97 26 83 2 9 61 7 75 57 45 34 58 11 9 33 72 11 79 7 0 79 40 11 62 62 44 38 27 49 12 10 99 39 45 53 0 58 12 28 16 58 14 26 21 23 ]
[ 11 93 87 91 53 87 22 93 50 85 8 46 75 35 95 88 97 46 79 43 99 79 53 12 59 69 70 73 48 43 49 59 37 36 2 42 23 25 35 25 10 95 23 85 31 18 25 80 17 4 ]
[ 75 16 36 29 80 95 50 2 21 98 46 70 10 35 6 12 77 81 37 64 58 99 60 81 37 43 51 14 75 68 71 51 37 7 80 17 54 82 72 75 33 18 97 43 5 3 55 82 36 45 ]
[ 98 94 96 10 27 85 5 79 0 81 99 71 32 36 30 64 6 84 98 78 12 31 48 9 74 53 65 82 87 53 79 85 0 27 96 27 13 53 58 13 34 58 36 18 94 66 34 0 2 33 ]
[ 78 14 16 26 76 91 31 93 25 18 46 4 4 98 31 52 26 96 5 36 9 92 94 45 10 41 63 97 41 66 82 72 32 98 50 60 89 82 53 66 0 52 22 56 50 54 8 28 2 66 ]
[ 65 12 58 11 9 20 52 25 17 46 91 51 70 75 50 20 36 91 54 89 58 7 93 80 63 44 86 24 24 89 42 41 53 52 53 14 72 57 39 42 3 30 93 73 6 95 46 42 87 52 ]
[ 83 45 59 77 25 75 73 64 99 97 53 93 39 6 45 44 20 69 1 60 63 57 42 9 30 0 4 28 94 91 81 30 88 92 7 14 67 32 30 18 81 83 11 72 41 8 16 13 78 70 ]
[ 25 41 27 68 50 9 20 7 38 67 98 71 97 87 63 56 53 83 88 83 1 69 18 65 94 59 73 10 24 51 80 50 45 59 18 47 69 90 54 59 57 5 82 54 44 97 10 49 80 50 ]
[ 84 82 72 2 99 66 13 72 28 37 24 61 87 21 20 57 68 41 0 75 0 57 80 82 64 24 32 26 25 12 77 9 46 1 11 45 19 76 18 47 65 94 60 5 15 81 14 35 74 14 ]
[ 10 27 72 42 61 88 66 93 14 43 6 91 52 52 44 15 50 63 43 20 11 9 14 71 14 81 4 28 68 31 95 79 58 19 21 19 7 40 13 21 83 19 65 88 23 9 3 25 73 47 ]
[ 45 36 8 11 59 74 44 16 54 13 47 49 44 5 68 65 24 75 57 89 97 93 60 62 81 36 23 84 61 96 83 7 84 91 70 44 17 15 60 72 80 7 21 24 64 42 41 40 17 99 ]
[ 30 66 92 90 80 73 26 4 9 40 52 45 99 37 88 69 33 6 36 93 30 16 52 51 40 68 93 34 8 63 33 38 29 77 81 62 2 59 66 63 99 70 8 98 59 49 68 92 7 56 ]
[ 37 37 73 41 88 65 9 34 99 18 97 84 8 78 61 41 92 63 1 58 27 0 81 87 99 40 36 19 33 43 75 22 80 0 64 21 18 73 55 69 43 4 54 4 34 15 45 27 79 46 ]
[ 37 58 99 18 45 50 11 82 21 96 77 48 18 58 49 82 31 19 8 38 88 3 42 42 7 28 58 5 55 89 3 93 99 54 63 44 4 26 78 25 22 56 74 41 66 75 75 97 94 35 ]
[ 35 82 39 29 25 98 57 35 55 13 76 59 58 75 65 73 71 70 0 50 47 22 6 21 15 24 48 43 21 42 78 8 77 69 37 54 20 94 89 75 59 17 86 17 44 52 43 15 74 43 ]
[ 17 21 17 75 95 85 99 43 28 72 38 58 80 15 28 17 69 48 12 10 75 23 79 62 93 23 66 36 90 40 31 8 13 48 83 8 85 35 4 13 7 94 72 88 9 52 57 30 52 21 ]
[ 92 27 45 23 89 38 46 55 26 88 47 57 48 61 57 84 69 43 19 25 8 78 19 80 66 80 84 76 62 36 97 6 64 94 29 5 32 27 13 58 16 60 67 64 21 25 48 43 68 19 ]
[ 20 76 98 40 9 16 72 93 92 35 82 42 41 46 36 71 51 21 98 64 31 66 77 99 83 50 76 83 45 96 3 66 24 53 58 85 69 30 31 14 65 13 8 59 59 96 82 62 17 80 ]

Running insertion sort algorithm: 
Timer (sort): 7054ms real	5430ms user	0ms sys
The output is sorted!
[ 10 16 45 12 8 94 23 20 3 25 19 53 21 10 11 16 37 3 32 51 81 46 69 41 9 83 11 0 42 7 33 4 23 78 17 31 73 92 3 28 17 23 33 90 85 45 7 75 0 39 ]
[ 17 56 22 23 42 78 14 68 30 38 36 8 10 50 2 5 8 24 37 0 2 66 0 37 9 97 76 5 15 32 10 32 40 85 7 82 63 21 51 45 60 87 5 70 89 7 28 50 32 17 ]
[ 34 23 26 58 73 82 3 3 1 30 22 68 10 26 2 69 32 3 13 88 15 31 40 43 67 22 9 43 34 27 81 68 2 7 79 27 41 34 30 42 65 5 62 75 31 16 44 15 72 9 ]
[ 94 35 89 8 65 0 21 58 17 2 23 33 28 16 89 58 36 28 23 26 69 56 56 33 2 76 29 35 17 21 70 11 9 11 19 26 11 93 84 29 95 8 62 23 24 3 34 13 31 9 ]
[ 27 43 45 99 2 27 44 6 36 64 10 14 8 60 45 2 36 32 0 33 57 30 65 63 15 26 0 18 22 5 81 2 1 78 1 3 58 45 9 94 10 71 60 70 32 57 72 20 89 25 ]
[ 82 14 11 44 8 1 63 18 19 50 43 66 89 40 27 11 55 68 15 27 92 0 17 30 9 28 5 50 45 43 12 79 9 23 23 17 76 39 35 95 41 30 61 30 23 40 41 78 9 9 ]
[ 76 4 83 46 30 23 21 33 13 6 28 64 5 50 29 46 13 41 17 39 44 22 13 53 57 28 16 91 14 57 45 42 62 80 40 44 3 14 29 16 20 10 32 78 12 62 24 26 55 93 ]
[ 51 5 8 16 5 68 31 29 10 42 28 99 11 52 47 59 39 95 11 64 41 5 36 30 93 31 71 12 68 51 59 72 8 19 88 13 87 19 42 49 13 22 0 25 26 0 36 18 47 0 ]
[ 5 11 59 14 35 4 39 17 26 80 47 75 41 26 95 11 17 8 74 43 75 78 11 88 62 30 44 72 4 54 0 10 17 11 24 52 15 16 21 93 96 21 20 37 47 15 0 16 76 26 ]
[ 58 47 67 30 60 72 4 33 33 53 9 60 60 78 85 63 73 4 2 52 34 4 6 2 30 19 7 17 39 56 23 97 55 42 27 16 14 84 1 47 89 10 60 1 41 45 17 14 1 19 ]
[ 48 62 30 21 23 93 18 4 56 8 84 28 26 3 42 25 12 28 26 64 50 12 8 5 84 34 39 3 55 17 83 3 31 13 24 54 7 43 59 15 3 95 43 29 98 86 6 62 66 33 ]
[ 51 44 26 97 58 74 63 48 80 1 93 21 33 17 96 4 46 97 14 40 96 29 56 4 3 11 18 43 7 62 23 10 6 49 7 16 24 22 16 56 24 9 77 57 27 25 13 25 23 27 ]
[ 78 94 20 23 92 30 67 42 13 29 2 24 88 61 20 69 43 76 97 38 99 30 6 31 24 40 45 8 0 27 2 30 21 22 5 13 53 24 8 18 54 10 42 42 24 62 12 19 39 61 ]
[ 11 76 17 73 73 22 25 17 22 37 24 5 97 27 22 78 8 24 28 84 2 38 29 62 88 44 6 35 5 19 0 16 95 17 41 68 91 66 38 13 3 14 70 52 41 45 83 1 21 11 ]
[ 78 0 50 71 2 20 53 29 64 6 4 62 32 1 48 76 94 79 9 8 61 34 3 27 54 61 15 71 18 70 13 96 70 16 19 24 36 24 6 0 30 10 62 14 12 63 91 58 42 0 ]
[ 19 16 70 7 14 44 38 13 90 41 70 0 4 20 74 14 46 67 11 1 38 29 42 92 4 68 10 31 99 18 65 19 34 35 26 49 31 17 14 21 10 36 73 66 56 47 33 2 67 96 ]
[ 86 16 98 60 9 29 41 12 16 1 13 99 70 51 21 61 1 32 49 17 32 38 33 2 68 41 44 19 8 33 28 46 1 26 7 11 7 0 23 23 53 89 22 24 92 96 37 94 28 86 ]
[ 62 22 35 78 17 0 3 45 39 17 49 80 25 49 45 35 45 50 59 18 61 41 73 5 7 7 7 7 32 76 48 46 98 83 24 15 35 28 13 74 97 62 6 22 12 3 9 9 54 68 ]
[ 11 51 19 10 4 16 16 6 51 25 97 98 50 56 43 0 37 76 24 21 96 58 11 5 21 83 75 33 7 43 48 18 94 19 28 50 35 96 56 39 22 5 89 24 13 32 24 2 9 49 ]
[ 5 66 38 6 5 14 28 4 35 21 15 63 75 26 94 6 51 0 97 35 69 28 18 24 28 60 31 28 7 81 35 12 47 26 70 4 40 98 8 27 72 24 91 99 2 37 5 53 37 54 ]

Timer (generate): 7ms real	0ms user	0ms sys
[ 99 90 51 58 17 75 12 54 24 35 74 25 32 35 19 72 25 47 84 97 49 60 29 52 68 37 16 70 17 7 2 16 97 5 74 66 81 38 20 5 25 46 83 58 81 2 82 7 1 66 ]
[ 56 2 78 37 54 98 27 71 20 44 30 75 60 27 80 86 45 13 76 17 71 2 64 54 12 45 8 94 4 10 12 13 12 42 50 19 92 77 90 12 21 20 87 33 99 20 19 96 33 96 ]
[ 13 4 50 77 10 62 75 19 8 31 81 72 44 45 66 95 16 58 24 6 22 46 78 62 79 29 82 51 25 67 99 39 24 49 68 34 63 95 5 23 27 38 95 23 36 61 70 52 71 95 ]
[ 11 93 93 41 55 24 71 37 27 96 57 26 87 81 75 8 67 90 3 73 13 82 63 8 58 99 21 28 52 92 75 15 38 68 56 93 45 27 83 72 76 40 99 15 73 26 23 40 17 79 ]
[ 65 82 13 29 43 71 28 64 52 32 9 27 47 47 48 56 92 93 83 75 65 11 67 16 27 92 95 2 33 64 33 98 46 47 27 89 70 8 6 22 92 67 50 92 66 50 48 10 43 83 ]
[ 38 60 47 5 29 74 98 24 28 83 40 62 81 86 9 61 28 79 21 86 54 13 5 56 5 23 6 5 33 1 89 71 13 88 29 42 62 79 18 42 62 10 4 95 97 65 8 77 97 29 ]
[ 15 51 95 72 7 0 95 65 58 28 66 99 52 31 87 81 26 1 12 44 43 26 7 48 21 56 65 82 33 62 11 0 65 6 72 24 59 67 89 17 47 7 68 99 39 55 32 65 56 44 ]
[ 61 99 70 68 99 44 24 17 26 9 79 89 61 45 96 33 21 7 52 11 76 0 70 44 51 61 99 84 78 7 80 92 58 51 12 10 47 89 27 25 98 6 14 12 3 62 45 77 69 50 ]
[ 88 97 50 10 41 1 72 92 37 2 99 18 94 58 21 7 20 68 96 47 93 46 5 59 58 61 22 56 38 43 6 78 41 8 88 82 61 12 75 99 15 26 17 9 36 38 16 56 58 64 ]
[ 3 3 11 61 62 69 22 36 25 60 80 83 38 21 91 78 55 53 91 82 52 58 9 21 67 45 11 36 54 21 0 57 24 63 18 86 85 92 23 10 52 55 46 42 76 37 21 83 42 64 ]
[ 66 94 22 27 67 41 72 30 77 26 51 30 36 75 93 6 14 78 99 89 41 3 44 39 46 72 76 19 55 19 83 73 65 57 0 85 98 25 15 28 3 67 10 91 94 55 98 8 86 49 ]
[ 49 27 52 93 18 98 65 94 17 73 65 52 98 83 9 99 68 60 76 35 88 79 54 98 71 49 53 21 9 39 70 59 18 22 52 36 73 70 83 90 95 0 95 93 83 4 44 3 64 20 ]
[ 91 52 0 45 2 23 94 8 44 56 99 66 15 70 88 19 6 13 89 41 4 36 42 99 82 77 55 26 33 20 99 24 24 99 69 79 74 16 39 70 72 38 36 87 8 76 6 67 90 48 ]
[ 8 46 84 2 97 18 80 52 45 13 24 44 37 1 95 58 80 21 74 19 91 46 9 79 85 18 55 44 85 97 92 45 95 28 48 92 47 80 97 44 93 21 40 82 74 35 40 6 8 67 ]
[ 77 99 65 87 78 51 57 85 95 42 35 39 39 30 67 87 23 66 67 72 10 12 93 50 46 20 37 87 26 45 6 4 96 71 91 26 74 48 64 69 42 99 8 33 81 28 21 4 46 40 ]
[ 76 57 5 22 59 51 42 49 38 68 46 96 24 43 68 67 21 42 15 85 64 9 36 24 43 18 4 16 74 51 8 3 60 13 25 71 65 19 20 3 39 19 52 64 14 20 31 35 14 99 ]
[ 73 78 60 9 55 55 27 59 71 54 10 80 57 70 93 82 94 58 53 14 14 92 85 66 8 99 38 40 87 52 91 60 83 51 21 90 7 49 49 30 55 12 10 12 82 56 46 76 66 99 ]
[ 43 80 91 80 98 0 80 36 92 67 41 83 79 76 86 0 18 45 1 67 76 56 79 86 68 14 94 14 42 61 65 37 41 9 18 92 9 50 80 53 17 73 88 96 1 74 96 19 20 98 ]
[ 87 48 6 18 34 75 32 81 41 27 42 7 64 35 16 34 27 77 84 8 82 53 33 70 1 35 96 50 54 68 48 93 16 6 12 3 81 96 84 23 23 26 82 40 13 50 26 41 27 63 ]
[ 1 9 16 34 31 18 21 27 68 76 48 68 69 64 74 33 67 8 30 51 83 5 29 65 97 43 67 24 36 94 87 37 55 55 23 38 25 45 17 93 73 65 13 94 30 40 28 49 48 10 ]

Running insertion sort algorithm: 
Timer (sort): 8090ms real	5770ms user	40ms sys
The output is sorted!
[ 42 2 3 59 60 71 9 16 19 9 86 1 17 2 58 42 15 92 44 2 37 31 2 4 6 63 96 24 46 33 10 41 35 13 0 47 37 61 63 56 23 1 9 40 56 19 34 71 12 30 ]
[ 95 21 75 7 10 65 16 2 0 67 94 24 32 9 13 11 31 51 14 19 43 2 67 49 61 83 42 14 45 14 67 41 35 42 0 45 7 16 0 60 35 94 36 19 4 1 30 35 4 44 ]
[ 86 81 61 10 32 14 29 14 17 21 67 74 14 57 5 25 27 0 16 55 38 14 67 37 7 50 16 31 1 7 42 40 41 3 2 25 69 31 91 39 4 58 13 71 15 70 48 43 22 65 ]
[ 87 54 27 35 85 14 17 86 14 69 7 79 19 61 81 8 8 36 1 41 2 55 51 22 3 1 55 68 82 12 9 21 19 37 57 56 3 26 42 18 47 2 49 66 63 30 26 23 18 28 ]
[ 72 16 41 15 42 9 23 16 10 88 31 52 1 29 15 21 7 42 25 68 57 36 4 58 31 49 4 83 18 93 46 42 9 39 57 3 48 33 71 10 21 54 15 23 83 30 96 43 24 21 ]
[ 3 23 64 67 1 21 2 28 14 5 20 28 52 83 61 14 8 6 15 22 9 22 68 65 4 39 37 78 40 45 96 43 20 12 62 21 33 64 2 47 21 22 27 73 57 88 39 17 95 54 ]
[ 77 12 33 72 83 34 34 0 1 67 8 66 62 88 7 61 3 4 18 18 76 3 23 10 36 2 20 67 80 9 84 57 21 17 29 56 52 63 57 5 30 17 24 92 5 31 5 60 35 24 ]
[ 76 25 22 36 17 7 86 26 19 3 9 3 5 88 58 18 2 23 33 81 36 27 12 22 68 9 59 71 50 71 14 27 96 89 15 13 48 1 91 68 56 1 23 14 89 33 32 44 8 17 ]
[ 58 25 23 16 36 24 9 3 20 8 16 37 84 91 16 1 50 89 8 39 17 60 35 80 49 52 13 42 19 64 35 77 42 10 46 30 35 7 85 55 68 1 44 52 45 12 6 95 1 14 ]
[ 18 34 31 21 31 60 15 6 4 18 86 44 13 90 75 65 94 59 85 41 33 22 35 46 38 62 64 26 22 29 72 40 15 3 14 46 15 29 5 20 0 43 64 13 33 91 30 27 2 15 ]
[ 23 27 14 61 19 11 94 3 33 7 14 54 40 24 83 70 88 10 6 85 63 20 8 28 56 30 73 15 80 20 39 3 48 5 16 19 68 11 22 53 70 36 8 10 12 43 80 52 5 86 ]
[ 65 24 23 34 43 47 15 57 27 80 30 5 39 4 34 34 75 12 14 17 48 27 28 12 26 94 46 18 9 8 2 26 33 77 60 28 76 27 86 4 8 68 9 47 73 44 33 48 8 99 ]
[ 94 38 27 20 66 43 43 4 31 60 43 99 40 0 1 50 9 26 28 20 15 65 18 27 80 49 28 37 8 81 25 2 19 4 74 37 47 17 42 78 30 37 30 70 37 31 20 98 10 0 ]
[ 23 97 71 55 6 73 23 71 35 50 38 21 43 0 66 24 37 8 21 15 21 10 61 39 10 29 15 37 53 53 20 76 3 91 83 9 16 59 32 52 9 70 25 4 23 43 28 60 51 1 ]
[ 21 32 16 23 64 72 43 27 15 19 13 5 3 40 18 99 55 8 20 36 23 2 31 47 93 31 9 40 8 55 27 81 87 44 57 3 68 0 30 35 71 95 40 75 36 10 26 43 18 47 ]
[ 93 2 1 88 49 1 75 11 68 28 12 56 54 65 54 42 21 13 5 4 21 82 96 23 65 74 30 21 20 87 4 14 89 5 2 91 7 30 2 27 10 14 35 16 32 90 11 53 3 68 ]
[ 25 47 70 87 20 92 29 13 32 9 53 46 2 92 15 58 9 18 63 37 93 12 63 7 49 33 23 28 36 83 5 13 30 27 1 3 20 82 16 4 91 21 2 45 65 17 3 74 35 67 ]
[ 55 38 6 1 9 82 32 49 9 15 1 65 41 48 70 19 19 44 3 1 2 39 4 32 39 42 87 38 37 52 93 44 90 52 46 0 34 30 1 95 98 2 60 91 2 31 10 22 75 14 ]
[ 23 76 16 31 4 7 50 43 66 85 55 52 23 7 95 46 19 52 41 49 61 1 9 11 32 15 66 2 27 24 63 3 52 32 34 56 39 36 0 5 21 7 57 44 15 4 90 86 56 83 ]
[ 4 49 24 85 36 68 20 50 52 28 85 69 81 1 15 54 10 42 11 63 9 59 71 61 66 4 0 8 95 66 64 0 15 40 37 3 60 10 5 13 38 91 34 19 44 1 26 7 43 37 ]

Timer (generate): 8ms real	0ms user	0ms sys
[ 17 86 0 98 89 16 61 15 69 95 62 83 12 28 97 61 31 16 1 31 83 67 5 90 4 98 66 43 11 13 69 28 51 69 79 92 85 40 7 6 87 21 89 52 2 39 65 33 55 66 ]
[ 16 90 33 22 81 38 20 99 33 84 64 2 12 67 23 91 59 60 84 18 67 71 92 8 75 94 47 40 27 54 7 95 97 92 17 78 82 90 29 15 74 46 17 86 13 40 30 73 1 14 ]
[ 43 20 37 35 28 13 29 28 53 8 82 12 4 79 57 73 9 39 63 39 55 37 37 24 76 50 65 58 75 18 24 19 38 61 6 18 26 88 46 32 96 81 96 52 60 53 26 22 93 41 ]
[ 13 0 31 50 24 59 0 41 17 28 59 41 99 49 54 5 68 33 93 14 65 42 47 61 94 8 15 72 82 60 14 95 60 45 45 84 4 97 78 21 77 37 14 76 39 20 34 7 53 27 ]
[ 73 18 69 21 32 16 81 47 88 63 7 2 10 19 99 55 55 3 4 33 24 82 23 90 10 62 11 44 21 16 72 46 35 93 19 67 61 52 66 2 67 25 4 77 44 4 84 51 59 89 ]
[ 85 36 23 8 26 33 22 89 78 95 6 2 41 93 47 13 12 9 65 78 11 33 55 67 62 51 23 47 2 83 88 39 19 63 99 97 96 21 87 26 68 45 80 62 38 80 75 50 41 92 ]
[ 80 4 77 87 71 40 38 47 87 92 82 27 32 53 90 31 50 38 5 89 17 73 34 97 35 24 29 10 26 70 3 6 74 32 45 98 72 83 45 11 76 27 38 60 80 80 91 82 19 96 ]
[ 72 36 70 58 85 5 83 15 68 9 85 23 68 12 55 13 10 80 49 55 91 25 34 82 37 66 62 28 48 33 77 72 69 99 31 7 56 14 74 24 75 11 99 43 23 7 57 33 87 6 ]
[ 40 30 83 74 64 20 40 27 0 41 12 77 13 34 76 96 41 33 10 15 9 86 26 61 81 50 68 90 35 7 96 76 37 31 2 2 3 95 81 4 36 93 33 1 27 62 98 20 47 8 ]
[ 35 8 46 14 69 80 16 37 70 51 44 19 79 34 50 82 88 6 77 69 62 65 14 95 66 94 9 64 14 56 25 2 17 23 68 86 3 84 76 74 87 72 93 19 58 95 1 46 1 30 ]
[ 67 63 95 82 11 13 28 20 78 94 29 3 96 46 26 64 84 82 0 60 56 40 85 49 59 43 44 12 90 98 94 57 61 41 91 72 54 19 45 84 14 74 39 62 72 66 79 56 0 31 ]
[ 69 56 71 54 57 82 97 53 94 39 51 40 97 65 81 40 89 88 12 34 72 78 60 12 40 84 30 71 93 30 3 62 86 26 68 95 9 17 48 55 57 52 96 6 17 77 46 6 65 10 ]
[ 93 90 88 5 2 81 90 32 52 83 62 7 97 0 34 65 95 43 82 95 98 91 47 46 97 64 76 96 23 41 58 16 83 47 21 85 28 63 17 32 46 31 92 95 83 26 60 78 21 95 ]
[ 74 71 38 21 18 36 38 94 84 61 87 42 29 71 41 50 56 21 66 26 54 12 9 46 60 93 24 72 23 45 67 97 16 58 71 34 94 61 28 30 22 68 24 51 39 66 53 47 87 19 ]
[ 73 93 84 83 91 44 28 15 16 51 60 36 1 29 94 72 15 40 33 44 70 7 64 94 58 3 60 63 50 0 83 76 93 67 11 85 63 39 52 79 90 65 15 91 94 61 15 9 1 0 ]
[ 5 71 59 69 18 69 24 30 33 27 82 16 3 76 35 14 13 98 5 17 29 95 82 97 39 28 58 6 90 60 59 47 83 18 69 53 40 93 84 73 20 18 41 75 94 28 89 59 78 46 ]
[ 29 7 42 11 4 33 92 63 91 82 23 2 81 58 73 50 12 13 44 48 86 16 66 79 92 13 7 33 24 85 80 53 44 74 17 49 59 9 12 50 43 87 5 24 97 78 27 9 91 71 ]
[ 9 29 39 76 8 31 89 67 17 65 4 97 19 48 23 36 97 82 97 61 84 92 0 89 68 98 67 95 59 10 66 69 39 6 45 99 89 86 18 58 51 22 7 70 23 30 58 20 64 55 ]
[ 34 49 99 34 90 68 84 58 63 44 20 30 13 60 88 10 11 29 96 30 88 99 4 95 22 27 78 80 0 42 88 34 43 87 20 34 55 57 44 19 1 64 1 66 76 41 76 88 22 24 ]
[ 18 10 23 22 58 45 2 88 78 2 30 18 88 74 5 8 60 13 65 4 84 18 68 37 84 45 78 12 85 52 36 55 15 60 29 25 57 31 13 87 33 43 5 21 69 63 82 29 28 99 ]

Running insertion sort algorithm: 
Timer (sort): 6683ms real	5350ms user	10ms sys
The output is sorted!
[ 55 3 1 19 9 21 82 9 2 8 25 27 3 1 43 0 35 86 94 15 16 6 4 58 34 1 89 69 89 4 48 96 7 1 15 68 22 49 77 25 58 3 4 13 56 0 13 43 86 59 ]
[ 70 62 15 7 30 26 10 43 70 7 18 79 88 0 40 96 26 62 2 14 4 91 18 97 70 3 18 36 12 64 61 34 26 28 42 8 55 4 52 25 12 22 4 52 22 45 1 1 59 3 ]
[ 74 70 41 22 17 62 8 69 69 65 35 47 50 2 9 7 12 60 11 38 51 13 34 46 61 1 17 16 48 12 83 22 34 24 44 4 39 4 73 8 69 8 7 19 11 68 26 75 28 90 ]
[ 63 93 68 11 78 27 34 50 94 8 88 5 9 50 11 39 42 7 30 19 41 52 21 55 10 2 10 43 0 11 1 15 56 22 26 34 1 60 37 96 21 25 53 30 28 64 69 22 23 51 ]
[ 20 37 55 49 2 2 19 66 22 75 22 39 70 15 32 3 63 15 27 97 47 73 55 12 17 15 77 98 12 9 0 33 46 8 34 48 10 54 67 85 81 41 24 4 8 9 7 23 24 86 ]
[ 65 14 6 10 96 78 64 5 23 54 14 11 50 54 22 23 3 3 5 38 34 64 11 54 41 29 54 88 90 67 10 7 34 68 17 30 47 81 88 70 87 2 33 37 8 7 12 11 11 17 ]
[ 23 15 14 80 56 2 52 7 56 90 22 81 13 85 10 89 0 6 34 23 25 14 49 15 67 66 94 14 4 7 51 27 23 65 59 31 20 11 38 28 1 13 9 66 98 19 7 50 77 41 ]
[ 80 13 37 18 51 45 79 40 21 3 94 54 79 15 67 27 80 1 10 10 28 89 26 15 5 34 25 84 22 49 0 2 63 37 20 66 34 51 58 55 55 52 9 34 19 28 13 0 29 23 ]
[ 19 15 6 94 5 27 7 15 27 37 77 38 4 53 59 6 32 19 66 74 44 1 21 24 48 61 68 48 84 66 50 3 82 8 49 87 35 8 2 14 45 31 53 2 36 12 8 21 83 75 ]
[ 49 55 41 86 64 35 21 75 98 9 24 24 10 16 39 91 5 7 52 19 10 79 69 91 19 56 3 2 32 11 87 82 18 28 20 82 15 42 9 14 51 33 90 13 1 29 4 7 37 8 ]
[ 58 24 39 40 16 14 61 25 38 73 85 17 57 11 4 21 36 9 2 93 43 96 36 66 60 98 63 53 0 99 33 10 23 24 50 91 39 11 16 29 37 2 46 46 13 2 19 2 11 21 ]
[ 0 6 83 14 50 31 35 14 63 38 55 34 27 25 97 99 29 29 26 25 20 13 60 3 11 51 49 91 15 14 56 16 72 39 30 22 23 17 89 38 55 44 24 35 21 21 86 2 2 64 ]
[ 21 25 72 3 59 1 4 61 8 2 32 45 86 33 8 47 25 1 14 19 65 8 30 55 48 77 71 24 48 75 16 21 0 40 76 11 42 80 72 2 35 57 47 73 90 7 20 15 9 86 ]
[ 23 5 0 42 61 3 59 33 40 58 5 19 25 43 0 23 66 15 94 48 17 36 15 5 23 46 12 11 42 66 83 17 71 35 59 84 38 18 18 30 28 75 49 6 18 50 29 84 65 75 ]
[ 26 30 23 7 39 21 61 8 70 19 0 15 2 31 22 1 45 44 21 56 56 65 76 71 6 73 6 31 33 64 55 11 94 30 18 85 3 31 93 25 51 94 93 5 77 15 6 23 12 28 ]
[ 33 5 35 55 0 49 15 57 45 62 35 5 2 62 13 32 22 68 47 17 24 49 5 71 6 70 66 15 47 76 84 32 34 72 87 34 21 2 44 18 16 31 75 19 45 89 3 19 9 50 ]
[ 23 7 96 1 97 70 19 0 10 47 11 11 98 16 9 63 25 38 78 85 27 52 63 39 60 56 24 74 9 60 5 33 19 1 34 17 23 6 17 33 5 28 96 3 44 57 18 22 96 49 ]
[ 7 54 14 0 78 84 37 17 9 12 47 89 27 56 18 7 13 73 42 38 91 2 19 88 79 59 23 36 89 17 0 49 71 14 49 1 51 38 19 12 2 18 1 30 26 71 37 39 96 31 ]
[ 86 47 3 75 39 18 21 56 32 34 62 13 82 39 39 6 4 20 37 26 53 44 80 0 59 4 95 52 15 6 35 2 53 38 29 45 56 2 1 88 36 15 1 70 54 92 29 10 12 66 ]
[ 6 42 27 44 98 88 8 41 38 49 16 62 38 27 70 34 70 62 26 70 6 29 57 23 67 31 17 14 7 65 57 13 7 36 9 57 24 70 51 14 19 19 29 57 46 51 44 16 13 22 ]

