Timer (generate): 45ms real	20ms user	0ms sys
[ 25 61 40 1 9 57 44 85 0 5 81 61 29 50 53 25 90 16 17 39 51 29 95 97 3 76 35 99 38 52 72 15 13 12 17 23 22 61 60 22 18 94 35 47 44 88 72 35 56 89 ]
[ 26 7 70 73 56 25 49 91 76 40 44 48 55 9 13 72 32 35 85 93 9 3 87 96 51 83 84 75 70 40 17 96 99 39 70 55 65 19 99 41 59 95 42 67 4 7 91 37 94 77 ]
[ 82 55 32 21 51 35 56 87 11 27 79 28 23 78 67 45 85 84 65 84 78 76 31 72 95 36 31 87 25 25 64 59 80 48 80 83 84 36 70 95 63 49 75 39 79 94 84 16 31 1 ]
[ 1 61 30 84 33 25 20 64 12 97 41 28 56 73 29 36 56 13 25 78 60 40 27 87 31 58 33 16 74 64 69 27 25 99 12 10 77 84 26 89 82 19 70 38 92 99 27 48 64 4 ]
[ 26 76 96 5 63 28 15 96 96 90 61 65 17 38 65 81 1 94 66 27 35 0 47 5 90 91 56 69 92 72 73 70 48 70 28 11 98 43 60 46 33 73 11 3 11 28 84 64 22 2 ]
[ 92 58 2 91 15 93 34 24 62 26 96 88 49 97 10 77 8 60 20 20 6 6 93 17 9 57 98 45 21 20 0 65 30 54 8 46 99 43 22 14 21 18 2 70 67 64 47 28 24 20 ]
[ 48 30 26 42 99 87 99 97 84 72 70 84 38 0 39 46 98 90 41 20 4 63 91 58 85 58 22 33 86 46 5 87 28 31 29 28 70 80 77 54 52 99 91 42 0 82 41 50 72 82 ]
[ 23 77 97 66 35 83 76 58 16 15 56 73 2 85 4 31 65 26 63 94 80 67 94 71 10 46 53 51 96 78 85 71 55 83 37 42 66 14 52 34 29 61 7 31 98 63 14 63 89 77 ]
[ 57 69 96 3 93 6 49 98 9 46 76 95 69 83 78 7 78 96 21 82 30 2 43 37 85 41 0 99 56 41 28 66 10 24 69 55 83 19 6 44 17 34 91 86 70 69 45 48 65 18 ]
[ 82 47 20 26 84 5 19 36 56 76 77 36 42 40 13 63 47 96 34 53 92 3 88 84 42 10 53 87 58 71 6 40 70 78 18 55 36 38 43 44 14 21 81 8 61 94 23 8 42 58 ]
[ 14 34 61 54 18 55 64 24 43 22 47 1 14 17 79 85 72 67 23 68 12 89 89 93 49 2 87 72 62 81 82 76 15 96 82 34 51 46 58 46 20 57 47 87 74 27 72 99 46 47 ]
[ 67 58 36 56 51 37 10 90 61 72 71 44 1 39 92 35 73 95 82 83 42 2 40 89 89 66 68 13 65 15 60 32 73 48 40 77 85 50 19 47 75 43 43 28 82 35 63 55 30 97 ]
[ 90 72 52 82 14 93 48 82 7 14 49 67 98 75 16 39 52 53 41 71 0 68 66 43 48 48 30 12 55 61 61 45 85 13 79 99 7 28 34 14 94 83 33 44 58 1 83 62 55 77 ]
[ 86 7 45 52 3 94 1 33 58 56 46 19 54 32 33 33 83 92 13 17 6 59 1 91 4 11 93 39 74 0 16 12 7 14 64 10 60 17 44 70 74 42 89 80 74 74 65 58 66 79 ]
[ 27 24 90 80 16 94 92 9 86 18 61 54 82 68 68 46 79 80 16 75 50 42 69 92 22 44 66 87 54 85 18 81 9 9 62 77 55 6 38 41 76 99 96 58 68 16 56 99 97 72 ]
[ 26 47 14 95 39 36 91 58 76 45 43 94 79 4 55 93 82 11 51 20 4 27 72 0 37 40 69 93 91 66 66 17 65 80 64 57 69 56 67 45 1 62 91 32 18 47 25 0 10 76 ]
[ 73 14 55 45 15 92 37 36 86 28 54 4 97 71 84 61 28 5 17 47 2 71 9 94 3 80 41 81 80 3 9 5 17 65 2 84 9 91 20 95 19 74 99 68 46 36 30 26 41 99 ]
[ 26 44 70 87 90 26 67 83 59 48 86 68 5 3 85 60 88 95 51 60 90 23 35 42 91 33 30 73 11 23 73 37 19 95 25 9 73 92 92 32 92 78 53 50 34 38 10 22 33 61 ]
[ 34 76 84 69 18 28 54 0 1 66 23 26 3 43 74 80 52 47 73 97 32 17 75 85 67 61 75 29 83 9 43 70 37 27 39 7 7 46 7 9 12 30 87 67 73 61 48 78 61 73 ]
[ 75 45 42 2 82 62 64 57 91 99 18 34 69 55 14 61 62 21 7 21 82 19 4 22 38 77 83 86 7 96 11 82 41 54 37 23 16 1 33 59 0 51 94 70 59 8 31 73 81 90 ]

Running insertion sort algorithm: 
Timer (sort): 43334ms real	36600ms user	110ms sys
The output is sorted!
[ 19 24 30 45 81 10 15 32 7 71 92 59 59 7 33 10 24 83 50 23 55 51 45 15 49 55 29 25 36 28 9 8 53 91 5 34 1 72 18 8 43 10 19 2 17 4 12 41 40 62 ]
[ 6 8 74 47 85 7 13 30 9 36 0 66 48 90 90 63 37 12 8 55 52 14 33 2 22 39 44 92 96 0 17 54 8 43 2 45 50 15 28 12 3 28 78 3 18 20 66 8 32 26 ]
[ 34 11 21 49 33 5 67 17 9 81 31 38 11 13 27 15 35 39 92 72 21 33 41 46 62 77 49 48 4 13 3 38 24 24 40 9 82 7 26 91 40 9 30 51 23 9 66 10 0 59 ]
[ 60 80 15 95 12 30 43 11 63 22 7 58 50 4 11 44 0 27 6 59 43 42 22 15 24 22 67 31 29 46 4 89 79 71 36 43 1 32 54 16 54 61 26 4 17 37 0 18 64 6 ]
[ 8 22 32 19 51 47 9 25 31 9 13 71 15 6 4 52 5 5 67 28 78 20 31 74 11 36 66 3 35 18 14 44 40 47 15 44 94 77 69 77 38 82 0 5 41 5 57 46 62 24 ]
[ 8 6 27 34 63 58 42 92 18 69 19 76 44 8 99 43 73 22 46 26 63 43 16 6 3 52 28 18 1 42 0 9 48 27 44 11 37 38 55 7 8 26 84 4 35 35 48 60 9 46 ]
[ 1 12 43 34 1 15 13 14 17 99 0 38 38 53 81 70 43 66 18 35 74 60 94 4 34 6 11 58 16 5 11 17 69 6 52 23 22 17 37 91 16 89 29 6 95 10 28 38 29 46 ]
[ 25 24 52 16 2 0 2 5 88 66 71 38 62 33 28 68 12 55 44 2 79 26 67 14 7 1 1 4 60 58 48 37 34 53 54 88 5 56 94 46 22 17 84 36 2 13 4 14 20 48 ]
[ 4 10 14 26 8 64 13 15 26 20 92 49 47 25 33 2 10 8 90 11 27 61 10 21 36 23 12 88 46 44 7 2 6 21 29 15 86 94 82 64 14 74 13 14 99 99 16 61 7 58 ]
[ 32 50 11 52 47 43 52 7 1 12 71 43 1 8 17 50 13 30 59 89 75 53 46 8 71 89 16 35 22 10 53 6 12 16 10 59 60 15 19 13 27 90 56 28 50 25 31 15 8 90 ]
[ 37 22 30 74 55 4 20 10 6 78 57 33 53 25 42 57 2 2 7 12 10 37 9 65 53 33 53 89 77 5 34 67 28 16 93 35 21 13 45 79 43 54 12 48 32 7 57 34 9 16 ]
[ 1 17 70 10 77 57 46 1 56 9 10 68 21 11 74 7 48 14 32 13 15 14 66 9 21 8 44 54 31 87 11 32 4 34 94 81 91 41 35 47 50 45 15 23 9 42 30 9 56 63 ]
[ 41 33 92 6 59 28 50 12 6 4 76 2 20 49 6 6 55 86 36 34 91 11 59 20 8 24 88 3 53 4 22 46 89 14 4 49 42 6 13 0 10 41 55 82 42 13 40 97 0 77 ]
[ 39 0 15 9 8 76 40 8 56 14 5 61 6 53 29 70 3 86 20 41 2 10 60 7 83 35 92 38 15 85 38 6 37 53 15 97 82 8 5 38 22 10 51 28 15 80 50 70 19 22 ]
[ 11 21 6 13 85 44 2 37 72 47 42 61 11 14 57 7 36 61 43 26 22 11 85 21 85 11 89 0 4 10 61 15 32 19 28 69 63 83 7 87 30 1 49 94 67 6 1 3 20 44 ]
[ 5 71 68 44 2 44 0 8 18 52 59 11 29 50 5 20 36 68 25 62 22 27 57 57 45 73 20 70 0 74 52 6 98 20 2 0 64 55 9 34 7 20 97 36 71 3 8 59 23 33 ]
[ 2 80 50 51 20 17 48 78 3 35 17 24 12 18 50 46 6 98 31 83 10 1 4 45 45 27 76 57 49 81 4 51 61 6 54 33 24 3 63 79 38 33 3 2 51 6 48 9 56 32 ]
[ 27 21 58 69 50 67 19 8 20 43 92 66 22 53 32 70 19 17 85 15 31 39 14 4 13 52 27 18 15 5 24 94 27 34 15 77 2 34 37 22 30 30 40 52 83 24 23 54 41 8 ]
[ 34 10 9 2 34 26 49 85 14 1 87 55 45 52 27 31 26 27 74 34 5 73 28 15 30 12 45 85 15 27 2 49 37 11 3 23 89 53 8 55 54 96 11 52 0 38 83 78 17 9 ]
[ 22 59 56 6 66 20 6 14 19 28 25 1 26 74 35 22 25 34 94 4 44 61 15 79 1 41 54 1 42 35 76 64 46 33 22 12 53 29 78 25 9 3 26 87 30 13 61 55 99 7 ]

Timer (generate): 39ms real	10ms user	0ms sys
[ 92 84 58 58 56 17 50 1 30 96 96 8 91 84 32 31 97 50 26 82 73 90 27 47 87 1 89 26 34 43 0 79 79 10 37 87 79 39 41 10 36 37 70 79 73 3 62 70 5 89 ]
[ 4 78 31 84 25 19 85 67 97 19 62 97 50 41 59 88 81 38 27 22 0 15 11 71 47 37 26 61 7 31 2 64 62 34 48 39 5 33 6 2 4 20 51 55 14 10 95 95 48 74 ]
[ 69 1 90 32 72 89 69 50 50 29 33 5 93 95 39 41 87 44 74 45 98 30 66 1 85 80 11 32 27 11 7 96 12 49 28 36 38 50 86 40 79 72 45 72 19 36 65 6 32 91 ]
[ 52 82 21 70 83 59 2 46 91 29 58 98 77 22 47 57 11 37 7 49 30 86 21 27 10 41 16 75 99 48 66 3 83 40 73 66 99 75 13 90 56 23 41 33 45 88 91 56 78 98 ]
[ 58 8 37 79 87 47 72 3 75 72 4 93 75 87 33 1 53 32 28 18 75 85 41 16 70 39 56 61 47 86 12 5 46 1 85 34 0 57 37 27 81 41 21 9 80 6 10 34 39 38 ]
[ 52 66 75 46 34 46 85 42 59 84 29 23 90 75 76 27 9 77 36 99 56 70 92 77 79 73 84 89 59 75 79 63 93 7 61 27 5 46 21 16 83 50 92 73 78 68 52 87 97 40 ]
[ 38 54 10 83 83 89 8 67 30 67 94 62 82 87 69 44 66 26 42 88 42 25 38 34 50 16 55 54 56 52 95 46 58 5 81 42 47 89 61 77 8 56 39 91 95 60 87 62 86 29 ]
[ 50 29 7 40 15 9 9 70 64 17 23 11 15 81 16 97 75 15 86 37 93 95 45 84 38 40 45 25 2 31 6 4 12 65 97 28 75 58 98 91 27 73 2 42 55 70 39 82 86 78 ]
[ 19 31 73 64 15 63 5 12 40 59 44 98 16 8 64 13 36 39 23 87 82 50 60 84 92 67 54 84 50 92 62 69 23 87 86 91 2 43 3 42 2 99 40 18 8 4 83 44 95 58 ]
[ 83 77 8 44 13 53 11 68 37 61 12 51 83 88 38 69 79 40 12 82 34 66 82 74 37 42 31 72 86 78 31 22 8 91 66 21 44 77 41 33 91 54 84 74 42 74 95 21 66 59 ]
[ 55 0 25 89 27 14 31 10 87 70 88 70 92 48 61 58 70 58 87 11 91 78 17 28 4 59 2 99 32 21 58 40 21 36 29 0 2 61 10 89 83 51 11 75 99 73 85 21 31 72 ]
[ 33 74 51 50 2 7 62 57 7 46 78 17 38 51 5 68 52 8 81 14 49 64 17 61 91 69 86 76 90 17 48 23 91 51 26 46 11 40 3 70 38 81 39 77 32 45 45 36 5 78 ]
[ 3 6 94 20 67 85 89 53 13 80 22 13 55 66 17 33 12 28 73 67 98 64 48 37 41 32 34 38 21 39 16 24 98 10 96 65 47 38 71 60 70 45 73 25 63 90 11 75 18 84 ]
[ 42 68 0 42 6 41 27 40 79 0 32 47 76 30 57 24 47 56 62 70 16 32 68 42 10 31 32 21 7 3 57 1 23 58 96 29 99 75 22 31 27 6 78 3 88 88 27 87 44 42 ]
[ 58 61 74 26 55 36 9 39 57 16 42 15 70 18 73 18 47 24 45 21 55 72 79 34 27 67 22 6 55 18 48 65 79 75 43 86 11 52 26 21 21 20 88 43 38 13 61 38 37 58 ]
[ 11 45 30 91 31 57 10 53 15 17 71 64 82 3 91 77 41 54 82 67 75 3 88 63 98 78 28 11 16 66 69 28 63 51 71 94 8 81 47 75 99 70 39 33 25 82 63 67 37 45 ]
[ 86 64 0 74 80 98 5 8 9 21 26 30 1 89 81 24 83 41 6 82 16 57 5 8 90 30 90 5 49 79 50 36 44 50 62 24 48 67 84 9 41 11 39 42 0 20 19 36 61 25 ]
[ 70 30 34 75 38 76 58 28 82 7 8 32 95 4 35 58 80 83 77 64 45 18 27 84 13 80 57 32 16 70 9 86 0 43 14 38 19 72 19 1 31 79 34 79 83 69 37 63 4 14 ]
[ 79 1 85 7 38 98 87 95 30 55 17 39 93 18 82 7 8 53 31 79 55 63 58 41 42 41 62 31 56 66 97 88 20 82 95 58 32 34 5 62 89 22 53 34 92 87 42 1 41 25 ]
[ 80 48 88 91 89 82 84 51 65 41 69 15 81 89 97 76 99 30 62 4 44 3 27 50 37 19 89 31 72 30 57 5 30 97 96 19 32 80 22 97 73 44 12 54 33 62 82 33 44 44 ]

Running insertion sort algorithm: 
Timer (sort): 36556ms real	32100ms user	30ms sys
The output is sorted!
[ 10 46 28 87 16 17 61 60 27 15 88 28 36 29 97 6 75 79 65 8 19 16 7 17 10 3 51 92 37 57 2 0 4 30 87 20 0 1 32 27 68 20 7 5 1 57 11 77 36 28 ]
[ 33 10 87 12 4 18 3 3 14 21 22 92 78 73 25 95 23 19 1 12 6 97 23 34 14 79 72 49 17 5 68 51 68 7 15 72 26 18 27 40 39 49 32 17 22 9 13 46 28 14 ]
[ 28 5 52 16 65 71 11 40 0 32 82 31 36 11 47 35 13 96 34 98 14 24 48 77 2 27 20 3 17 5 76 46 10 80 14 28 51 25 20 4 57 2 35 45 14 34 32 27 30 67 ]
[ 8 1 28 11 6 62 23 22 58 94 33 39 19 39 5 32 24 9 8 31 6 53 15 6 1 50 1 49 4 83 72 64 36 0 75 43 14 50 17 24 44 50 64 64 41 69 96 17 31 56 ]
[ 15 36 11 71 97 60 3 21 25 0 46 8 19 48 24 9 94 37 21 12 15 89 84 40 46 12 28 95 3 22 0 18 58 11 90 7 23 45 81 49 45 27 9 65 28 34 26 22 23 0 ]
[ 77 12 89 28 43 47 9 7 64 11 96 18 6 39 30 28 26 5 7 15 19 25 66 36 15 68 51 31 4 44 4 81 8 46 61 3 93 70 63 57 34 11 27 92 2 10 20 28 15 28 ]
[ 67 29 69 64 8 7 82 36 2 44 25 24 80 33 22 26 2 11 34 39 2 29 8 95 76 4 59 67 57 28 6 76 9 27 40 17 34 23 5 89 67 31 13 0 64 35 26 19 47 13 ]
[ 66 2 19 60 20 8 14 21 13 25 65 17 50 27 9 15 5 39 69 13 58 92 4 25 94 33 25 76 55 34 50 22 36 69 34 8 29 48 29 42 26 46 11 28 74 20 43 31 11 64 ]
[ 23 9 76 14 68 32 58 31 8 34 5 48 17 23 14 37 44 5 50 54 71 52 27 6 17 29 9 28 62 26 50 85 36 78 51 4 10 9 87 18 43 92 18 13 68 32 2 12 38 52 ]
[ 12 66 14 4 2 22 76 3 25 59 88 1 6 82 71 55 29 80 21 25 16 44 98 0 42 27 37 15 37 1 4 2 20 19 6 22 93 34 77 18 45 66 72 4 0 43 59 30 75 33 ]
[ 3 4 5 56 28 3 6 5 92 72 89 19 76 71 46 71 18 78 87 53 27 2 16 5 53 38 30 62 12 10 28 16 14 85 24 43 88 30 0 33 2 90 4 31 13 50 2 31 29 42 ]
[ 96 77 85 0 78 49 30 48 35 69 51 82 86 27 59 57 18 4 13 0 17 17 32 51 31 4 54 11 16 72 14 64 49 0 64 27 1 46 27 36 15 30 18 2 9 30 11 27 34 24 ]
[ 33 60 54 73 29 11 62 23 92 74 10 25 22 28 31 7 35 51 5 72 3 60 14 57 6 18 2 5 92 69 5 25 30 11 98 11 23 60 35 67 35 45 44 9 26 27 16 13 78 21 ]
[ 67 86 2 55 13 11 34 41 13 18 81 49 44 4 52 60 8 65 46 29 90 61 12 7 51 26 60 10 43 22 1 62 8 55 17 73 19 3 15 32 21 96 33 65 0 86 25 8 3 24 ]
[ 56 38 37 12 24 29 47 0 2 6 54 32 36 53 30 70 65 65 18 19 9 24 51 75 58 15 20 0 43 87 18 51 78 55 63 2 84 11 2 38 17 8 71 5 62 53 28 27 18 46 ]
[ 98 2 63 57 16 64 40 37 69 36 27 10 46 34 16 59 92 16 1 32 7 39 54 20 6 69 1 13 17 5 75 67 59 38 24 28 2 17 65 23 53 44 33 51 30 50 10 22 18 63 ]
[ 38 42 12 5 48 12 28 4 19 0 47 2 11 96 55 27 32 7 47 71 59 77 0 2 47 18 70 94 17 21 50 55 16 63 60 16 27 89 73 46 41 20 48 5 68 55 32 0 15 31 ]
[ 12 32 28 0 0 59 7 74 70 50 8 35 34 29 88 36 35 56 32 94 59 12 22 69 31 18 45 18 37 42 27 2 74 7 2 26 67 61 1 37 11 9 24 97 90 12 34 25 69 18 ]
[ 69 21 85 26 7 14 56 89 10 22 15 15 14 73 42 89 29 2 9 3 20 40 6 66 25 1 88 89 12 41 88 33 14 25 59 22 40 15 11 50 89 78 17 56 4 59 45 33 14 6 ]
[ 10 19 14 14 1 33 37 63 41 57 32 16 70 6 45 98 20 71 56 9 24 10 42 52 33 69 42 32 48 53 88 10 24 3 24 26 88 13 41 30 22 26 46 93 32 44 43 52 15 0 ]

Timer (generate): 43ms real	20ms user	0ms sys
[ 71 26 66 29 47 99 31 46 4 18 19 31 77 51 74 72 42 74 8 33 84 49 99 61 33 6 8 5 65 83 42 36 61 8 18 8 59 1 54 16 20 74 99 49 77 73 21 71 0 30 ]
[ 57 36 31 56 97 64 62 57 69 27 93 63 15 54 23 85 15 35 87 69 51 59 95 2 8 72 27 29 96 79 11 53 15 94 9 64 59 23 74 80 2 67 96 17 73 19 55 88 6 42 ]
[ 10 9 1 5 11 9 30 91 90 26 70 54 79 38 48 40 2 59 63 28 40 65 95 88 34 21 7 89 9 66 31 19 75 84 77 87 45 7 30 36 85 0 90 64 38 38 56 93 98 19 ]
[ 21 90 84 69 78 70 90 37 60 51 3 91 71 31 76 0 70 21 7 0 9 44 0 51 60 39 42 16 84 92 35 5 82 71 74 12 93 16 1 53 68 57 45 91 88 73 91 58 46 50 ]
[ 58 8 94 10 59 54 1 1 70 85 93 57 91 27 80 17 39 73 86 93 79 54 50 76 45 38 49 36 48 47 38 58 55 32 68 15 86 70 68 8 7 62 17 98 89 49 68 81 74 54 ]
[ 74 53 60 76 29 5 66 78 93 14 78 31 24 33 63 92 0 1 14 69 61 22 83 78 72 72 79 92 5 53 46 31 7 58 59 36 63 25 67 8 91 45 39 15 30 54 60 31 7 74 ]
[ 52 68 96 35 98 69 59 29 61 17 83 60 48 90 70 8 26 34 85 93 94 77 90 86 44 21 40 4 4 0 79 56 68 27 43 19 48 2 48 10 19 83 22 20 73 92 80 52 78 65 ]
[ 97 73 94 88 59 39 61 51 95 65 51 74 73 72 54 16 43 2 70 43 12 42 27 86 62 0 31 94 4 9 59 2 34 6 42 45 45 3 97 92 20 0 67 45 72 21 61 15 75 83 ]
[ 59 88 25 38 26 39 38 57 33 95 19 45 97 5 51 91 51 48 46 0 40 66 0 59 11 73 32 24 40 8 7 51 48 85 89 74 24 80 84 58 27 55 3 76 60 6 67 11 54 13 ]
[ 11 94 31 12 6 42 37 38 18 29 46 77 33 94 62 74 21 87 6 5 97 33 60 52 9 20 58 76 84 64 41 95 58 72 59 64 66 48 55 36 78 1 14 63 48 76 37 69 15 44 ]
[ 26 64 77 38 68 39 10 26 67 94 42 9 42 53 81 1 69 0 2 24 36 32 26 50 95 26 79 32 95 46 28 73 63 58 11 31 97 21 10 64 16 52 25 10 5 59 11 75 59 65 ]
[ 51 95 97 29 98 92 55 29 77 2 75 5 75 90 15 86 22 64 60 32 81 76 36 6 38 94 65 1 69 76 67 72 24 64 2 22 57 57 3 86 60 30 43 87 21 59 74 43 23 34 ]
[ 27 4 62 15 63 0 9 28 1 30 5 20 3 29 85 5 3 94 14 6 80 26 36 23 14 9 34 88 52 10 74 31 14 88 47 29 88 56 58 41 87 15 62 42 44 99 47 99 93 13 ]
[ 57 25 40 93 0 54 3 87 94 7 97 20 91 63 8 38 93 48 46 3 89 85 18 3 27 14 54 26 13 99 40 70 24 32 15 77 38 70 64 84 30 61 4 21 76 12 11 69 60 9 ]
[ 72 1 47 90 57 74 56 11 53 21 11 45 91 35 77 59 64 67 81 28 51 11 41 55 84 18 67 47 39 79 57 12 80 4 54 37 30 63 1 83 84 12 80 28 99 9 87 64 76 68 ]
[ 44 27 32 38 34 16 8 1 64 47 32 73 11 65 77 18 54 59 81 55 43 17 67 23 45 19 33 32 35 61 53 79 89 85 69 23 1 77 77 17 25 61 90 36 26 19 6 81 79 87 ]
[ 36 74 57 56 49 2 75 34 87 10 96 40 41 37 25 11 12 78 88 41 48 65 3 90 54 29 10 60 10 41 0 99 15 57 55 16 59 82 51 46 44 99 38 85 36 15 48 48 46 89 ]
[ 90 94 54 93 84 8 74 46 21 85 87 21 84 54 78 39 71 89 73 74 88 17 73 26 2 9 42 3 9 88 92 51 82 46 96 18 7 71 17 28 56 56 1 92 11 79 83 34 20 56 ]
[ 8 8 73 81 35 75 42 77 30 3 17 22 55 99 21 51 69 80 74 38 8 30 95 9 74 58 40 57 44 60 13 52 21 86 85 56 14 79 85 96 82 2 19 89 53 92 93 22 72 67 ]
[ 13 80 50 8 41 24 18 33 82 62 93 47 66 14 86 51 22 52 82 7 48 16 9 67 6 14 59 99 89 31 66 2 63 68 62 56 93 80 89 27 42 83 74 8 49 60 11 24 12 93 ]

Running insertion sort algorithm: 
Timer (sort): 32549ms real	30230ms user	180ms sys
The output is sorted!
[ 21 2 95 53 11 94 14 17 91 16 36 2 27 29 29 20 2 16 16 27 93 0 17 16 11 56 4 96 92 59 17 13 61 64 18 25 11 32 42 2 1 30 4 28 60 34 1 62 2 17 ]
[ 28 19 93 90 3 43 12 98 43 31 1 77 37 22 15 19 29 8 35 69 34 2 41 55 7 31 91 11 48 82 23 28 1 16 19 56 60 31 54 3 14 7 33 3 29 0 23 10 8 58 ]
[ 21 7 62 0 49 29 70 10 43 18 4 42 9 80 29 0 87 41 7 36 5 10 8 23 72 74 17 13 33 58 27 54 17 89 54 66 70 24 29 66 43 33 8 4 13 38 4 52 31 12 ]
[ 14 0 7 37 57 95 25 0 9 34 62 97 21 19 29 47 44 15 7 52 86 67 29 69 53 14 8 10 18 9 10 84 10 70 21 19 65 98 19 27 32 33 76 5 4 5 5 49 73 12 ]
[ 36 73 49 54 2 27 40 5 4 37 4 5 56 7 17 3 10 74 40 81 3 44 0 21 5 21 80 89 51 9 32 39 34 33 93 36 60 85 41 16 22 97 21 31 5 91 34 15 17 26 ]
[ 16 34 9 0 38 22 3 15 69 65 9 56 85 47 99 3 67 33 20 8 7 30 34 12 21 13 61 31 3 86 20 19 21 81 19 59 3 22 26 72 39 35 80 24 35 32 27 2 65 99 ]
[ 35 63 7 2 81 27 44 87 54 12 70 41 81 39 19 15 45 32 47 33 45 56 48 6 72 60 35 18 21 19 25 9 83 32 63 16 11 8 3 65 20 25 6 1 17 25 68 14 58 15 ]
[ 55 5 12 0 39 43 1 31 94 38 53 5 50 19 63 1 3 73 1 41 33 27 65 38 93 16 10 49 61 14 56 16 72 20 16 11 16 17 42 62 7 48 68 58 67 83 11 23 56 12 ]
[ 9 4 26 96 67 38 23 70 15 23 63 45 86 17 87 84 28 93 32 34 8 10 68 29 39 11 53 8 6 45 38 68 2 16 16 69 6 39 39 21 14 3 67 0 20 6 36 0 52 69 ]
[ 26 72 64 20 26 32 47 4 20 34 37 48 49 71 75 6 99 58 88 22 31 15 31 34 47 60 80 9 22 59 84 1 31 49 21 9 33 20 13 5 6 3 53 7 74 28 13 26 38 1 ]
[ 97 16 95 10 32 27 51 33 33 16 47 40 10 11 12 59 86 47 68 14 37 14 30 36 23 57 7 42 3 16 31 0 32 27 10 16 54 13 1 87 29 49 28 91 12 92 3 51 39 71 ]
[ 2 12 45 73 65 28 17 0 48 57 12 30 96 6 52 34 4 50 59 35 56 40 90 73 56 68 23 61 7 29 26 9 41 23 35 59 3 4 59 51 13 24 34 9 30 38 44 34 40 3 ]
[ 84 31 44 39 48 55 37 13 67 75 52 20 49 6 18 78 21 44 5 32 12 6 4 8 5 2 34 68 40 8 63 76 91 59 68 39 15 5 4 34 33 56 54 34 14 24 12 35 69 17 ]
[ 21 42 72 88 0 0 21 32 67 33 26 38 1 32 63 5 5 59 18 18 98 76 76 93 69 16 40 47 5 23 29 26 17 54 15 17 54 36 1 21 21 28 12 22 12 27 80 17 38 98 ]
[ 0 36 41 27 12 19 5 4 76 8 25 63 84 23 81 10 86 12 95 5 60 95 39 27 48 20 8 8 17 79 26 17 68 67 44 32 38 2 36 15 10 61 30 46 37 11 57 75 24 4 ]
[ 13 19 52 27 51 45 12 39 29 92 48 93 39 8 29 49 99 98 21 28 79 5 9 19 18 67 30 9 25 39 80 39 58 32 18 9 77 30 0 59 22 49 4 14 9 33 15 8 31 36 ]
[ 13 1 17 3 10 78 29 65 90 45 3 7 10 76 4 42 10 43 25 82 5 42 78 34 76 30 28 5 0 19 2 14 72 20 69 83 98 50 0 88 95 3 47 6 32 52 0 42 47 26 ]
[ 23 3 27 30 57 28 25 67 16 29 50 13 7 93 14 17 51 10 21 57 40 30 69 20 68 34 29 30 27 27 50 51 31 29 33 40 58 58 7 26 39 58 91 46 3 58 15 7 68 37 ]
[ 18 50 0 24 42 27 8 91 4 12 12 36 32 35 92 26 13 20 24 97 65 26 1 48 2 16 10 12 2 87 12 21 37 65 97 32 92 5 23 48 17 87 84 49 23 28 28 88 49 4 ]
[ 32 12 25 23 29 41 87 1 88 43 12 28 25 27 36 58 14 4 63 62 21 82 49 10 5 41 64 56 7 7 20 39 19 46 15 0 87 54 1 28 97 13 8 74 93 44 32 7 0 95 ]

Timer (generate): 39ms real	10ms user	0ms sys
[ 14 51 49 55 89 78 65 49 17 68 4 67 55 4 12 67 97 72 20 1 48 46 41 5 43 11 52 97 48 92 96 14 95 45 69 37 75 34 38 45 3 42 64 10 98 77 30 47 1 2 ]
[ 49 2 48 42 59 44 54 64 41 54 56 37 68 3 35 38 40 10 24 30 7 79 72 72 90 71 49 20 70 2 22 19 56 22 62 16 18 16 80 59 70 36 49 90 91 36 80 84 98 5 ]
[ 14 6 36 87 78 26 10 79 98 80 33 72 52 90 47 14 6 65 82 86 77 4 74 78 94 65 14 27 49 12 84 16 70 20 3 48 99 65 79 97 97 13 22 49 55 69 15 61 34 97 ]
[ 99 11 1 25 89 48 42 55 27 44 20 11 60 90 31 15 91 30 80 22 80 29 87 2 79 42 23 46 3 57 44 54 21 97 79 62 97 22 18 24 66 38 87 26 80 19 93 71 1 73 ]
[ 46 33 54 33 87 85 76 10 32 31 20 28 86 41 77 65 55 27 39 73 51 5 63 39 83 44 10 76 67 63 1 13 49 8 99 36 93 75 99 25 6 71 5 92 64 83 10 19 10 49 ]
[ 93 13 7 8 4 42 4 66 71 24 30 24 89 31 32 88 67 26 63 18 3 22 89 9 14 53 92 76 25 54 78 18 67 37 78 72 79 83 38 2 59 20 27 48 51 59 37 71 37 52 ]
[ 41 41 74 31 50 41 36 94 17 61 48 95 31 67 32 62 91 64 45 30 66 4 2 93 4 6 5 41 77 42 94 18 83 20 1 85 61 90 79 79 3 79 26 87 47 11 49 38 27 94 ]
[ 20 93 50 75 39 54 81 96 48 10 38 94 80 74 14 82 11 76 24 91 7 27 22 85 66 21 96 15 12 75 61 84 69 63 59 60 18 92 8 18 2 98 12 83 72 26 17 84 54 93 ]
[ 27 61 72 1 47 39 23 95 54 35 71 16 19 92 79 31 4 49 23 12 67 26 10 31 61 35 58 78 71 64 23 98 26 95 99 25 34 74 20 89 9 43 57 81 35 88 64 91 38 87 ]
[ 3 57 65 66 89 26 1 99 56 72 63 79 22 41 75 73 66 61 48 39 2 9 82 59 42 70 48 6 61 38 94 17 95 59 83 36 38 36 35 46 60 51 78 82 44 53 7 63 66 55 ]
[ 54 69 17 88 28 59 58 28 66 72 66 12 89 62 23 24 50 61 60 86 60 20 89 38 54 85 43 61 48 9 69 2 78 86 91 59 97 1 87 63 73 54 75 14 68 51 38 18 12 50 ]
[ 56 72 70 97 62 76 83 5 38 83 15 59 38 45 45 29 4 42 82 92 58 8 98 85 22 66 36 13 36 1 63 93 25 86 42 88 14 25 93 4 61 60 63 99 6 60 28 10 3 62 ]
[ 54 13 70 52 98 45 70 87 10 7 88 25 52 65 11 94 53 78 72 99 82 33 59 46 32 65 6 12 28 61 74 82 74 97 35 25 42 57 64 52 64 52 77 68 69 41 15 23 19 87 ]
[ 74 1 20 33 99 4 51 6 16 31 67 42 13 94 39 0 71 33 58 35 37 74 39 15 95 8 8 10 83 79 97 57 32 69 43 32 73 46 90 41 77 9 83 42 3 75 43 74 8 53 ]
[ 61 46 27 0 13 22 9 73 32 44 52 81 54 36 50 49 68 75 95 58 16 24 68 52 66 23 27 9 50 87 62 11 33 42 64 98 16 25 71 1 69 75 82 23 12 85 24 32 12 19 ]
[ 43 29 95 63 33 62 86 60 23 88 47 38 52 33 32 16 83 48 41 55 1 10 82 36 86 46 21 62 79 33 82 22 14 29 85 47 91 23 59 67 64 59 5 16 44 37 32 27 37 73 ]
[ 34 39 35 17 75 73 63 48 36 94 33 70 16 48 99 53 47 43 29 7 10 93 66 67 61 10 4 93 89 93 18 24 32 5 93 59 79 8 7 67 3 41 89 19 41 88 25 88 83 6 ]
[ 47 93 51 65 12 12 27 68 57 17 62 75 93 46 32 86 6 63 94 13 30 97 6 71 69 99 60 94 88 95 52 35 41 3 53 53 15 80 22 24 97 84 51 90 30 83 28 88 47 23 ]
[ 2 29 20 60 1 41 60 13 87 0 8 39 87 1 42 40 55 9 21 77 85 70 13 36 13 95 72 41 84 71 16 38 0 89 98 53 30 10 18 18 62 79 9 50 80 4 42 87 65 15 ]
[ 16 51 38 29 87 51 25 59 44 61 30 61 99 83 2 49 88 32 12 59 2 74 90 12 76 22 16 71 10 81 86 26 84 24 8 72 27 85 83 24 46 66 37 97 1 39 46 41 23 10 ]

Running insertion sort algorithm: 
Timer (sort): 31746ms real	30030ms user	100ms sys
The output is sorted!
[ 2 60 56 74 40 15 19 46 17 24 49 50 3 45 99 3 24 53 80 1 38 72 58 32 14 20 2 95 48 3 12 3 15 20 29 55 87 1 2 4 25 3 7 29 0 58 32 77 12 65 ]
[ 90 48 5 23 10 18 0 42 66 57 1 39 58 12 38 49 22 52 33 20 12 0 5 31 35 4 63 16 29 71 26 72 19 32 47 29 2 99 71 68 8 24 8 66 36 98 15 10 50 1 ]
[ 9 18 52 24 52 57 62 22 56 70 19 65 5 27 0 18 28 58 38 5 9 3 60 77 27 6 1 35 36 4 46 45 22 50 21 27 8 84 1 16 6 21 82 11 0 82 30 80 92 68 ]
[ 56 4 6 39 7 0 46 27 18 37 39 91 65 17 4 24 51 32 9 78 24 29 4 22 93 12 7 37 22 2 28 30 7 86 69 66 39 68 93 57 5 32 48 70 1 5 46 53 37 8 ]
[ 47 39 68 61 74 42 57 37 2 23 6 13 80 7 14 35 45 4 67 32 18 83 26 85 84 46 30 36 10 8 5 10 47 25 23 74 19 32 11 21 7 17 34 39 25 0 74 22 4 94 ]
[ 38 31 0 15 60 16 20 6 54 78 19 73 17 38 4 2 17 64 30 89 79 8 57 7 14 29 12 19 75 65 35 14 48 36 29 8 52 1 15 59 32 34 32 49 72 36 51 42 52 34 ]
[ 81 50 35 15 7 89 34 19 49 13 60 15 97 96 40 4 91 4 61 75 87 5 22 57 0 32 18 10 37 21 35 18 23 71 34 30 12 20 1 13 33 13 28 30 10 20 86 1 25 47 ]
[ 92 42 35 64 11 2 51 39 4 38 47 48 21 23 87 70 49 33 36 1 66 14 62 11 68 45 46 29 8 54 15 0 48 2 65 12 4 68 3 8 6 50 8 27 25 96 49 27 29 37 ]
[ 4 45 19 72 10 70 73 48 13 7 9 6 15 19 28 2 70 53 28 19 0 92 85 6 52 10 34 44 55 13 54 59 10 25 83 20 95 57 68 8 16 29 67 31 0 47 85 22 0 14 ]
[ 32 30 4 3 6 9 50 59 35 61 72 57 7 33 79 55 12 15 20 71 72 28 3 16 78 54 78 89 14 43 0 46 73 4 1 32 65 52 91 0 13 15 9 21 49 41 28 13 56 1 ]
[ 49 62 72 76 30 59 47 1 49 19 53 6 18 33 58 10 24 40 19 13 25 54 95 59 80 27 15 1 27 39 31 77 1 55 5 31 15 52 32 16 23 37 22 41 22 33 4 46 73 23 ]
[ 50 37 3 34 42 30 47 23 19 59 42 41 10 2 40 28 2 64 49 59 45 7 38 5 35 63 43 88 77 2 28 27 92 31 13 34 13 12 9 32 71 4 26 34 6 66 14 61 82 63 ]
[ 38 61 23 7 12 0 57 2 73 75 5 10 37 42 99 26 55 19 68 97 44 11 65 5 48 17 11 11 31 50 96 21 11 19 80 24 72 38 26 45 13 31 7 3 25 7 29 32 78 49 ]
[ 12 77 68 40 50 40 86 41 21 13 18 14 52 55 10 19 58 79 3 77 28 13 9 61 1 18 9 16 20 63 53 32 93 21 24 95 13 10 36 34 23 7 0 75 62 10 47 20 89 2 ]
[ 52 0 8 99 28 64 86 33 66 13 76 96 16 5 36 11 81 0 43 22 65 13 43 7 46 2 12 22 90 7 81 42 59 41 94 39 6 32 73 24 45 1 20 13 6 8 25 39 8 20 ]
[ 8 10 1 85 9 31 24 20 19 7 53 75 87 21 3 46 82 45 19 5 0 36 54 66 72 59 12 4 30 51 41 38 13 42 23 23 25 48 43 96 7 48 71 46 21 26 92 3 72 11 ]
[ 1 60 1 58 31 69 9 25 62 33 5 1 25 69 57 39 42 10 16 4 28 76 22 32 10 57 57 15 46 69 70 47 29 23 6 12 92 67 89 55 1 46 8 78 15 17 17 9 27 86 ]
[ 94 58 13 47 9 39 11 37 27 26 17 3 55 24 16 57 5 27 97 36 42 30 81 23 18 32 63 1 49 4 44 44 14 57 43 24 96 6 13 76 32 31 31 39 55 47 48 12 26 46 ]
[ 20 30 11 12 46 69 30 50 84 63 2 55 35 50 31 43 24 20 93 83 19 23 22 6 62 3 94 43 33 74 85 5 5 48 70 3 18 0 53 2 15 7 9 51 57 40 46 33 12 40 ]
[ 67 12 98 5 21 36 26 34 59 40 23 47 57 3 79 10 3 88 37 48 62 33 27 33 5 56 13 58 49 51 75 16 15 25 22 36 61 0 70 21 40 45 20 49 0 51 12 3 40 49 ]

Timer (generate): 19ms real	20ms user	0ms sys
[ 85 80 28 83 75 5 58 35 53 51 25 37 36 73 96 89 39 72 62 53 11 52 8 30 33 69 27 93 33 22 85 18 54 66 1 30 71 59 17 76 62 42 14 50 15 10 40 7 34 2 ]
[ 12 45 55 72 27 88 42 7 33 27 29 19 45 83 37 99 65 8 10 82 37 25 77 3 75 44 65 15 3 99 70 15 96 25 40 24 65 34 83 99 61 12 70 58 47 7 9 65 67 20 ]
[ 47 56 97 76 59 72 21 24 40 24 75 10 92 72 87 32 48 4 66 31 55 27 43 77 85 42 84 95 7 4 67 7 60 64 83 72 88 4 96 28 81 72 90 73 96 77 57 44 34 23 ]
[ 75 89 2 70 67 87 64 3 34 24 59 53 31 20 69 66 44 58 23 40 38 4 64 29 29 60 58 86 56 44 9 31 34 63 53 53 50 70 56 37 94 68 42 25 40 12 43 84 22 66 ]
[ 24 60 70 41 41 51 1 52 37 10 96 98 41 82 61 47 35 64 17 44 53 11 12 95 88 52 7 31 36 81 98 12 42 20 53 35 72 7 87 61 17 36 60 10 18 21 9 6 37 26 ]
[ 2 90 89 14 86 77 18 45 61 6 27 59 18 21 31 24 56 55 83 96 17 0 32 77 62 2 50 72 60 88 50 62 78 40 76 16 69 46 62 30 52 41 41 71 62 73 47 70 28 30 ]
[ 18 45 82 50 74 44 5 77 68 65 65 19 28 95 11 56 12 80 3 26 11 7 19 52 30 33 77 77 3 6 59 22 3 41 24 30 38 81 7 58 99 72 29 27 19 40 35 83 21 90 ]
[ 61 32 98 80 36 80 13 14 58 69 72 69 91 27 63 67 57 1 49 64 11 48 88 41 27 60 81 14 43 2 5 57 86 55 37 75 35 3 89 45 72 13 15 15 40 78 82 50 31 83 ]
[ 66 42 83 7 35 62 67 17 77 62 71 34 19 10 89 9 85 76 12 26 74 36 91 41 51 83 71 85 33 2 69 52 96 4 59 32 67 78 1 44 92 72 78 12 34 19 73 19 47 85 ]
[ 97 21 21 88 62 24 72 33 9 57 87 30 61 36 35 20 68 2 50 21 98 43 45 76 7 80 47 80 51 94 65 49 68 38 89 82 62 13 68 23 23 55 54 84 91 89 57 11 43 59 ]
[ 32 41 2 78 69 9 58 16 89 61 62 6 62 30 96 4 65 10 17 33 34 92 40 88 29 32 29 86 95 24 45 28 65 0 6 34 9 16 2 51 29 64 9 92 47 6 96 64 16 65 ]
[ 97 50 58 37 90 87 21 71 25 17 95 22 45 60 74 3 46 36 71 0 87 0 65 96 92 64 2 40 28 19 6 77 21 16 14 12 55 36 83 32 5 31 54 50 91 29 5 90 65 76 ]
[ 90 4 28 7 52 21 23 55 13 3 26 19 80 99 35 47 63 90 35 99 22 40 30 29 42 73 10 47 63 27 75 6 83 3 13 35 76 89 42 90 92 68 61 73 20 97 72 83 39 7 ]
[ 82 14 99 12 95 41 86 57 40 1 84 15 7 67 70 73 54 47 62 97 89 54 65 50 79 85 99 51 21 91 10 3 57 9 16 52 2 54 9 42 55 45 9 15 64 80 40 18 79 2 ]
[ 15 68 8 33 70 88 70 22 91 91 65 54 95 22 63 63 26 66 69 87 60 76 32 70 91 48 50 31 66 81 85 82 49 94 67 71 34 37 93 25 29 10 79 76 32 95 91 58 13 60 ]
[ 45 25 36 29 95 28 77 97 11 44 78 97 78 79 91 45 51 77 34 96 2 63 7 34 91 91 81 82 50 94 42 47 19 79 77 67 59 54 64 70 50 95 19 80 74 62 25 77 39 60 ]
[ 74 94 75 33 28 19 24 9 1 26 55 96 26 26 75 3 93 86 9 10 8 12 5 28 92 79 90 18 57 82 30 83 76 57 68 4 76 44 65 30 23 72 26 49 98 53 4 44 39 13 ]
[ 6 99 25 11 27 70 42 70 40 51 52 70 86 28 79 6 84 8 51 1 38 74 73 16 75 23 69 79 19 60 44 25 59 22 36 39 92 31 9 32 82 61 54 21 41 33 27 77 41 78 ]
[ 78 79 4 51 95 79 26 16 10 46 28 55 71 88 77 60 27 69 91 88 53 25 1 7 98 42 40 26 19 34 56 49 13 13 52 61 44 78 29 55 24 58 10 96 98 39 8 77 60 51 ]
[ 65 13 76 66 20 75 60 12 53 31 46 9 80 12 22 32 25 67 62 54 22 87 64 84 35 62 75 43 39 35 94 56 0 22 22 72 49 34 84 2 65 31 12 97 95 86 81 20 53 44 ]

Running insertion sort algorithm: 
Timer (sort): 35859ms real	33620ms user	190ms sys
The output is sorted!
[ 91 21 3 35 31 5 6 8 74 32 28 21 28 5 12 86 64 9 48 67 0 22 5 17 23 16 80 39 74 4 39 17 25 42 52 57 99 10 17 26 95 45 47 23 3 11 9 67 21 9 ]
[ 10 26 5 20 15 17 65 40 27 72 32 73 16 74 21 8 21 78 3 20 51 23 2 16 41 93 66 73 20 92 4 30 19 9 2 34 27 19 74 6 43 58 31 60 32 5 20 5 83 23 ]
[ 40 8 88 93 74 14 74 6 21 66 15 49 60 72 20 65 34 56 19 24 18 50 31 22 16 36 12 4 10 46 50 2 7 39 48 33 5 22 39 78 41 7 28 1 79 0 18 14 56 38 ]
[ 18 40 31 22 90 43 84 19 13 18 13 69 17 9 4 19 58 54 45 76 49 6 5 39 4 58 23 50 18 35 9 36 75 41 10 18 36 94 37 1 64 2 70 34 11 75 5 21 29 51 ]
[ 11 6 36 13 32 42 83 49 18 90 2 67 73 34 18 71 51 64 11 2 7 37 53 64 5 11 25 53 49 24 36 13 30 24 26 14 67 9 16 85 52 70 4 25 4 23 49 8 39 60 ]
[ 52 96 1 12 55 24 50 30 23 4 4 76 29 79 14 19 17 79 29 60 71 27 84 12 57 41 21 69 4 23 5 56 71 6 20 26 31 22 9 6 26 65 83 7 44 49 27 14 28 8 ]
[ 38 25 53 6 61 51 37 78 54 6 27 45 29 47 86 18 22 0 14 44 32 5 21 49 37 1 70 21 98 8 44 37 33 97 43 47 0 32 77 6 90 4 3 19 3 41 37 25 41 4 ]
[ 6 0 65 50 28 1 58 29 89 15 60 22 30 21 65 17 24 19 34 75 34 32 14 44 95 10 24 26 94 7 5 52 7 70 2 36 71 13 17 12 28 29 86 10 50 52 27 27 23 61 ]
[ 63 4 22 70 8 24 46 34 38 0 89 44 52 53 6 73 5 63 28 22 31 1 50 33 13 58 17 17 17 77 21 80 33 43 2 41 19 49 75 10 1 64 6 53 70 12 26 27 75 6 ]
[ 97 13 10 12 8 82 3 44 11 25 66 9 5 53 43 3 47 22 63 2 31 26 29 43 4 70 11 17 1 45 90 98 10 52 10 19 34 66 15 45 43 81 54 48 35 49 4 34 72 19 ]
[ 66 0 50 19 12 94 18 65 31 0 6 11 61 63 16 50 28 28 85 28 32 68 25 2 28 22 33 16 7 38 36 25 90 86 44 2 32 15 19 63 15 25 75 28 40 43 30 69 24 16 ]
[ 84 3 1 69 6 73 49 24 1 12 42 38 68 16 93 59 2 53 45 48 54 90 23 3 21 60 26 64 48 3 1 84 6 2 53 12 27 2 36 28 15 78 18 35 47 12 46 1 17 91 ]
[ 83 69 9 73 30 38 3 34 5 29 19 52 1 17 49 52 57 61 95 37 8 3 63 36 29 50 37 8 13 70 7 48 39 69 22 69 7 25 3 64 6 22 69 7 92 18 12 49 31 7 ]
[ 21 17 42 48 55 13 84 7 4 16 6 65 28 37 4 78 48 51 4 96 96 21 48 92 27 14 29 65 1 0 68 22 18 10 70 25 23 6 32 28 22 38 45 2 28 49 81 28 52 37 ]
[ 13 77 18 92 44 23 56 41 15 4 0 42 7 61 6 1 38 17 3 58 13 16 35 41 1 94 92 54 44 30 7 9 7 25 1 3 0 57 44 67 14 44 10 73 57 68 74 47 85 77 ]
[ 31 14 28 20 1 64 52 45 12 49 47 36 88 16 0 85 4 35 40 5 12 42 24 59 68 63 14 78 99 54 9 31 21 89 3 22 6 55 19 18 4 66 7 44 34 7 30 39 94 22 ]
[ 10 44 21 33 58 19 61 46 13 25 54 16 36 15 47 31 94 51 7 51 30 57 18 37 42 94 82 27 39 10 43 1 7 16 34 17 88 48 15 1 25 69 17 61 36 16 44 30 19 51 ]
[ 1 26 62 24 29 34 4 0 7 48 41 56 19 35 16 61 31 9 71 92 2 40 91 33 75 8 49 23 6 33 6 59 60 20 35 41 55 39 41 14 87 34 22 6 70 38 20 53 0 91 ]
[ 59 14 72 10 28 75 58 68 20 2 55 55 16 0 6 43 46 34 61 56 43 3 12 88 39 44 9 11 26 31 35 85 97 59 47 78 86 5 98 6 8 6 13 24 6 20 19 4 6 32 ]
[ 33 9 5 88 28 66 42 16 1 27 21 16 32 19 9 38 4 39 18 6 34 63 51 65 27 32 35 92 86 75 80 19 36 37 59 16 3 1 85 5 28 6 21 13 25 82 51 81 73 21 ]

Timer (generate): 22ms real	20ms user	0ms sys
[ 25 96 8 56 41 61 59 6 33 22 58 97 94 81 90 50 79 45 46 64 39 37 65 81 2 77 12 43 70 33 85 96 81 93 52 22 54 63 28 39 38 38 89 32 19 79 35 99 25 81 ]
[ 15 64 19 81 97 73 58 10 68 29 95 5 77 76 98 29 50 4 44 78 43 82 69 32 15 88 12 2 39 89 83 55 5 54 88 54 79 46 16 99 27 63 4 4 91 54 85 41 58 82 ]
[ 72 2 16 41 86 83 29 50 85 69 39 21 76 96 75 64 51 7 10 19 58 90 83 63 46 74 17 84 16 76 66 88 30 34 29 16 18 58 67 3 79 58 24 55 55 52 19 58 59 82 ]
[ 77 17 24 60 32 22 35 50 6 3 78 24 43 60 59 72 76 29 82 95 32 14 6 57 21 13 9 41 23 20 75 0 89 51 13 22 73 0 24 32 55 54 8 98 14 19 70 42 48 4 ]
[ 90 81 18 48 90 40 61 51 33 84 23 60 36 12 63 1 86 36 53 62 20 8 16 29 6 82 48 28 77 49 85 67 30 3 15 20 95 28 23 80 12 46 92 0 58 55 54 97 92 7 ]
[ 59 64 16 28 93 74 10 94 3 87 43 88 6 25 43 21 97 91 49 20 71 13 66 64 66 76 19 20 73 63 27 33 28 95 13 73 70 23 19 73 63 14 13 21 39 56 95 36 47 96 ]
[ 8 71 62 74 35 28 51 6 0 24 22 27 9 2 75 22 27 45 98 47 18 13 61 83 34 53 39 29 41 39 78 50 10 40 24 97 68 27 55 20 4 77 47 13 31 22 88 59 19 38 ]
[ 6 89 51 19 72 37 24 12 19 66 51 97 16 13 37 92 10 57 72 17 77 76 95 76 41 26 51 29 85 70 67 43 60 70 15 32 8 39 96 79 57 99 28 25 12 17 18 74 74 42 ]
[ 92 3 18 39 31 59 17 82 41 55 5 60 98 17 31 65 1 91 57 98 22 14 49 50 40 62 67 10 88 93 52 32 96 22 71 79 33 89 62 74 96 19 87 94 36 70 12 37 61 69 ]
[ 87 35 83 37 85 75 51 4 37 39 97 89 24 45 63 47 24 97 88 38 23 84 9 10 31 45 80 43 35 93 12 74 28 47 11 65 75 62 69 12 54 18 54 30 63 17 77 40 66 66 ]
[ 30 90 50 40 0 33 37 81 76 24 26 40 99 55 40 10 20 15 25 42 27 31 60 81 61 76 51 90 68 17 56 98 7 59 90 60 92 80 93 69 4 19 61 55 26 1 18 99 16 43 ]
[ 41 96 26 53 29 39 81 80 29 49 50 86 0 9 97 42 69 89 22 14 10 79 34 24 34 12 25 52 11 94 47 52 90 25 58 19 64 39 52 94 41 54 32 93 63 29 35 85 70 58 ]
[ 51 33 89 85 57 75 98 82 80 61 76 27 14 18 5 24 90 69 15 42 15 56 48 47 49 11 28 37 48 99 47 0 32 36 37 41 11 87 23 91 49 52 71 15 70 76 91 12 97 6 ]
[ 6 13 15 54 60 64 18 41 1 66 40 0 18 24 36 8 65 0 47 40 91 48 44 62 15 67 90 6 79 88 13 86 53 28 40 65 44 58 6 98 77 98 98 47 22 87 55 39 87 55 ]
[ 80 78 3 76 93 19 43 35 25 23 75 90 9 28 70 49 94 67 60 52 65 89 51 15 36 25 2 44 65 89 99 97 20 2 73 65 21 17 0 99 92 28 89 1 56 12 2 2 79 14 ]
[ 55 96 3 58 11 40 83 66 84 0 7 35 49 79 37 75 44 11 44 97 10 36 25 51 89 81 63 43 36 94 58 43 90 13 1 2 53 36 20 89 89 27 24 38 7 14 65 51 25 9 ]
[ 0 87 97 25 90 86 59 6 82 95 0 92 38 91 5 91 45 11 79 65 52 68 92 29 59 51 43 24 55 20 86 55 7 83 33 97 22 92 3 56 39 56 48 29 47 53 72 92 16 51 ]
[ 9 69 20 53 98 79 5 41 55 12 13 41 67 72 77 0 69 99 44 25 55 35 33 55 64 80 8 36 24 25 88 33 46 60 86 44 91 43 37 46 55 50 40 75 22 17 27 43 68 72 ]
[ 20 75 59 53 30 24 85 38 12 9 15 52 94 61 12 33 57 3 76 94 2 84 96 42 59 18 11 86 14 79 10 86 6 70 40 36 46 25 26 58 87 94 11 81 55 75 14 65 31 43 ]
[ 59 85 27 56 79 86 26 90 24 92 21 35 79 27 57 19 15 3 96 41 13 83 87 76 65 95 4 31 60 35 74 19 20 1 27 99 39 6 41 64 98 62 51 77 41 8 48 56 63 97 ]

Running insertion sort algorithm: 
Timer (sort): 33204ms real	30840ms user	130ms sys
The output is sorted!
[ 3 92 23 94 60 94 48 42 41 13 0 3 79 65 0 14 30 48 50 13 27 45 7 29 74 28 20 47 63 6 31 18 51 6 12 11 53 13 5 46 26 57 1 5 23 1 71 5 50 21 ]
[ 37 22 11 33 22 65 83 7 34 6 18 67 47 33 83 29 58 56 24 89 21 22 8 8 98 20 18 68 95 20 0 32 43 11 17 17 28 1 24 14 7 42 34 54 27 17 35 38 26 12 ]
[ 47 42 36 20 94 33 4 3 68 4 82 11 55 49 16 10 15 91 49 9 6 7 66 15 75 39 53 25 83 28 97 30 22 33 2 17 19 7 20 39 11 2 50 19 3 19 29 71 10 78 ]
[ 95 14 0 20 4 87 89 26 11 37 9 27 57 22 21 25 97 10 3 52 21 15 52 10 94 23 3 13 51 6 1 46 72 1 19 28 40 8 55 3 45 16 31 54 38 4 79 87 14 82 ]
[ 71 24 24 20 42 75 0 40 12 31 13 57 54 3 2 43 67 55 4 6 7 97 5 82 68 80 22 89 6 81 39 29 6 15 49 0 90 1 40 3 32 6 12 38 9 14 82 29 21 38 ]
[ 63 9 23 41 71 15 40 94 36 39 46 7 31 40 25 57 17 69 29 54 27 85 37 8 2 3 10 91 44 2 32 60 63 7 1 34 22 41 28 59 32 27 18 15 19 43 25 36 12 54 ]
[ 88 14 34 10 57 3 48 12 61 29 18 1 9 69 22 84 9 66 13 33 7 94 96 15 14 36 23 47 16 82 67 5 96 1 67 5 4 16 18 17 45 88 19 6 9 93 42 18 12 7 ]
[ 25 3 41 56 82 48 5 1 12 69 6 61 72 21 24 23 1 84 37 44 9 81 31 23 16 70 82 20 20 7 7 46 10 1 2 44 1 59 46 13 80 52 74 4 26 51 27 79 35 16 ]
[ 3 33 24 33 5 50 19 26 28 30 2 3 24 93 75 77 19 24 2 54 28 24 42 9 14 54 75 38 17 34 41 20 20 18 5 25 20 25 51 49 55 6 52 31 99 79 60 70 3 63 ]
[ 3 22 6 23 9 86 29 80 15 70 4 95 64 64 5 49 34 1 17 7 32 22 72 3 42 21 52 12 16 20 7 20 43 13 43 4 51 24 84 66 95 41 61 11 5 19 60 92 20 29 ]
[ 26 2 78 36 78 75 52 7 19 81 92 5 8 27 10 89 31 2 40 62 2 7 59 97 97 14 63 3 10 78 11 37 32 41 25 10 17 78 70 36 11 14 41 19 42 3 8 25 5 0 ]
[ 44 21 90 84 92 48 17 11 49 11 25 80 82 1 35 28 0 79 15 1 62 11 23 12 38 85 53 0 16 57 30 61 31 72 45 23 20 15 34 21 26 11 1 8 12 89 37 12 68 4 ]
[ 75 14 10 22 46 2 44 75 60 39 43 4 12 42 4 53 38 79 55 18 31 58 18 17 25 74 77 17 19 57 52 94 24 63 16 70 17 12 46 29 3 41 33 16 35 37 21 26 17 28 ]
[ 13 45 13 36 17 16 17 10 53 48 39 51 79 31 28 49 74 87 8 49 58 25 20 42 49 45 28 21 4 94 37 17 39 3 5 8 19 74 18 24 23 9 75 54 40 55 3 66 94 11 ]
[ 53 2 24 3 97 52 29 42 0 6 19 13 44 66 1 85 68 76 22 1 30 5 68 0 1 99 13 56 65 53 96 18 7 20 21 4 24 2 99 24 8 18 89 4 85 90 90 5 18 12 ]
[ 47 12 62 91 44 53 13 50 5 54 5 8 7 5 85 76 84 87 10 60 48 64 40 35 6 12 32 53 21 50 53 20 62 15 11 7 20 25 9 26 31 14 34 38 19 71 66 4 59 28 ]
[ 47 8 45 48 20 50 8 93 0 19 50 13 16 1 10 40 54 15 39 45 17 51 60 10 48 42 20 31 43 29 23 42 90 69 90 62 71 50 7 23 21 57 37 37 10 47 29 64 14 21 ]
[ 57 99 30 46 27 35 67 48 50 40 87 3 85 24 88 7 38 13 14 15 77 17 9 40 26 2 7 16 46 53 39 3 4 21 1 31 8 20 80 59 60 19 62 45 44 2 4 34 67 70 ]
[ 26 88 34 41 36 65 12 65 30 50 21 6 51 2 22 71 18 55 6 68 28 46 59 31 19 5 41 47 40 86 83 18 75 17 60 11 35 24 28 17 74 2 23 25 4 46 48 22 53 6 ]
[ 19 56 29 37 2 20 10 40 13 72 38 82 83 49 60 34 72 89 22 0 10 45 8 4 23 44 1 31 91 61 25 10 18 54 99 72 26 9 12 39 33 50 21 16 52 34 3 76 23 25 ]

Timer (generate): 61ms real	30ms user	0ms sys
[ 72 9 7 31 58 56 75 87 11 62 52 1 6 34 76 91 27 90 62 36 13 32 99 44 93 78 18 59 70 18 10 42 80 17 74 90 25 1 77 89 15 81 90 74 67 18 65 46 60 79 ]
[ 82 26 11 34 70 56 12 40 67 35 59 77 29 91 94 55 81 72 9 11 61 24 92 3 98 60 73 15 6 33 94 41 59 58 75 82 14 39 22 34 74 33 11 4 24 58 59 58 30 20 ]
[ 69 43 45 61 98 95 21 71 63 80 4 9 21 16 67 96 98 34 35 72 68 62 6 31 66 82 89 77 40 71 98 9 66 95 23 64 42 96 35 5 76 92 15 49 60 34 45 10 20 33 ]
[ 82 40 95 40 24 13 23 13 42 63 37 92 25 3 87 48 68 82 96 55 39 73 99 6 22 59 41 20 69 13 53 4 6 0 44 30 13 19 43 55 35 32 48 60 36 87 60 56 21 56 ]
[ 63 61 81 63 67 56 74 60 76 96 74 81 52 80 81 96 10 46 68 5 53 3 90 53 15 26 93 75 34 14 83 49 75 65 12 43 21 39 3 49 35 29 30 87 9 63 35 71 9 3 ]
[ 29 14 58 19 68 73 97 61 48 83 27 32 32 3 49 97 98 70 36 53 19 23 83 1 10 44 64 97 68 25 53 97 39 11 68 59 37 65 72 85 0 0 69 32 3 70 29 53 92 17 ]
[ 6 63 40 41 64 2 38 80 0 6 5 5 55 97 68 23 56 5 40 81 43 40 81 64 24 36 35 54 89 27 71 47 91 64 41 7 66 79 88 18 85 45 23 40 94 44 15 3 49 55 ]
[ 84 92 47 65 57 71 1 44 25 42 23 49 41 66 13 82 74 31 61 14 50 46 11 25 38 58 69 53 61 19 60 45 63 7 62 72 79 15 68 56 9 92 5 50 58 70 85 84 54 46 ]
[ 50 4 45 14 29 83 72 51 89 33 70 49 30 85 57 44 10 88 11 78 44 20 70 2 22 81 72 7 65 26 6 68 82 51 82 64 86 54 15 75 39 37 77 21 22 34 17 32 22 28 ]
[ 11 18 0 33 20 74 14 45 82 32 23 40 0 6 91 34 22 29 40 37 5 31 74 34 52 48 68 21 33 42 1 96 60 1 81 33 75 96 78 9 80 1 1 80 59 92 66 81 22 6 ]
[ 70 79 37 96 13 41 45 33 62 30 27 15 78 39 16 59 72 43 7 2 5 87 56 6 19 15 51 85 49 25 43 19 56 80 16 69 73 13 54 87 95 81 2 73 72 70 84 97 66 92 ]
[ 99 71 79 55 29 51 23 32 36 72 57 80 43 65 12 11 86 38 76 40 25 71 73 28 96 46 98 81 43 16 25 94 87 56 50 69 7 25 1 44 97 11 76 92 76 40 4 15 78 80 ]
[ 55 4 4 81 84 0 79 34 33 74 51 58 68 90 15 70 59 22 95 13 18 44 76 46 37 4 39 93 19 17 73 27 73 29 8 9 82 87 44 15 61 47 26 81 37 93 52 49 15 47 ]
[ 14 86 92 42 84 81 46 23 74 18 93 99 45 18 29 5 28 11 92 24 78 5 71 4 86 60 97 90 9 65 90 75 3 82 17 39 15 16 15 89 34 60 88 79 78 69 84 6 32 28 ]
[ 82 63 85 53 67 23 14 17 14 75 34 4 51 89 38 20 28 53 36 95 94 70 55 34 1 34 4 37 92 88 65 75 51 50 80 71 74 94 88 40 22 74 96 25 63 34 45 43 39 34 ]
[ 39 33 4 46 67 58 80 23 95 25 12 61 0 63 63 32 34 89 27 74 29 1 0 25 78 15 11 23 59 50 9 50 35 14 96 3 72 29 26 67 6 90 80 58 6 44 90 40 85 69 ]
[ 67 15 70 67 92 48 83 56 24 94 6 33 96 94 99 44 97 23 73 75 91 31 66 23 89 72 19 80 64 5 49 83 72 20 3 16 20 38 72 44 84 31 78 80 25 29 24 22 53 50 ]
[ 49 96 81 67 19 71 91 39 51 8 96 52 91 20 72 46 36 93 84 9 89 68 40 19 48 17 49 25 39 2 27 40 98 8 8 17 31 51 8 34 59 56 87 3 76 11 49 65 56 34 ]
[ 74 46 54 66 65 55 83 14 80 74 68 7 66 66 67 26 36 51 78 96 37 37 53 76 92 81 88 42 46 44 76 72 90 30 38 8 37 73 74 17 99 43 76 66 9 96 92 45 99 22 ]
[ 42 36 60 47 13 4 28 53 46 75 97 74 99 40 57 38 0 94 63 74 12 63 17 40 81 79 88 25 76 87 48 70 24 60 17 89 64 98 42 11 73 91 85 72 31 42 62 31 37 78 ]

Running insertion sort algorithm: 
Timer (sort): 34943ms real	32120ms user	550ms sys
The output is sorted!
[ 25 16 22 56 8 4 64 9 70 49 10 26 47 4 8 20 10 33 17 44 14 22 88 26 37 31 90 7 16 58 5 41 27 27 49 35 83 13 44 5 15 6 84 14 11 92 34 73 26 4 ]
[ 22 55 7 23 30 10 63 6 41 56 7 38 4 35 44 43 5 51 71 42 39 39 56 62 12 21 66 2 60 11 40 35 18 47 58 49 10 22 7 3 30 14 42 86 1 38 29 6 90 1 ]
[ 44 14 0 13 23 4 67 65 10 25 9 10 41 46 1 77 46 46 9 2 46 40 30 9 29 44 77 41 24 3 62 20 17 15 33 92 19 0 10 82 77 19 44 19 17 97 48 15 43 58 ]
[ 69 4 8 5 50 45 18 28 34 26 23 56 77 4 3 46 15 13 23 0 32 47 1 15 86 20 80 31 85 99 3 6 55 11 12 6 56 30 34 42 8 9 98 86 13 2 32 80 67 8 ]
[ 90 40 56 73 8 2 87 64 70 88 47 52 4 1 42 45 56 3 3 23 45 42 7 12 27 44 16 36 1 15 7 43 7 15 16 15 17 3 31 39 44 31 44 48 32 38 46 41 41 49 ]
[ 69 33 39 4 22 76 21 28 5 50 44 52 59 31 78 8 21 13 18 27 18 19 47 55 14 24 21 1 52 24 36 73 10 27 29 84 4 51 12 61 1 8 13 60 39 43 21 13 57 91 ]
[ 71 55 65 11 8 18 55 10 41 55 53 10 80 15 5 5 0 21 91 27 49 47 4 61 1 40 29 23 29 33 67 0 88 33 11 96 3 18 6 45 73 11 7 53 26 64 11 26 85 2 ]
[ 44 9 86 45 12 14 53 35 20 55 43 23 69 7 28 29 5 54 62 3 28 40 5 11 24 11 7 81 61 41 72 57 50 58 2 14 24 7 50 45 14 93 20 35 52 0 64 10 6 78 ]
[ 56 28 69 14 30 0 62 98 20 24 27 13 1 59 11 84 0 42 3 2 2 23 82 63 70 8 0 5 48 76 13 4 56 34 18 86 35 32 37 7 9 16 20 62 75 83 98 27 26 1 ]
[ 76 36 45 4 35 15 28 3 9 47 20 10 78 83 32 42 83 14 81 30 2 20 39 77 32 36 13 72 40 24 36 16 12 34 72 47 49 53 50 10 0 22 20 31 5 5 25 88 71 6 ]
[ 25 0 80 29 57 42 68 59 57 40 64 28 17 88 57 20 14 1 63 11 21 89 49 13 0 3 20 27 32 40 35 9 40 16 38 49 10 58 8 20 50 24 48 67 12 57 40 26 58 3 ]
[ 59 3 0 26 23 16 26 20 36 20 13 92 57 37 5 19 0 20 73 19 5 44 87 0 67 43 80 48 22 49 6 81 4 58 7 80 74 86 0 10 6 13 55 16 50 60 87 2 32 60 ]
[ 33 38 80 15 12 89 35 60 4 5 16 26 20 44 46 24 99 93 61 16 96 8 2 24 65 32 89 81 15 41 54 0 79 34 15 43 23 2 4 28 7 20 6 79 16 52 3 15 45 17 ]
[ 58 24 60 0 60 7 2 13 74 34 80 7 57 0 88 73 28 19 37 5 7 62 4 62 18 34 8 31 2 28 59 13 5 71 13 65 30 67 79 5 1 59 64 11 11 4 84 91 24 73 ]
[ 33 4 42 96 78 1 40 23 9 89 50 66 31 1 14 74 60 0 86 59 18 85 46 78 93 20 28 1 42 14 10 27 70 4 24 0 6 16 24 15 57 26 34 88 27 0 63 39 1 1 ]
[ 21 17 56 50 11 28 75 24 25 72 29 46 31 40 62 36 0 89 31 18 93 44 44 73 28 78 3 19 31 31 96 52 0 4 54 63 32 29 88 9 1 17 7 84 9 22 20 10 11 3 ]
[ 1 20 63 3 1 5 58 28 52 25 49 11 75 2 27 16 22 53 61 31 80 83 53 34 0 6 46 85 28 21 41 81 41 4 36 94 9 94 22 13 19 72 76 46 26 3 14 1 9 76 ]
[ 50 13 48 37 2 3 38 40 98 89 50 7 48 22 7 16 2 61 7 51 46 20 28 6 50 29 54 19 83 32 51 33 45 51 23 0 54 13 40 5 54 42 64 3 16 71 19 18 85 78 ]
[ 27 92 40 51 60 4 28 30 62 39 19 0 27 20 42 94 10 47 10 0 21 13 49 62 38 33 22 39 3 78 36 30 22 28 33 35 32 61 17 46 0 36 99 27 9 93 22 19 41 84 ]
[ 35 5 35 1 24 41 40 46 25 94 54 86 49 3 7 24 70 14 30 14 42 20 49 2 55 36 12 7 13 24 74 0 81 61 1 58 3 42 4 80 88 58 19 37 13 26 62 83 41 44 ]

Timer (generate): 19ms real	20ms user	0ms sys
[ 1 68 98 81 32 46 99 22 77 94 75 27 29 2 82 72 36 57 28 12 56 58 65 45 87 26 60 2 3 83 24 4 51 74 38 36 21 89 58 50 83 85 77 65 87 11 89 24 68 17 ]
[ 88 76 75 5 21 63 83 33 17 86 16 41 43 67 15 81 3 88 70 61 38 6 99 67 71 86 78 60 62 98 30 3 74 5 8 47 20 92 80 37 78 96 30 73 16 46 6 71 86 29 ]
[ 85 77 35 84 44 58 22 75 70 85 73 0 88 0 58 96 47 30 40 80 68 71 28 50 44 44 48 3 68 35 32 53 12 19 89 8 29 11 83 99 96 57 0 36 57 10 85 56 40 25 ]
[ 36 60 48 17 11 45 13 59 48 81 46 32 86 10 51 75 19 32 39 2 31 35 59 83 24 68 93 9 77 34 86 65 94 35 82 57 80 96 69 80 77 15 12 16 26 15 91 45 47 30 ]
[ 47 78 18 59 14 42 79 7 3 8 93 41 74 40 28 56 49 8 4 18 40 34 34 52 50 60 67 93 57 66 24 56 45 94 67 11 88 99 70 43 7 64 84 33 56 13 42 5 73 46 ]
[ 24 14 80 10 18 82 22 38 76 79 4 52 87 1 46 55 12 86 6 83 29 13 99 65 47 7 78 89 12 4 87 88 70 20 50 88 2 72 26 78 3 31 30 91 84 28 98 97 14 4 ]
[ 80 95 17 31 61 16 38 91 57 2 47 45 91 17 65 41 58 19 66 36 98 69 19 80 60 4 61 10 1 75 14 33 23 84 64 84 52 54 27 10 56 75 7 99 92 24 93 2 43 59 ]
[ 39 93 28 58 74 41 62 87 51 15 62 18 48 37 54 64 21 6 70 49 16 27 24 75 78 68 99 71 71 95 30 62 88 11 20 14 4 35 1 7 50 16 77 51 53 31 15 27 38 86 ]
[ 28 6 65 52 82 43 72 33 15 95 28 97 57 69 60 78 35 64 13 37 24 15 5 1 66 10 33 34 37 71 20 65 29 37 69 11 80 94 97 47 89 77 97 99 98 57 29 34 74 42 ]
[ 23 50 9 80 51 76 90 36 10 28 59 82 45 89 19 15 52 51 61 49 51 50 79 48 49 77 57 30 63 31 72 86 81 34 66 85 10 57 21 20 37 33 54 82 22 73 49 26 76 10 ]
[ 28 27 13 7 75 14 36 33 45 0 16 69 38 50 3 5 87 65 14 60 37 3 93 91 37 67 16 39 94 93 1 22 72 14 81 0 81 17 85 78 69 1 99 8 3 55 13 90 20 79 ]
[ 51 10 82 96 1 19 64 70 58 58 63 60 32 87 26 65 87 59 82 72 37 52 26 89 60 29 44 25 72 16 4 23 26 38 19 80 9 35 50 20 45 13 80 77 52 58 42 40 70 77 ]
[ 12 59 81 90 48 93 20 44 18 92 61 74 67 87 64 38 67 73 74 17 93 19 82 25 49 35 36 91 27 6 20 91 65 1 82 14 46 54 58 16 46 19 90 13 59 6 3 78 80 77 ]
[ 48 25 97 82 51 46 69 39 89 96 45 62 40 10 63 22 24 10 76 35 26 74 6 69 39 17 27 42 96 59 20 96 85 69 30 88 67 0 27 56 48 72 18 88 82 34 62 59 96 90 ]
[ 94 74 64 0 95 3 18 23 98 66 82 18 14 19 39 44 7 6 44 86 62 45 58 33 85 93 67 48 4 15 90 50 89 55 2 85 10 72 60 8 38 42 78 4 62 17 49 21 75 45 ]
[ 8 38 90 18 23 76 63 42 76 19 57 66 69 46 73 72 83 36 44 43 96 35 38 75 39 52 44 40 73 20 86 33 10 28 4 85 56 67 27 32 87 84 51 8 82 76 80 18 12 77 ]
[ 13 9 64 3 36 55 55 80 96 81 52 34 14 14 62 70 99 19 38 78 51 77 14 54 85 49 31 18 19 95 47 32 4 11 36 40 66 43 73 14 24 25 48 91 92 11 61 43 30 51 ]
[ 22 33 80 88 40 66 37 23 36 56 18 83 41 23 46 29 63 12 72 88 79 49 14 27 92 58 90 53 1 20 5 75 6 37 64 98 55 53 21 91 62 39 26 3 62 72 84 78 37 8 ]
[ 66 16 57 32 95 49 90 86 55 44 58 12 71 16 49 87 14 5 41 35 48 55 75 75 10 89 99 94 67 36 2 86 4 12 18 0 61 61 86 68 57 96 80 28 13 30 68 27 87 61 ]
[ 15 35 16 42 10 26 31 10 72 51 98 74 89 3 86 7 55 0 20 93 68 77 89 1 58 54 31 26 34 70 39 49 5 55 43 68 33 74 78 5 77 28 31 66 83 70 26 38 70 46 ]

Running insertion sort algorithm: 
Timer (sort): 32458ms real	31280ms user	770ms sys
The output is sorted!
[ 61 5 45 87 22 37 69 9 5 4 99 66 20 2 70 25 68 52 20 47 6 35 13 47 23 10 82 3 12 12 67 26 17 12 13 40 1 34 1 6 38 0 24 10 54 94 35 22 99 8 ]
[ 16 0 19 52 77 24 24 52 19 54 13 11 11 1 43 48 48 42 55 66 51 12 50 48 7 78 55 21 90 4 34 6 57 6 10 34 30 34 38 1 40 51 12 51 4 7 52 53 2 59 ]
[ 66 20 8 2 16 87 41 54 1 4 39 72 78 47 80 89 25 35 49 35 61 10 34 8 20 45 29 15 84 15 54 2 35 15 5 4 2 98 10 3 2 1 27 32 48 8 22 25 95 23 ]
[ 3 14 98 73 20 24 7 15 22 67 48 54 5 19 14 33 85 49 90 9 9 23 15 49 0 18 19 38 16 27 11 19 41 62 44 14 86 3 29 8 22 29 14 28 48 80 13 85 30 55 ]
[ 14 91 36 16 46 28 37 5 76 53 41 19 9 36 24 18 36 29 4 0 37 72 37 43 38 92 46 13 31 62 19 46 5 55 62 3 35 51 8 12 4 1 31 65 38 8 36 26 37 92 ]
[ 51 40 29 35 6 18 92 6 59 12 41 82 39 1 35 94 51 12 4 77 18 36 15 62 53 64 88 32 85 8 35 36 0 16 23 7 34 16 13 45 80 7 28 20 8 15 66 11 28 22 ]
[ 39 45 10 53 3 65 93 23 58 76 23 20 37 3 19 44 28 0 21 61 68 72 23 32 47 7 21 70 29 58 75 21 3 85 26 6 3 19 29 13 47 4 33 84 7 4 80 87 5 1 ]
[ 25 54 23 9 17 8 51 14 52 80 13 52 46 10 15 5 46 49 38 25 53 23 11 61 13 69 22 45 49 11 51 74 18 26 35 35 35 39 1 87 19 15 91 18 25 58 23 23 60 61 ]
[ 27 74 18 12 67 0 10 18 10 82 9 50 9 79 19 31 8 16 0 10 69 2 39 17 13 67 86 27 72 55 35 52 29 5 64 96 5 26 66 16 61 75 66 22 55 37 5 15 54 5 ]
[ 14 50 7 16 81 76 10 7 18 27 3 72 92 0 43 37 56 73 21 8 26 36 21 34 51 8 44 91 49 10 47 15 60 7 31 93 35 41 0 5 20 56 78 13 8 21 2 65 94 23 ]
[ 30 31 74 21 37 33 20 43 76 11 8 58 11 33 26 42 5 21 47 71 43 1 60 47 10 22 5 18 48 77 77 30 8 3 4 98 36 76 41 12 40 1 22 3 34 49 45 91 22 93 ]
[ 25 13 71 4 36 15 59 7 80 4 36 41 78 30 43 46 99 52 44 29 5 13 11 30 13 56 62 47 8 40 1 34 6 73 38 42 40 49 1 73 6 37 14 84 20 10 82 19 62 26 ]
[ 55 12 24 22 21 19 0 94 67 20 44 65 0 49 53 28 63 88 0 14 73 30 55 52 52 21 13 65 5 74 83 13 39 7 35 12 26 35 6 46 7 2 63 7 3 16 36 67 56 88 ]
[ 0 1 9 35 44 31 37 53 7 48 16 67 40 74 11 30 11 25 63 38 47 29 62 86 5 91 42 14 30 20 21 30 21 30 17 66 14 54 71 73 3 39 40 95 14 3 77 25 28 40 ]
[ 79 72 43 15 76 55 27 50 16 92 72 88 2 73 0 84 28 38 2 9 50 42 9 66 4 27 12 6 88 32 12 19 57 7 86 33 62 13 35 30 58 7 18 12 32 19 48 12 9 2 ]
[ 41 53 65 73 28 52 1 22 59 10 29 6 9 33 13 37 51 21 33 19 31 50 66 45 61 4 19 4 40 97 21 81 2 38 7 83 42 8 5 1 18 34 59 79 19 25 17 71 98 50 ]
[ 73 8 12 6 18 66 7 89 36 14 46 71 25 99 70 97 75 31 4 46 9 48 11 53 24 19 3 84 17 43 11 90 3 23 48 21 41 55 11 30 21 9 1 46 60 23 44 36 6 48 ]
[ 43 21 6 20 22 1 31 4 20 88 92 16 19 38 14 26 96 35 27 35 6 23 37 26 51 15 46 92 2 21 17 45 42 23 65 65 24 96 21 96 37 13 13 8 3 79 86 99 14 13 ]
[ 58 19 57 98 20 66 2 12 28 7 50 72 3 34 20 90 73 6 83 47 15 14 28 74 0 57 41 40 52 45 3 10 65 12 8 37 78 10 49 6 69 0 31 25 34 51 15 60 9 50 ]
[ 0 30 95 55 14 93 21 5 11 6 18 52 34 28 4 55 4 26 19 1 35 28 40 29 16 88 50 24 43 18 7 95 0 54 2 67 47 24 72 58 30 42 62 64 70 18 72 26 44 43 ]

Timer (generate): 23ms real	20ms user	0ms sys
[ 43 97 30 12 84 79 15 69 40 4 80 91 71 15 35 66 83 22 69 24 51 65 11 12 65 94 23 39 86 82 71 81 31 54 46 15 33 61 36 74 18 17 17 89 32 53 7 67 27 29 ]
[ 91 79 94 2 91 11 48 67 50 34 49 74 68 81 28 14 48 61 75 37 87 93 54 5 35 38 10 42 57 37 71 0 68 17 54 12 29 2 79 79 89 80 53 57 13 33 71 14 95 46 ]
[ 51 82 92 5 39 27 95 49 21 52 87 93 52 7 10 6 19 91 60 50 23 49 83 28 58 96 62 81 10 57 80 13 39 72 70 79 51 65 80 72 69 19 65 73 27 28 79 46 19 92 ]
[ 97 42 93 32 71 52 28 33 33 91 42 65 4 81 37 75 12 88 92 93 61 62 12 78 35 39 6 67 38 78 11 87 20 4 19 43 8 99 28 94 90 70 59 47 4 97 74 16 37 66 ]
[ 61 98 28 26 29 16 17 35 35 55 65 46 94 38 50 65 81 59 65 62 5 7 32 64 6 88 13 80 57 51 47 18 1 27 44 82 95 62 18 30 69 35 76 16 73 27 81 7 38 46 ]
[ 69 95 6 53 11 12 42 25 93 99 28 92 69 81 19 14 64 67 28 34 97 97 69 74 13 43 53 47 50 43 93 71 90 51 24 1 64 18 26 9 17 6 1 87 88 72 53 4 39 81 ]
[ 38 37 30 59 63 96 2 68 43 4 11 88 75 1 92 0 2 56 18 81 65 88 87 66 27 27 38 32 31 30 65 21 67 95 81 82 43 35 50 38 40 13 79 67 66 71 19 20 79 90 ]
[ 1 44 78 41 62 57 20 52 89 4 82 54 77 1 1 58 83 97 46 33 35 38 46 66 5 12 37 77 33 16 67 86 12 97 79 74 54 0 79 95 56 61 49 33 63 2 92 46 99 90 ]
[ 80 87 28 78 53 85 91 43 62 76 11 29 62 24 26 42 50 32 94 29 79 50 91 80 83 6 83 27 52 82 17 84 21 97 63 75 83 6 18 45 34 29 27 96 5 5 90 56 90 84 ]
[ 85 69 86 28 50 70 34 33 49 39 67 19 75 89 16 90 16 51 48 86 49 82 67 76 79 73 81 21 81 23 58 66 93 44 47 43 66 33 28 68 24 47 87 0 88 55 42 4 7 91 ]
[ 42 56 73 10 84 4 35 17 78 16 41 36 34 34 32 81 29 51 67 9 19 91 56 58 43 45 13 86 1 72 29 44 80 54 6 64 11 41 34 41 57 75 77 91 61 61 25 42 12 92 ]
[ 51 83 83 7 41 79 4 55 17 6 79 46 2 60 52 8 76 63 1 10 56 58 37 33 1 98 47 26 40 11 18 43 95 2 51 36 33 7 43 50 13 23 96 67 35 0 27 11 16 28 ]
[ 22 72 38 59 58 40 10 5 66 2 68 85 46 63 39 49 52 72 56 47 74 22 22 70 89 57 22 69 69 38 49 91 11 88 2 21 28 12 78 46 67 46 83 13 10 74 62 14 98 18 ]
[ 61 72 40 84 42 82 41 17 3 62 55 52 5 18 40 8 39 20 72 17 67 39 16 2 4 26 77 66 92 75 37 53 48 29 89 42 63 83 59 66 45 67 19 3 37 11 11 29 32 35 ]
[ 98 51 27 14 53 31 92 82 50 84 58 39 90 58 68 31 0 84 14 12 50 12 79 21 15 16 33 78 45 65 13 44 68 92 10 73 24 3 56 26 87 14 65 77 72 85 9 24 69 75 ]
[ 36 20 39 67 41 54 84 26 84 81 43 98 77 11 42 88 85 66 91 41 44 30 7 9 60 31 95 69 7 64 96 44 36 36 63 30 42 99 56 27 81 0 77 10 63 19 50 0 38 93 ]
[ 93 82 24 0 92 84 83 39 5 91 3 53 87 40 89 50 70 32 50 78 11 83 30 88 45 94 59 96 94 97 89 88 32 65 40 24 49 24 63 6 67 18 60 6 58 1 8 80 85 10 ]
[ 11 96 93 41 36 91 35 96 87 30 45 28 70 77 94 10 1 95 86 16 54 5 35 14 63 45 67 72 78 53 82 89 49 28 30 86 19 66 34 58 48 79 38 70 57 84 80 10 80 19 ]
[ 79 86 76 14 52 40 11 19 12 89 72 46 30 22 26 61 60 97 79 46 55 79 25 46 49 34 30 81 97 62 52 76 48 29 90 0 69 53 20 33 95 92 31 25 66 58 38 78 55 17 ]
[ 24 63 48 2 9 97 88 91 31 85 54 83 61 2 64 3 55 33 57 27 18 4 19 50 29 38 60 68 68 15 37 45 30 86 47 39 35 87 83 18 73 37 2 34 91 66 90 98 52 99 ]

Running insertion sort algorithm: 
Timer (sort): 33055ms real	31590ms user	440ms sys
The output is sorted!
[ 2 4 74 74 66 32 7 35 57 73 31 45 21 62 11 54 19 31 56 56 4 0 16 10 6 24 11 36 76 48 46 30 4 20 4 70 52 64 6 10 37 37 7 58 51 18 65 23 1 21 ]
[ 12 10 63 24 38 76 4 56 3 30 54 15 7 7 7 89 8 53 53 23 0 7 97 62 9 4 53 73 75 2 42 39 12 6 64 2 34 20 58 89 2 64 4 62 72 12 3 32 17 56 ]
[ 20 29 52 10 27 32 18 8 1 56 5 63 3 98 10 22 63 97 28 15 8 20 88 4 15 93 6 17 33 34 19 5 63 71 15 43 3 85 51 57 41 9 20 44 7 82 18 22 31 46 ]
[ 8 0 45 0 13 24 95 56 20 8 59 7 33 45 46 4 25 32 73 9 26 68 40 59 3 2 55 27 50 75 66 10 76 11 10 41 35 58 98 7 66 9 14 0 54 12 56 31 45 29 ]
[ 17 7 32 1 1 42 97 77 22 19 26 48 17 12 1 38 97 49 12 11 48 36 23 74 78 26 6 90 16 1 7 33 8 92 35 62 86 84 39 8 3 17 8 21 30 9 11 79 10 75 ]
[ 8 48 70 23 79 64 87 17 5 0 31 34 82 56 47 25 42 50 4 59 9 71 1 93 16 22 7 4 30 7 37 39 55 8 14 35 72 1 4 29 1 35 63 36 91 10 13 85 12 18 ]
[ 16 32 17 50 7 34 18 8 58 31 66 34 59 16 46 15 47 15 11 30 22 17 39 0 39 18 45 4 30 72 27 98 4 96 1 63 30 19 71 41 2 38 75 62 6 21 29 54 88 40 ]
[ 4 59 14 14 24 37 2 41 36 25 18 52 58 49 16 83 38 94 53 65 9 13 99 55 77 45 23 4 40 12 17 45 23 31 11 0 21 13 41 9 38 12 62 49 61 30 32 51 24 37 ]
[ 45 48 8 4 35 0 15 55 15 16 6 37 73 59 97 38 20 63 22 7 13 7 21 79 14 24 44 16 13 71 91 59 19 52 15 6 52 83 61 19 51 68 8 24 27 5 15 48 68 37 ]
[ 85 20 25 7 9 92 2 12 31 74 86 5 12 14 31 15 33 71 33 59 50 37 8 45 63 41 9 69 23 43 14 8 15 39 68 24 31 70 37 14 44 23 19 8 89 2 23 75 74 8 ]
[ 74 83 54 27 6 1 6 82 4 15 23 14 76 51 61 39 37 6 22 32 11 19 72 26 33 33 71 57 4 15 30 30 50 36 58 56 37 16 39 93 31 14 8 8 17 21 99 6 80 22 ]
[ 1 35 53 5 51 27 5 12 8 37 70 40 52 82 77 74 27 21 10 55 19 9 14 13 7 48 60 23 38 39 26 39 27 31 44 30 10 1 42 70 38 65 11 43 47 88 17 26 62 79 ]
[ 24 1 55 31 20 4 5 11 36 10 67 51 1 37 23 62 0 63 78 33 67 37 68 49 18 74 35 22 89 2 1 65 4 8 96 24 12 53 88 1 15 7 52 69 45 75 31 45 38 10 ]
[ 23 45 37 26 58 37 28 6 49 52 52 25 23 9 12 32 47 28 27 62 28 46 7 32 10 49 49 10 20 54 3 96 51 40 22 9 29 2 15 31 6 67 56 82 76 68 14 75 48 41 ]
[ 68 29 47 46 26 49 67 28 10 5 51 20 55 49 26 69 28 45 38 16 10 30 38 17 8 16 73 41 42 29 73 63 10 20 9 88 21 76 17 31 34 20 4 89 21 30 11 49 27 49 ]
[ 3 48 14 29 17 34 59 3 90 56 31 36 39 2 2 25 94 38 34 60 19 57 71 11 6 1 72 14 10 45 32 65 45 99 94 14 33 53 17 23 62 49 60 1 3 14 26 49 52 12 ]
[ 35 12 46 18 33 7 56 58 5 39 39 40 86 85 46 10 15 28 34 46 49 1 79 72 51 29 3 64 15 0 1 50 13 47 69 46 54 77 56 11 16 95 4 2 33 2 65 0 30 51 ]
[ 57 55 14 40 62 10 59 24 59 52 15 4 91 15 61 10 17 1 58 88 35 20 58 44 59 63 12 35 56 30 34 14 85 49 6 47 11 17 24 22 69 39 26 12 6 39 22 24 41 33 ]
[ 28 10 12 15 20 34 55 85 68 0 33 76 70 15 45 44 47 12 82 4 98 32 20 52 22 16 78 22 2 16 51 30 78 15 45 50 2 1 36 70 53 21 46 24 36 43 20 35 55 3 ]
[ 20 25 5 12 25 33 2 35 48 11 18 10 3 4 50 44 41 71 19 3 56 3 13 67 69 56 65 44 91 1 19 63 26 24 76 52 57 30 39 57 41 9 67 44 65 18 41 6 89 60 ]

Timer (generate): 18ms real	10ms user	0ms sys
[ 67 36 24 5 38 41 57 34 61 23 58 7 69 70 48 9 71 16 8 43 59 43 40 92 16 52 67 31 21 92 78 41 81 2 46 19 43 4 53 56 79 63 15 49 86 63 10 57 79 18 ]
[ 52 39 13 93 83 81 97 50 13 19 94 43 60 75 45 6 46 40 62 52 97 94 15 64 43 53 28 53 11 7 23 63 98 89 8 33 22 6 35 35 77 30 78 89 57 75 47 4 68 62 ]
[ 56 17 56 23 81 99 77 9 4 40 69 79 55 19 68 64 53 91 22 40 78 51 70 9 40 80 36 87 84 4 49 92 21 5 15 55 56 44 64 12 84 85 92 40 57 12 56 62 55 30 ]
[ 2 34 81 73 95 73 5 31 60 89 36 62 33 9 19 48 64 28 93 81 40 29 18 84 69 75 49 77 37 4 7 40 90 40 65 85 13 70 69 26 11 57 40 44 18 59 44 83 39 89 ]
[ 16 32 19 34 16 40 62 17 18 99 74 77 91 64 18 56 2 83 78 23 61 89 80 53 85 98 65 30 33 4 19 1 36 90 88 5 31 50 22 1 49 48 78 41 13 48 49 67 84 28 ]
[ 90 97 69 70 51 55 20 16 85 6 20 56 7 9 99 95 14 30 45 88 83 95 37 13 88 2 14 37 69 98 65 11 47 87 33 98 42 53 66 79 59 39 87 19 48 86 14 14 68 60 ]
[ 54 51 7 91 65 47 45 79 84 66 29 2 77 76 89 10 27 31 16 93 62 27 32 49 46 32 36 61 46 4 73 1 56 32 44 73 79 90 4 15 56 33 17 86 9 58 48 36 41 64 ]
[ 82 3 92 14 5 38 47 41 51 45 97 76 98 5 8 43 78 39 85 82 55 93 67 24 79 77 35 28 65 76 92 99 32 36 66 37 27 65 30 30 10 27 7 9 33 67 52 63 7 89 ]
[ 46 62 82 13 38 62 42 73 42 60 2 86 59 34 23 25 23 2 90 53 32 53 32 39 62 65 7 66 29 14 55 27 28 89 40 18 51 35 92 45 47 94 32 6 80 7 84 3 9 74 ]
[ 8 41 79 40 81 41 58 40 59 87 6 66 14 86 56 6 4 59 93 96 57 40 42 89 99 22 96 83 77 5 9 85 98 89 78 31 82 36 71 94 23 77 60 89 63 68 47 20 80 41 ]
[ 16 37 33 59 78 32 33 74 15 11 31 25 48 29 66 26 61 48 14 84 42 89 14 55 78 29 75 78 49 55 71 18 92 4 77 70 37 62 96 4 73 79 81 74 61 99 52 22 48 67 ]
[ 58 42 56 72 49 87 54 25 65 3 32 88 21 77 92 50 99 81 65 96 38 38 27 19 64 88 71 17 62 71 84 21 13 92 45 15 79 99 92 96 55 24 36 28 1 29 31 53 62 96 ]
[ 1 0 86 28 72 51 17 43 68 79 14 4 52 79 48 98 46 28 49 38 76 56 15 13 85 68 94 16 21 8 64 22 9 50 3 33 1 20 28 21 51 94 77 56 25 26 6 72 6 55 ]
[ 62 34 64 29 99 49 98 93 17 71 2 33 46 63 83 49 48 37 21 28 10 24 22 88 80 47 66 86 71 72 94 34 6 58 15 6 59 13 51 28 85 5 61 31 20 96 32 68 85 53 ]
[ 96 96 77 70 36 58 18 2 96 41 26 90 27 84 0 43 42 11 56 94 39 93 51 52 76 72 1 8 40 86 61 89 34 39 59 22 49 29 76 97 71 2 88 98 87 40 41 29 52 50 ]
[ 75 43 43 27 48 20 99 1 80 91 39 42 80 74 33 92 96 34 21 73 31 44 27 71 43 14 12 36 96 16 38 23 11 34 50 11 6 1 12 86 93 52 28 25 26 13 69 74 47 91 ]
[ 99 79 35 27 50 30 93 62 19 41 30 57 65 42 91 67 53 49 69 18 36 14 70 16 91 48 30 61 22 77 4 74 56 91 53 59 22 46 73 93 40 4 50 57 98 94 24 3 43 45 ]
[ 21 31 11 91 48 3 39 78 16 14 7 20 40 16 11 93 75 85 91 48 78 31 4 81 88 2 75 65 58 70 62 79 2 74 23 2 29 62 80 45 28 87 17 20 3 80 13 30 66 5 ]
[ 31 96 88 35 77 29 90 4 94 48 75 8 79 29 82 2 31 63 17 63 60 97 2 77 18 58 10 31 88 28 88 19 24 29 7 54 58 97 58 4 97 85 12 28 66 47 31 97 10 0 ]
[ 12 71 97 15 0 15 73 62 99 13 90 39 33 15 68 40 21 26 89 79 82 38 65 95 66 83 94 49 81 4 49 45 27 47 60 80 14 85 42 65 99 33 5 84 0 25 76 21 4 65 ]

Running insertion sort algorithm: 
Timer (sort): 34753ms real	32600ms user	0ms sys
The output is sorted!
[ 28 45 55 10 22 78 5 14 3 22 11 9 8 10 41 33 36 28 51 86 74 33 59 68 11 45 64 30 10 5 67 38 50 23 0 24 53 5 38 8 27 50 18 87 12 11 21 1 91 24 ]
[ 91 22 23 1 6 32 61 0 11 4 9 56 24 0 38 42 16 31 22 96 18 30 55 99 2 65 80 1 17 28 48 9 3 23 10 9 7 23 61 19 28 70 27 4 70 65 98 38 49 21 ]
[ 14 68 24 0 61 15 64 16 12 5 33 54 27 24 56 28 21 93 1 95 39 10 71 51 16 45 59 29 74 32 2 88 0 26 40 14 42 4 30 54 10 15 60 37 40 16 18 13 9 19 ]
[ 48 36 17 40 27 10 17 21 51 28 33 94 16 92 0 13 6 17 59 33 58 92 76 76 8 27 52 7 99 37 27 0 25 45 92 4 7 9 25 11 37 10 5 5 3 57 71 9 27 30 ]
[ 14 28 73 10 47 11 45 15 15 28 5 32 58 78 49 4 36 41 13 95 1 9 25 63 76 12 9 11 2 21 52 68 1 25 30 48 89 76 15 4 4 72 88 15 2 89 19 38 30 33 ]
[ 77 12 17 11 25 24 4 17 26 64 22 65 4 1 19 60 75 4 41 32 25 70 67 34 7 1 63 41 29 33 23 6 97 40 17 22 16 22 39 43 38 13 60 94 67 32 6 42 36 47 ]
[ 55 42 1 21 98 55 51 0 52 63 15 22 37 17 17 14 46 2 28 50 52 2 99 13 10 80 37 8 20 12 9 28 6 62 1 5 17 4 57 21 68 73 43 57 90 13 71 88 15 0 ]
[ 0 23 59 20 26 14 22 35 48 24 8 92 51 62 32 46 14 20 7 14 43 76 11 5 1 9 3 64 38 54 47 90 77 58 10 4 24 84 39 25 8 99 17 11 61 49 10 75 21 17 ]
[ 34 16 25 87 0 1 57 31 29 12 3 35 45 84 51 15 1 14 35 37 11 88 6 85 13 2 1 26 14 7 54 49 76 79 88 76 32 45 7 13 10 62 49 55 47 52 22 0 66 10 ]
[ 11 8 0 0 23 5 76 36 38 87 4 55 18 58 37 95 3 9 55 1 76 4 16 52 87 9 63 8 3 24 15 66 32 67 18 7 25 46 96 63 33 0 70 4 58 8 99 13 69 7 ]
[ 29 8 10 5 7 43 27 57 64 72 32 75 66 96 69 27 8 7 7 8 51 50 23 76 12 26 8 9 24 0 27 6 60 89 11 67 32 38 24 49 62 8 24 28 5 93 7 65 53 14 ]
[ 82 61 34 23 15 22 83 67 19 1 4 49 14 16 17 39 21 24 2 2 3 57 38 38 58 63 64 1 44 4 42 26 65 29 2 32 3 85 0 22 39 56 72 5 72 41 44 45 17 99 ]
[ 5 41 33 6 7 4 55 60 9 66 91 26 69 47 83 13 37 71 88 32 4 2 57 46 45 4 8 14 49 10 28 6 4 13 13 11 69 68 24 31 86 15 57 7 14 92 20 51 63 9 ]
[ 60 10 64 1 24 49 1 7 43 3 24 24 32 51 30 81 14 73 41 25 12 10 23 0 48 12 88 18 53 35 71 13 98 35 67 22 36 68 81 31 72 5 8 56 8 38 38 22 11 31 ]
[ 3 13 5 38 19 87 58 98 60 99 29 0 51 14 73 79 14 1 48 23 7 20 10 40 61 12 45 0 26 25 2 29 38 7 20 9 94 30 7 55 29 89 7 32 55 80 12 69 33 12 ]
[ 16 30 21 8 12 79 9 15 83 98 94 2 16 89 23 39 55 8 48 20 2 54 75 10 65 7 73 7 50 8 69 66 38 43 26 3 22 35 18 58 33 12 12 49 1 35 40 8 44 40 ]
[ 19 10 52 65 66 19 30 4 60 4 66 47 72 9 23 86 18 88 4 19 36 23 10 47 73 16 3 31 17 40 80 36 2 33 54 20 4 36 24 16 40 43 63 65 4 39 51 22 79 7 ]
[ 12 49 21 1 84 23 11 8 55 20 0 22 54 84 24 1 2 23 91 56 95 28 35 11 13 0 5 50 34 78 23 47 80 44 0 64 67 12 24 22 32 25 97 38 9 21 91 11 44 35 ]
[ 1 12 35 16 62 8 63 96 66 69 70 14 87 2 27 44 9 82 50 13 7 23 60 99 9 30 0 32 13 41 32 15 5 19 83 19 28 98 16 46 20 38 60 7 93 40 3 2 22 5 ]
[ 16 2 68 76 41 56 8 23 95 41 14 55 88 98 7 35 8 16 37 34 49 16 20 5 31 19 38 80 15 19 39 31 22 7 60 15 15 68 38 10 62 5 18 50 3 25 37 11 93 75 ]

