Timer (generate): 118ms real	90ms user	10ms sys
[ 40000 40000 40000 40000 40000 40000 40000 40000 40000 40000 40000 40000 40000 40000 40000 40000 40000 40000 40000 40000 40000 40000 40000 40000 40000 ]
[ 39999 40000 40000 40000 40000 40000 40000 40000 40000 40000 40000 40000 40000 40000 40000 40000 40000 40000 40000 40000 40000 40000 40000 40000 40000 ]
[ 39999 39999 40000 40000 40000 40000 40000 40000 40000 40000 40000 40000 40000 40000 40000 40000 40000 40000 40000 40000 40000 40000 40000 40000 40000 ]
[ 39999 39999 39999 40000 40000 40000 40000 40000 40000 40000 40000 40000 40000 40000 40000 40000 40000 40000 40000 40000 40000 40000 40000 40000 40000 ]
[ 39999 39999 39999 39999 40000 40000 40000 40000 40000 40000 40000 40000 40000 40000 40000 40000 40000 40000 40000 40000 40000 40000 40000 40000 40000 ]
[ 39999 39999 39999 39999 39999 40000 40000 40000 40000 40000 40000 40000 40000 40000 40000 40000 40000 40000 40000 40000 40000 40000 40000 40000 40000 ]
[ 39999 39999 39999 39999 39999 39999 40000 40000 40000 40000 40000 40000 40000 40000 40000 40000 40000 40000 40000 40000 40000 40000 40000 40000 40000 ]
[ 39999 39999 39999 39999 39999 39999 39999 40000 40000 40000 40000 40000 40000 40000 40000 40000 40000 40000 40000 40000 40000 40000 40000 40000 40000 ]
[ 39999 39999 39999 39999 39999 39999 39999 39999 40000 40000 40000 40000 40000 40000 40000 40000 40000 40000 40000 40000 40000 40000 40000 40000 40000 ]
[ 39999 39999 39999 39999 39999 39999 39999 39999 39999 40000 40000 40000 40000 40000 40000 40000 40000 40000 40000 40000 40000 40000 40000 40000 40000 ]
[ 39999 39999 39999 39999 39999 39999 39999 39999 39999 39999 40000 40000 40000 40000 40000 40000 40000 40000 40000 40000 40000 40000 40000 40000 40000 ]
[ 39999 39999 39999 39999 39999 39999 39999 39999 39999 39999 39999 40000 40000 40000 40000 40000 40000 40000 40000 40000 40000 40000 40000 40000 40000 ]
[ 39999 39999 39999 39999 39999 39999 39999 39999 39999 39999 39999 39999 40000 40000 40000 40000 40000 40000 40000 40000 40000 40000 40000 40000 40000 ]
[ 39999 39999 39999 39999 39999 39999 39999 39999 39999 39999 39999 39999 39999 40000 40000 40000 40000 40000 40000 40000 40000 40000 40000 40000 40000 ]
[ 39999 39999 39999 39999 39999 39999 39999 39999 39999 39999 39999 39999 39999 39999 40000 40000 40000 40000 40000 40000 40000 40000 40000 40000 40000 ]
[ 39999 39999 39999 39999 39999 39999 39999 39999 39999 39999 39999 39999 39999 39999 39999 40000 40000 40000 40000 40000 40000 40000 40000 40000 40000 ]
[ 39999 39999 39999 39999 39999 39999 39999 39999 39999 39999 39999 39999 39999 39999 39999 39999 40000 40000 40000 40000 40000 40000 40000 40000 40000 ]
[ 39999 39999 39999 39999 39999 39999 39999 39999 39999 39999 39999 39999 39999 39999 39999 39999 39999 40000 40000 40000 40000 40000 40000 40000 40000 ]
[ 39999 39999 39999 39999 39999 39999 39999 39999 39999 39999 39999 39999 39999 39999 39999 39999 39999 39999 40000 40000 40000 40000 40000 40000 40000 ]
[ 39999 39999 39999 39999 39999 39999 39999 39999 39999 39999 39999 39999 39999 39999 39999 39999 39999 39999 39999 40000 40000 40000 40000 40000 40000 ]

Running merge sort algorithm: 
Timer (sort): 183ms real	180ms user	20ms sys
The output is sorted!
[ 0 0 0 0 0 0 0 0 0 0 0 0 0 0 0 0 0 0 0 0 0 0 0 0 1 ]
[ 0 0 0 0 0 0 0 0 0 0 0 0 0 0 0 0 0 0 0 0 0 0 0 1 1 ]
[ 0 0 0 0 0 0 0 0 0 0 0 0 0 0 0 0 0 0 0 0 0 0 1 1 1 ]
[ 0 0 0 0 0 0 0 0 0 0 0 0 0 0 0 0 0 0 0 0 0 1 1 1 1 ]
[ 0 0 0 0 0 0 0 0 0 0 0 0 0 0 0 0 0 0 0 0 1 1 1 1 1 ]
[ 0 0 0 0 0 0 0 0 0 0 0 0 0 0 0 0 0 0 0 1 1 1 1 1 1 ]
[ 0 0 0 0 0 0 0 0 0 0 0 0 0 0 0 0 0 0 1 1 1 1 1 1 1 ]
[ 0 0 0 0 0 0 0 0 0 0 0 0 0 0 0 0 0 1 1 1 1 1 1 1 1 ]
[ 0 0 0 0 0 0 0 0 0 0 0 0 0 0 0 0 1 1 1 1 1 1 1 1 1 ]
[ 0 0 0 0 0 0 0 0 0 0 0 0 0 0 0 1 1 1 1 1 1 1 1 1 1 ]
[ 0 0 0 0 0 0 0 0 0 0 0 0 0 0 1 1 1 1 1 1 1 1 1 1 1 ]
[ 0 0 0 0 0 0 0 0 0 0 0 0 0 1 1 1 1 1 1 1 1 1 1 1 1 ]
[ 0 0 0 0 0 0 0 0 0 0 0 0 1 1 1 1 1 1 1 1 1 1 1 1 1 ]
[ 0 0 0 0 0 0 0 0 0 0 0 1 1 1 1 1 1 1 1 1 1 1 1 1 1 ]
[ 0 0 0 0 0 0 0 0 0 0 1 1 1 1 1 1 1 1 1 1 1 1 1 1 1 ]
[ 0 0 0 0 0 0 0 0 0 1 1 1 1 1 1 1 1 1 1 1 1 1 1 1 1 ]
[ 0 0 0 0 0 0 0 0 1 1 1 1 1 1 1 1 1 1 1 1 1 1 1 1 1 ]
[ 0 0 0 0 0 0 0 1 1 1 1 1 1 1 1 1 1 1 1 1 1 1 1 1 1 ]
[ 0 0 0 0 0 0 1 1 1 1 1 1 1 1 1 1 1 1 1 1 1 1 1 1 1 ]
[ 0 0 0 0 0 1 1 1 1 1 1 1 1 1 1 1 1 1 1 1 1 1 1 1 1 ]

Timer (generate): 123ms real	80ms user	30ms sys
[ 40000 40000 40000 40000 40000 40000 40000 40000 40000 40000 40000 40000 40000 40000 40000 40000 40000 40000 40000 40000 40000 40000 40000 40000 40000 ]
[ 39999 40000 40000 40000 40000 40000 40000 40000 40000 40000 40000 40000 40000 40000 40000 40000 40000 40000 40000 40000 40000 40000 40000 40000 40000 ]
[ 39999 39999 40000 40000 40000 40000 40000 40000 40000 40000 40000 40000 40000 40000 40000 40000 40000 40000 40000 40000 40000 40000 40000 40000 40000 ]
[ 39999 39999 39999 40000 40000 40000 40000 40000 40000 40000 40000 40000 40000 40000 40000 40000 40000 40000 40000 40000 40000 40000 40000 40000 40000 ]
[ 39999 39999 39999 39999 40000 40000 40000 40000 40000 40000 40000 40000 40000 40000 40000 40000 40000 40000 40000 40000 40000 40000 40000 40000 40000 ]
[ 39999 39999 39999 39999 39999 40000 40000 40000 40000 40000 40000 40000 40000 40000 40000 40000 40000 40000 40000 40000 40000 40000 40000 40000 40000 ]
[ 39999 39999 39999 39999 39999 39999 40000 40000 40000 40000 40000 40000 40000 40000 40000 40000 40000 40000 40000 40000 40000 40000 40000 40000 40000 ]
[ 39999 39999 39999 39999 39999 39999 39999 40000 40000 40000 40000 40000 40000 40000 40000 40000 40000 40000 40000 40000 40000 40000 40000 40000 40000 ]
[ 39999 39999 39999 39999 39999 39999 39999 39999 40000 40000 40000 40000 40000 40000 40000 40000 40000 40000 40000 40000 40000 40000 40000 40000 40000 ]
[ 39999 39999 39999 39999 39999 39999 39999 39999 39999 40000 40000 40000 40000 40000 40000 40000 40000 40000 40000 40000 40000 40000 40000 40000 40000 ]
[ 39999 39999 39999 39999 39999 39999 39999 39999 39999 39999 40000 40000 40000 40000 40000 40000 40000 40000 40000 40000 40000 40000 40000 40000 40000 ]
[ 39999 39999 39999 39999 39999 39999 39999 39999 39999 39999 39999 40000 40000 40000 40000 40000 40000 40000 40000 40000 40000 40000 40000 40000 40000 ]
[ 39999 39999 39999 39999 39999 39999 39999 39999 39999 39999 39999 39999 40000 40000 40000 40000 40000 40000 40000 40000 40000 40000 40000 40000 40000 ]
[ 39999 39999 39999 39999 39999 39999 39999 39999 39999 39999 39999 39999 39999 40000 40000 40000 40000 40000 40000 40000 40000 40000 40000 40000 40000 ]
[ 39999 39999 39999 39999 39999 39999 39999 39999 39999 39999 39999 39999 39999 39999 40000 40000 40000 40000 40000 40000 40000 40000 40000 40000 40000 ]
[ 39999 39999 39999 39999 39999 39999 39999 39999 39999 39999 39999 39999 39999 39999 39999 40000 40000 40000 40000 40000 40000 40000 40000 40000 40000 ]
[ 39999 39999 39999 39999 39999 39999 39999 39999 39999 39999 39999 39999 39999 39999 39999 39999 40000 40000 40000 40000 40000 40000 40000 40000 40000 ]
[ 39999 39999 39999 39999 39999 39999 39999 39999 39999 39999 39999 39999 39999 39999 39999 39999 39999 40000 40000 40000 40000 40000 40000 40000 40000 ]
[ 39999 39999 39999 39999 39999 39999 39999 39999 39999 39999 39999 39999 39999 39999 39999 39999 39999 39999 40000 40000 40000 40000 40000 40000 40000 ]
[ 39999 39999 39999 39999 39999 39999 39999 39999 39999 39999 39999 39999 39999 39999 39999 39999 39999 39999 39999 40000 40000 40000 40000 40000 40000 ]

Running merge sort algorithm: 
Timer (sort): 183ms real	170ms user	10ms sys
The output is sorted!
[ 0 0 0 0 0 0 0 0 0 0 0 0 0 0 0 0 0 0 0 0 0 0 0 0 1 ]
[ 0 0 0 0 0 0 0 0 0 0 0 0 0 0 0 0 0 0 0 0 0 0 0 1 1 ]
[ 0 0 0 0 0 0 0 0 0 0 0 0 0 0 0 0 0 0 0 0 0 0 1 1 1 ]
[ 0 0 0 0 0 0 0 0 0 0 0 0 0 0 0 0 0 0 0 0 0 1 1 1 1 ]
[ 0 0 0 0 0 0 0 0 0 0 0 0 0 0 0 0 0 0 0 0 1 1 1 1 1 ]
[ 0 0 0 0 0 0 0 0 0 0 0 0 0 0 0 0 0 0 0 1 1 1 1 1 1 ]
[ 0 0 0 0 0 0 0 0 0 0 0 0 0 0 0 0 0 0 1 1 1 1 1 1 1 ]
[ 0 0 0 0 0 0 0 0 0 0 0 0 0 0 0 0 0 1 1 1 1 1 1 1 1 ]
[ 0 0 0 0 0 0 0 0 0 0 0 0 0 0 0 0 1 1 1 1 1 1 1 1 1 ]
[ 0 0 0 0 0 0 0 0 0 0 0 0 0 0 0 1 1 1 1 1 1 1 1 1 1 ]
[ 0 0 0 0 0 0 0 0 0 0 0 0 0 0 1 1 1 1 1 1 1 1 1 1 1 ]
[ 0 0 0 0 0 0 0 0 0 0 0 0 0 1 1 1 1 1 1 1 1 1 1 1 1 ]
[ 0 0 0 0 0 0 0 0 0 0 0 0 1 1 1 1 1 1 1 1 1 1 1 1 1 ]
[ 0 0 0 0 0 0 0 0 0 0 0 1 1 1 1 1 1 1 1 1 1 1 1 1 1 ]
[ 0 0 0 0 0 0 0 0 0 0 1 1 1 1 1 1 1 1 1 1 1 1 1 1 1 ]
[ 0 0 0 0 0 0 0 0 0 1 1 1 1 1 1 1 1 1 1 1 1 1 1 1 1 ]
[ 0 0 0 0 0 0 0 0 1 1 1 1 1 1 1 1 1 1 1 1 1 1 1 1 1 ]
[ 0 0 0 0 0 0 0 1 1 1 1 1 1 1 1 1 1 1 1 1 1 1 1 1 1 ]
[ 0 0 0 0 0 0 1 1 1 1 1 1 1 1 1 1 1 1 1 1 1 1 1 1 1 ]
[ 0 0 0 0 0 1 1 1 1 1 1 1 1 1 1 1 1 1 1 1 1 1 1 1 1 ]

Timer (generate): 117ms real	100ms user	0ms sys
[ 40000 40000 40000 40000 40000 40000 40000 40000 40000 40000 40000 40000 40000 40000 40000 40000 40000 40000 40000 40000 40000 40000 40000 40000 40000 ]
[ 39999 40000 40000 40000 40000 40000 40000 40000 40000 40000 40000 40000 40000 40000 40000 40000 40000 40000 40000 40000 40000 40000 40000 40000 40000 ]
[ 39999 39999 40000 40000 40000 40000 40000 40000 40000 40000 40000 40000 40000 40000 40000 40000 40000 40000 40000 40000 40000 40000 40000 40000 40000 ]
[ 39999 39999 39999 40000 40000 40000 40000 40000 40000 40000 40000 40000 40000 40000 40000 40000 40000 40000 40000 40000 40000 40000 40000 40000 40000 ]
[ 39999 39999 39999 39999 40000 40000 40000 40000 40000 40000 40000 40000 40000 40000 40000 40000 40000 40000 40000 40000 40000 40000 40000 40000 40000 ]
[ 39999 39999 39999 39999 39999 40000 40000 40000 40000 40000 40000 40000 40000 40000 40000 40000 40000 40000 40000 40000 40000 40000 40000 40000 40000 ]
[ 39999 39999 39999 39999 39999 39999 40000 40000 40000 40000 40000 40000 40000 40000 40000 40000 40000 40000 40000 40000 40000 40000 40000 40000 40000 ]
[ 39999 39999 39999 39999 39999 39999 39999 40000 40000 40000 40000 40000 40000 40000 40000 40000 40000 40000 40000 40000 40000 40000 40000 40000 40000 ]
[ 39999 39999 39999 39999 39999 39999 39999 39999 40000 40000 40000 40000 40000 40000 40000 40000 40000 40000 40000 40000 40000 40000 40000 40000 40000 ]
[ 39999 39999 39999 39999 39999 39999 39999 39999 39999 40000 40000 40000 40000 40000 40000 40000 40000 40000 40000 40000 40000 40000 40000 40000 40000 ]
[ 39999 39999 39999 39999 39999 39999 39999 39999 39999 39999 40000 40000 40000 40000 40000 40000 40000 40000 40000 40000 40000 40000 40000 40000 40000 ]
[ 39999 39999 39999 39999 39999 39999 39999 39999 39999 39999 39999 40000 40000 40000 40000 40000 40000 40000 40000 40000 40000 40000 40000 40000 40000 ]
[ 39999 39999 39999 39999 39999 39999 39999 39999 39999 39999 39999 39999 40000 40000 40000 40000 40000 40000 40000 40000 40000 40000 40000 40000 40000 ]
[ 39999 39999 39999 39999 39999 39999 39999 39999 39999 39999 39999 39999 39999 40000 40000 40000 40000 40000 40000 40000 40000 40000 40000 40000 40000 ]
[ 39999 39999 39999 39999 39999 39999 39999 39999 39999 39999 39999 39999 39999 39999 40000 40000 40000 40000 40000 40000 40000 40000 40000 40000 40000 ]
[ 39999 39999 39999 39999 39999 39999 39999 39999 39999 39999 39999 39999 39999 39999 39999 40000 40000 40000 40000 40000 40000 40000 40000 40000 40000 ]
[ 39999 39999 39999 39999 39999 39999 39999 39999 39999 39999 39999 39999 39999 39999 39999 39999 40000 40000 40000 40000 40000 40000 40000 40000 40000 ]
[ 39999 39999 39999 39999 39999 39999 39999 39999 39999 39999 39999 39999 39999 39999 39999 39999 39999 40000 40000 40000 40000 40000 40000 40000 40000 ]
[ 39999 39999 39999 39999 39999 39999 39999 39999 39999 39999 39999 39999 39999 39999 39999 39999 39999 39999 40000 40000 40000 40000 40000 40000 40000 ]
[ 39999 39999 39999 39999 39999 39999 39999 39999 39999 39999 39999 39999 39999 39999 39999 39999 39999 39999 39999 40000 40000 40000 40000 40000 40000 ]

Running merge sort algorithm: 
Timer (sort): 166ms real	160ms user	0ms sys
The output is sorted!
[ 0 0 0 0 0 0 0 0 0 0 0 0 0 0 0 0 0 0 0 0 0 0 0 0 1 ]
[ 0 0 0 0 0 0 0 0 0 0 0 0 0 0 0 0 0 0 0 0 0 0 0 1 1 ]
[ 0 0 0 0 0 0 0 0 0 0 0 0 0 0 0 0 0 0 0 0 0 0 1 1 1 ]
[ 0 0 0 0 0 0 0 0 0 0 0 0 0 0 0 0 0 0 0 0 0 1 1 1 1 ]
[ 0 0 0 0 0 0 0 0 0 0 0 0 0 0 0 0 0 0 0 0 1 1 1 1 1 ]
[ 0 0 0 0 0 0 0 0 0 0 0 0 0 0 0 0 0 0 0 1 1 1 1 1 1 ]
[ 0 0 0 0 0 0 0 0 0 0 0 0 0 0 0 0 0 0 1 1 1 1 1 1 1 ]
[ 0 0 0 0 0 0 0 0 0 0 0 0 0 0 0 0 0 1 1 1 1 1 1 1 1 ]
[ 0 0 0 0 0 0 0 0 0 0 0 0 0 0 0 0 1 1 1 1 1 1 1 1 1 ]
[ 0 0 0 0 0 0 0 0 0 0 0 0 0 0 0 1 1 1 1 1 1 1 1 1 1 ]
[ 0 0 0 0 0 0 0 0 0 0 0 0 0 0 1 1 1 1 1 1 1 1 1 1 1 ]
[ 0 0 0 0 0 0 0 0 0 0 0 0 0 1 1 1 1 1 1 1 1 1 1 1 1 ]
[ 0 0 0 0 0 0 0 0 0 0 0 0 1 1 1 1 1 1 1 1 1 1 1 1 1 ]
[ 0 0 0 0 0 0 0 0 0 0 0 1 1 1 1 1 1 1 1 1 1 1 1 1 1 ]
[ 0 0 0 0 0 0 0 0 0 0 1 1 1 1 1 1 1 1 1 1 1 1 1 1 1 ]
[ 0 0 0 0 0 0 0 0 0 1 1 1 1 1 1 1 1 1 1 1 1 1 1 1 1 ]
[ 0 0 0 0 0 0 0 0 1 1 1 1 1 1 1 1 1 1 1 1 1 1 1 1 1 ]
[ 0 0 0 0 0 0 0 1 1 1 1 1 1 1 1 1 1 1 1 1 1 1 1 1 1 ]
[ 0 0 0 0 0 0 1 1 1 1 1 1 1 1 1 1 1 1 1 1 1 1 1 1 1 ]
[ 0 0 0 0 0 1 1 1 1 1 1 1 1 1 1 1 1 1 1 1 1 1 1 1 1 ]

Timer (generate): 121ms real	100ms user	20ms sys
[ 40000 40000 40000 40000 40000 40000 40000 40000 40000 40000 40000 40000 40000 40000 40000 40000 40000 40000 40000 40000 40000 40000 40000 40000 40000 ]
[ 39999 40000 40000 40000 40000 40000 40000 40000 40000 40000 40000 40000 40000 40000 40000 40000 40000 40000 40000 40000 40000 40000 40000 40000 40000 ]
[ 39999 39999 40000 40000 40000 40000 40000 40000 40000 40000 40000 40000 40000 40000 40000 40000 40000 40000 40000 40000 40000 40000 40000 40000 40000 ]
[ 39999 39999 39999 40000 40000 40000 40000 40000 40000 40000 40000 40000 40000 40000 40000 40000 40000 40000 40000 40000 40000 40000 40000 40000 40000 ]
[ 39999 39999 39999 39999 40000 40000 40000 40000 40000 40000 40000 40000 40000 40000 40000 40000 40000 40000 40000 40000 40000 40000 40000 40000 40000 ]
[ 39999 39999 39999 39999 39999 40000 40000 40000 40000 40000 40000 40000 40000 40000 40000 40000 40000 40000 40000 40000 40000 40000 40000 40000 40000 ]
[ 39999 39999 39999 39999 39999 39999 40000 40000 40000 40000 40000 40000 40000 40000 40000 40000 40000 40000 40000 40000 40000 40000 40000 40000 40000 ]
[ 39999 39999 39999 39999 39999 39999 39999 40000 40000 40000 40000 40000 40000 40000 40000 40000 40000 40000 40000 40000 40000 40000 40000 40000 40000 ]
[ 39999 39999 39999 39999 39999 39999 39999 39999 40000 40000 40000 40000 40000 40000 40000 40000 40000 40000 40000 40000 40000 40000 40000 40000 40000 ]
[ 39999 39999 39999 39999 39999 39999 39999 39999 39999 40000 40000 40000 40000 40000 40000 40000 40000 40000 40000 40000 40000 40000 40000 40000 40000 ]
[ 39999 39999 39999 39999 39999 39999 39999 39999 39999 39999 40000 40000 40000 40000 40000 40000 40000 40000 40000 40000 40000 40000 40000 40000 40000 ]
[ 39999 39999 39999 39999 39999 39999 39999 39999 39999 39999 39999 40000 40000 40000 40000 40000 40000 40000 40000 40000 40000 40000 40000 40000 40000 ]
[ 39999 39999 39999 39999 39999 39999 39999 39999 39999 39999 39999 39999 40000 40000 40000 40000 40000 40000 40000 40000 40000 40000 40000 40000 40000 ]
[ 39999 39999 39999 39999 39999 39999 39999 39999 39999 39999 39999 39999 39999 40000 40000 40000 40000 40000 40000 40000 40000 40000 40000 40000 40000 ]
[ 39999 39999 39999 39999 39999 39999 39999 39999 39999 39999 39999 39999 39999 39999 40000 40000 40000 40000 40000 40000 40000 40000 40000 40000 40000 ]
[ 39999 39999 39999 39999 39999 39999 39999 39999 39999 39999 39999 39999 39999 39999 39999 40000 40000 40000 40000 40000 40000 40000 40000 40000 40000 ]
[ 39999 39999 39999 39999 39999 39999 39999 39999 39999 39999 39999 39999 39999 39999 39999 39999 40000 40000 40000 40000 40000 40000 40000 40000 40000 ]
[ 39999 39999 39999 39999 39999 39999 39999 39999 39999 39999 39999 39999 39999 39999 39999 39999 39999 40000 40000 40000 40000 40000 40000 40000 40000 ]
[ 39999 39999 39999 39999 39999 39999 39999 39999 39999 39999 39999 39999 39999 39999 39999 39999 39999 39999 40000 40000 40000 40000 40000 40000 40000 ]
[ 39999 39999 39999 39999 39999 39999 39999 39999 39999 39999 39999 39999 39999 39999 39999 39999 39999 39999 39999 40000 40000 40000 40000 40000 40000 ]

Running merge sort algorithm: 
Timer (sort): 168ms real	160ms user	10ms sys
The output is sorted!
[ 0 0 0 0 0 0 0 0 0 0 0 0 0 0 0 0 0 0 0 0 0 0 0 0 1 ]
[ 0 0 0 0 0 0 0 0 0 0 0 0 0 0 0 0 0 0 0 0 0 0 0 1 1 ]
[ 0 0 0 0 0 0 0 0 0 0 0 0 0 0 0 0 0 0 0 0 0 0 1 1 1 ]
[ 0 0 0 0 0 0 0 0 0 0 0 0 0 0 0 0 0 0 0 0 0 1 1 1 1 ]
[ 0 0 0 0 0 0 0 0 0 0 0 0 0 0 0 0 0 0 0 0 1 1 1 1 1 ]
[ 0 0 0 0 0 0 0 0 0 0 0 0 0 0 0 0 0 0 0 1 1 1 1 1 1 ]
[ 0 0 0 0 0 0 0 0 0 0 0 0 0 0 0 0 0 0 1 1 1 1 1 1 1 ]
[ 0 0 0 0 0 0 0 0 0 0 0 0 0 0 0 0 0 1 1 1 1 1 1 1 1 ]
[ 0 0 0 0 0 0 0 0 0 0 0 0 0 0 0 0 1 1 1 1 1 1 1 1 1 ]
[ 0 0 0 0 0 0 0 0 0 0 0 0 0 0 0 1 1 1 1 1 1 1 1 1 1 ]
[ 0 0 0 0 0 0 0 0 0 0 0 0 0 0 1 1 1 1 1 1 1 1 1 1 1 ]
[ 0 0 0 0 0 0 0 0 0 0 0 0 0 1 1 1 1 1 1 1 1 1 1 1 1 ]
[ 0 0 0 0 0 0 0 0 0 0 0 0 1 1 1 1 1 1 1 1 1 1 1 1 1 ]
[ 0 0 0 0 0 0 0 0 0 0 0 1 1 1 1 1 1 1 1 1 1 1 1 1 1 ]
[ 0 0 0 0 0 0 0 0 0 0 1 1 1 1 1 1 1 1 1 1 1 1 1 1 1 ]
[ 0 0 0 0 0 0 0 0 0 1 1 1 1 1 1 1 1 1 1 1 1 1 1 1 1 ]
[ 0 0 0 0 0 0 0 0 1 1 1 1 1 1 1 1 1 1 1 1 1 1 1 1 1 ]
[ 0 0 0 0 0 0 0 1 1 1 1 1 1 1 1 1 1 1 1 1 1 1 1 1 1 ]
[ 0 0 0 0 0 0 1 1 1 1 1 1 1 1 1 1 1 1 1 1 1 1 1 1 1 ]
[ 0 0 0 0 0 1 1 1 1 1 1 1 1 1 1 1 1 1 1 1 1 1 1 1 1 ]

Timer (generate): 114ms real	70ms user	40ms sys
[ 40000 40000 40000 40000 40000 40000 40000 40000 40000 40000 40000 40000 40000 40000 40000 40000 40000 40000 40000 40000 40000 40000 40000 40000 40000 ]
[ 39999 40000 40000 40000 40000 40000 40000 40000 40000 40000 40000 40000 40000 40000 40000 40000 40000 40000 40000 40000 40000 40000 40000 40000 40000 ]
[ 39999 39999 40000 40000 40000 40000 40000 40000 40000 40000 40000 40000 40000 40000 40000 40000 40000 40000 40000 40000 40000 40000 40000 40000 40000 ]
[ 39999 39999 39999 40000 40000 40000 40000 40000 40000 40000 40000 40000 40000 40000 40000 40000 40000 40000 40000 40000 40000 40000 40000 40000 40000 ]
[ 39999 39999 39999 39999 40000 40000 40000 40000 40000 40000 40000 40000 40000 40000 40000 40000 40000 40000 40000 40000 40000 40000 40000 40000 40000 ]
[ 39999 39999 39999 39999 39999 40000 40000 40000 40000 40000 40000 40000 40000 40000 40000 40000 40000 40000 40000 40000 40000 40000 40000 40000 40000 ]
[ 39999 39999 39999 39999 39999 39999 40000 40000 40000 40000 40000 40000 40000 40000 40000 40000 40000 40000 40000 40000 40000 40000 40000 40000 40000 ]
[ 39999 39999 39999 39999 39999 39999 39999 40000 40000 40000 40000 40000 40000 40000 40000 40000 40000 40000 40000 40000 40000 40000 40000 40000 40000 ]
[ 39999 39999 39999 39999 39999 39999 39999 39999 40000 40000 40000 40000 40000 40000 40000 40000 40000 40000 40000 40000 40000 40000 40000 40000 40000 ]
[ 39999 39999 39999 39999 39999 39999 39999 39999 39999 40000 40000 40000 40000 40000 40000 40000 40000 40000 40000 40000 40000 40000 40000 40000 40000 ]
[ 39999 39999 39999 39999 39999 39999 39999 39999 39999 39999 40000 40000 40000 40000 40000 40000 40000 40000 40000 40000 40000 40000 40000 40000 40000 ]
[ 39999 39999 39999 39999 39999 39999 39999 39999 39999 39999 39999 40000 40000 40000 40000 40000 40000 40000 40000 40000 40000 40000 40000 40000 40000 ]
[ 39999 39999 39999 39999 39999 39999 39999 39999 39999 39999 39999 39999 40000 40000 40000 40000 40000 40000 40000 40000 40000 40000 40000 40000 40000 ]
[ 39999 39999 39999 39999 39999 39999 39999 39999 39999 39999 39999 39999 39999 40000 40000 40000 40000 40000 40000 40000 40000 40000 40000 40000 40000 ]
[ 39999 39999 39999 39999 39999 39999 39999 39999 39999 39999 39999 39999 39999 39999 40000 40000 40000 40000 40000 40000 40000 40000 40000 40000 40000 ]
[ 39999 39999 39999 39999 39999 39999 39999 39999 39999 39999 39999 39999 39999 39999 39999 40000 40000 40000 40000 40000 40000 40000 40000 40000 40000 ]
[ 39999 39999 39999 39999 39999 39999 39999 39999 39999 39999 39999 39999 39999 39999 39999 39999 40000 40000 40000 40000 40000 40000 40000 40000 40000 ]
[ 39999 39999 39999 39999 39999 39999 39999 39999 39999 39999 39999 39999 39999 39999 39999 39999 39999 40000 40000 40000 40000 40000 40000 40000 40000 ]
[ 39999 39999 39999 39999 39999 39999 39999 39999 39999 39999 39999 39999 39999 39999 39999 39999 39999 39999 40000 40000 40000 40000 40000 40000 40000 ]
[ 39999 39999 39999 39999 39999 39999 39999 39999 39999 39999 39999 39999 39999 39999 39999 39999 39999 39999 39999 40000 40000 40000 40000 40000 40000 ]

Running merge sort algorithm: 
Timer (sort): 175ms real	170ms user	0ms sys
The output is sorted!
[ 0 0 0 0 0 0 0 0 0 0 0 0 0 0 0 0 0 0 0 0 0 0 0 0 1 ]
[ 0 0 0 0 0 0 0 0 0 0 0 0 0 0 0 0 0 0 0 0 0 0 0 1 1 ]
[ 0 0 0 0 0 0 0 0 0 0 0 0 0 0 0 0 0 0 0 0 0 0 1 1 1 ]
[ 0 0 0 0 0 0 0 0 0 0 0 0 0 0 0 0 0 0 0 0 0 1 1 1 1 ]
[ 0 0 0 0 0 0 0 0 0 0 0 0 0 0 0 0 0 0 0 0 1 1 1 1 1 ]
[ 0 0 0 0 0 0 0 0 0 0 0 0 0 0 0 0 0 0 0 1 1 1 1 1 1 ]
[ 0 0 0 0 0 0 0 0 0 0 0 0 0 0 0 0 0 0 1 1 1 1 1 1 1 ]
[ 0 0 0 0 0 0 0 0 0 0 0 0 0 0 0 0 0 1 1 1 1 1 1 1 1 ]
[ 0 0 0 0 0 0 0 0 0 0 0 0 0 0 0 0 1 1 1 1 1 1 1 1 1 ]
[ 0 0 0 0 0 0 0 0 0 0 0 0 0 0 0 1 1 1 1 1 1 1 1 1 1 ]
[ 0 0 0 0 0 0 0 0 0 0 0 0 0 0 1 1 1 1 1 1 1 1 1 1 1 ]
[ 0 0 0 0 0 0 0 0 0 0 0 0 0 1 1 1 1 1 1 1 1 1 1 1 1 ]
[ 0 0 0 0 0 0 0 0 0 0 0 0 1 1 1 1 1 1 1 1 1 1 1 1 1 ]
[ 0 0 0 0 0 0 0 0 0 0 0 1 1 1 1 1 1 1 1 1 1 1 1 1 1 ]
[ 0 0 0 0 0 0 0 0 0 0 1 1 1 1 1 1 1 1 1 1 1 1 1 1 1 ]
[ 0 0 0 0 0 0 0 0 0 1 1 1 1 1 1 1 1 1 1 1 1 1 1 1 1 ]
[ 0 0 0 0 0 0 0 0 1 1 1 1 1 1 1 1 1 1 1 1 1 1 1 1 1 ]
[ 0 0 0 0 0 0 0 1 1 1 1 1 1 1 1 1 1 1 1 1 1 1 1 1 1 ]
[ 0 0 0 0 0 0 1 1 1 1 1 1 1 1 1 1 1 1 1 1 1 1 1 1 1 ]
[ 0 0 0 0 0 1 1 1 1 1 1 1 1 1 1 1 1 1 1 1 1 1 1 1 1 ]

Timer (generate): 121ms real	60ms user	50ms sys
[ 40000 40000 40000 40000 40000 40000 40000 40000 40000 40000 40000 40000 40000 40000 40000 40000 40000 40000 40000 40000 40000 40000 40000 40000 40000 ]
[ 39999 40000 40000 40000 40000 40000 40000 40000 40000 40000 40000 40000 40000 40000 40000 40000 40000 40000 40000 40000 40000 40000 40000 40000 40000 ]
[ 39999 39999 40000 40000 40000 40000 40000 40000 40000 40000 40000 40000 40000 40000 40000 40000 40000 40000 40000 40000 40000 40000 40000 40000 40000 ]
[ 39999 39999 39999 40000 40000 40000 40000 40000 40000 40000 40000 40000 40000 40000 40000 40000 40000 40000 40000 40000 40000 40000 40000 40000 40000 ]
[ 39999 39999 39999 39999 40000 40000 40000 40000 40000 40000 40000 40000 40000 40000 40000 40000 40000 40000 40000 40000 40000 40000 40000 40000 40000 ]
[ 39999 39999 39999 39999 39999 40000 40000 40000 40000 40000 40000 40000 40000 40000 40000 40000 40000 40000 40000 40000 40000 40000 40000 40000 40000 ]
[ 39999 39999 39999 39999 39999 39999 40000 40000 40000 40000 40000 40000 40000 40000 40000 40000 40000 40000 40000 40000 40000 40000 40000 40000 40000 ]
[ 39999 39999 39999 39999 39999 39999 39999 40000 40000 40000 40000 40000 40000 40000 40000 40000 40000 40000 40000 40000 40000 40000 40000 40000 40000 ]
[ 39999 39999 39999 39999 39999 39999 39999 39999 40000 40000 40000 40000 40000 40000 40000 40000 40000 40000 40000 40000 40000 40000 40000 40000 40000 ]
[ 39999 39999 39999 39999 39999 39999 39999 39999 39999 40000 40000 40000 40000 40000 40000 40000 40000 40000 40000 40000 40000 40000 40000 40000 40000 ]
[ 39999 39999 39999 39999 39999 39999 39999 39999 39999 39999 40000 40000 40000 40000 40000 40000 40000 40000 40000 40000 40000 40000 40000 40000 40000 ]
[ 39999 39999 39999 39999 39999 39999 39999 39999 39999 39999 39999 40000 40000 40000 40000 40000 40000 40000 40000 40000 40000 40000 40000 40000 40000 ]
[ 39999 39999 39999 39999 39999 39999 39999 39999 39999 39999 39999 39999 40000 40000 40000 40000 40000 40000 40000 40000 40000 40000 40000 40000 40000 ]
[ 39999 39999 39999 39999 39999 39999 39999 39999 39999 39999 39999 39999 39999 40000 40000 40000 40000 40000 40000 40000 40000 40000 40000 40000 40000 ]
[ 39999 39999 39999 39999 39999 39999 39999 39999 39999 39999 39999 39999 39999 39999 40000 40000 40000 40000 40000 40000 40000 40000 40000 40000 40000 ]
[ 39999 39999 39999 39999 39999 39999 39999 39999 39999 39999 39999 39999 39999 39999 39999 40000 40000 40000 40000 40000 40000 40000 40000 40000 40000 ]
[ 39999 39999 39999 39999 39999 39999 39999 39999 39999 39999 39999 39999 39999 39999 39999 39999 40000 40000 40000 40000 40000 40000 40000 40000 40000 ]
[ 39999 39999 39999 39999 39999 39999 39999 39999 39999 39999 39999 39999 39999 39999 39999 39999 39999 40000 40000 40000 40000 40000 40000 40000 40000 ]
[ 39999 39999 39999 39999 39999 39999 39999 39999 39999 39999 39999 39999 39999 39999 39999 39999 39999 39999 40000 40000 40000 40000 40000 40000 40000 ]
[ 39999 39999 39999 39999 39999 39999 39999 39999 39999 39999 39999 39999 39999 39999 39999 39999 39999 39999 39999 40000 40000 40000 40000 40000 40000 ]

Running merge sort algorithm: 
Timer (sort): 166ms real	170ms user	0ms sys
The output is sorted!
[ 0 0 0 0 0 0 0 0 0 0 0 0 0 0 0 0 0 0 0 0 0 0 0 0 1 ]
[ 0 0 0 0 0 0 0 0 0 0 0 0 0 0 0 0 0 0 0 0 0 0 0 1 1 ]
[ 0 0 0 0 0 0 0 0 0 0 0 0 0 0 0 0 0 0 0 0 0 0 1 1 1 ]
[ 0 0 0 0 0 0 0 0 0 0 0 0 0 0 0 0 0 0 0 0 0 1 1 1 1 ]
[ 0 0 0 0 0 0 0 0 0 0 0 0 0 0 0 0 0 0 0 0 1 1 1 1 1 ]
[ 0 0 0 0 0 0 0 0 0 0 0 0 0 0 0 0 0 0 0 1 1 1 1 1 1 ]
[ 0 0 0 0 0 0 0 0 0 0 0 0 0 0 0 0 0 0 1 1 1 1 1 1 1 ]
[ 0 0 0 0 0 0 0 0 0 0 0 0 0 0 0 0 0 1 1 1 1 1 1 1 1 ]
[ 0 0 0 0 0 0 0 0 0 0 0 0 0 0 0 0 1 1 1 1 1 1 1 1 1 ]
[ 0 0 0 0 0 0 0 0 0 0 0 0 0 0 0 1 1 1 1 1 1 1 1 1 1 ]
[ 0 0 0 0 0 0 0 0 0 0 0 0 0 0 1 1 1 1 1 1 1 1 1 1 1 ]
[ 0 0 0 0 0 0 0 0 0 0 0 0 0 1 1 1 1 1 1 1 1 1 1 1 1 ]
[ 0 0 0 0 0 0 0 0 0 0 0 0 1 1 1 1 1 1 1 1 1 1 1 1 1 ]
[ 0 0 0 0 0 0 0 0 0 0 0 1 1 1 1 1 1 1 1 1 1 1 1 1 1 ]
[ 0 0 0 0 0 0 0 0 0 0 1 1 1 1 1 1 1 1 1 1 1 1 1 1 1 ]
[ 0 0 0 0 0 0 0 0 0 1 1 1 1 1 1 1 1 1 1 1 1 1 1 1 1 ]
[ 0 0 0 0 0 0 0 0 1 1 1 1 1 1 1 1 1 1 1 1 1 1 1 1 1 ]
[ 0 0 0 0 0 0 0 1 1 1 1 1 1 1 1 1 1 1 1 1 1 1 1 1 1 ]
[ 0 0 0 0 0 0 1 1 1 1 1 1 1 1 1 1 1 1 1 1 1 1 1 1 1 ]
[ 0 0 0 0 0 1 1 1 1 1 1 1 1 1 1 1 1 1 1 1 1 1 1 1 1 ]

Timer (generate): 123ms real	90ms user	20ms sys
[ 40000 40000 40000 40000 40000 40000 40000 40000 40000 40000 40000 40000 40000 40000 40000 40000 40000 40000 40000 40000 40000 40000 40000 40000 40000 ]
[ 39999 40000 40000 40000 40000 40000 40000 40000 40000 40000 40000 40000 40000 40000 40000 40000 40000 40000 40000 40000 40000 40000 40000 40000 40000 ]
[ 39999 39999 40000 40000 40000 40000 40000 40000 40000 40000 40000 40000 40000 40000 40000 40000 40000 40000 40000 40000 40000 40000 40000 40000 40000 ]
[ 39999 39999 39999 40000 40000 40000 40000 40000 40000 40000 40000 40000 40000 40000 40000 40000 40000 40000 40000 40000 40000 40000 40000 40000 40000 ]
[ 39999 39999 39999 39999 40000 40000 40000 40000 40000 40000 40000 40000 40000 40000 40000 40000 40000 40000 40000 40000 40000 40000 40000 40000 40000 ]
[ 39999 39999 39999 39999 39999 40000 40000 40000 40000 40000 40000 40000 40000 40000 40000 40000 40000 40000 40000 40000 40000 40000 40000 40000 40000 ]
[ 39999 39999 39999 39999 39999 39999 40000 40000 40000 40000 40000 40000 40000 40000 40000 40000 40000 40000 40000 40000 40000 40000 40000 40000 40000 ]
[ 39999 39999 39999 39999 39999 39999 39999 40000 40000 40000 40000 40000 40000 40000 40000 40000 40000 40000 40000 40000 40000 40000 40000 40000 40000 ]
[ 39999 39999 39999 39999 39999 39999 39999 39999 40000 40000 40000 40000 40000 40000 40000 40000 40000 40000 40000 40000 40000 40000 40000 40000 40000 ]
[ 39999 39999 39999 39999 39999 39999 39999 39999 39999 40000 40000 40000 40000 40000 40000 40000 40000 40000 40000 40000 40000 40000 40000 40000 40000 ]
[ 39999 39999 39999 39999 39999 39999 39999 39999 39999 39999 40000 40000 40000 40000 40000 40000 40000 40000 40000 40000 40000 40000 40000 40000 40000 ]
[ 39999 39999 39999 39999 39999 39999 39999 39999 39999 39999 39999 40000 40000 40000 40000 40000 40000 40000 40000 40000 40000 40000 40000 40000 40000 ]
[ 39999 39999 39999 39999 39999 39999 39999 39999 39999 39999 39999 39999 40000 40000 40000 40000 40000 40000 40000 40000 40000 40000 40000 40000 40000 ]
[ 39999 39999 39999 39999 39999 39999 39999 39999 39999 39999 39999 39999 39999 40000 40000 40000 40000 40000 40000 40000 40000 40000 40000 40000 40000 ]
[ 39999 39999 39999 39999 39999 39999 39999 39999 39999 39999 39999 39999 39999 39999 40000 40000 40000 40000 40000 40000 40000 40000 40000 40000 40000 ]
[ 39999 39999 39999 39999 39999 39999 39999 39999 39999 39999 39999 39999 39999 39999 39999 40000 40000 40000 40000 40000 40000 40000 40000 40000 40000 ]
[ 39999 39999 39999 39999 39999 39999 39999 39999 39999 39999 39999 39999 39999 39999 39999 39999 40000 40000 40000 40000 40000 40000 40000 40000 40000 ]
[ 39999 39999 39999 39999 39999 39999 39999 39999 39999 39999 39999 39999 39999 39999 39999 39999 39999 40000 40000 40000 40000 40000 40000 40000 40000 ]
[ 39999 39999 39999 39999 39999 39999 39999 39999 39999 39999 39999 39999 39999 39999 39999 39999 39999 39999 40000 40000 40000 40000 40000 40000 40000 ]
[ 39999 39999 39999 39999 39999 39999 39999 39999 39999 39999 39999 39999 39999 39999 39999 39999 39999 39999 39999 40000 40000 40000 40000 40000 40000 ]

Running merge sort algorithm: 
Timer (sort): 176ms real	180ms user	0ms sys
The output is sorted!
[ 0 0 0 0 0 0 0 0 0 0 0 0 0 0 0 0 0 0 0 0 0 0 0 0 1 ]
[ 0 0 0 0 0 0 0 0 0 0 0 0 0 0 0 0 0 0 0 0 0 0 0 1 1 ]
[ 0 0 0 0 0 0 0 0 0 0 0 0 0 0 0 0 0 0 0 0 0 0 1 1 1 ]
[ 0 0 0 0 0 0 0 0 0 0 0 0 0 0 0 0 0 0 0 0 0 1 1 1 1 ]
[ 0 0 0 0 0 0 0 0 0 0 0 0 0 0 0 0 0 0 0 0 1 1 1 1 1 ]
[ 0 0 0 0 0 0 0 0 0 0 0 0 0 0 0 0 0 0 0 1 1 1 1 1 1 ]
[ 0 0 0 0 0 0 0 0 0 0 0 0 0 0 0 0 0 0 1 1 1 1 1 1 1 ]
[ 0 0 0 0 0 0 0 0 0 0 0 0 0 0 0 0 0 1 1 1 1 1 1 1 1 ]
[ 0 0 0 0 0 0 0 0 0 0 0 0 0 0 0 0 1 1 1 1 1 1 1 1 1 ]
[ 0 0 0 0 0 0 0 0 0 0 0 0 0 0 0 1 1 1 1 1 1 1 1 1 1 ]
[ 0 0 0 0 0 0 0 0 0 0 0 0 0 0 1 1 1 1 1 1 1 1 1 1 1 ]
[ 0 0 0 0 0 0 0 0 0 0 0 0 0 1 1 1 1 1 1 1 1 1 1 1 1 ]
[ 0 0 0 0 0 0 0 0 0 0 0 0 1 1 1 1 1 1 1 1 1 1 1 1 1 ]
[ 0 0 0 0 0 0 0 0 0 0 0 1 1 1 1 1 1 1 1 1 1 1 1 1 1 ]
[ 0 0 0 0 0 0 0 0 0 0 1 1 1 1 1 1 1 1 1 1 1 1 1 1 1 ]
[ 0 0 0 0 0 0 0 0 0 1 1 1 1 1 1 1 1 1 1 1 1 1 1 1 1 ]
[ 0 0 0 0 0 0 0 0 1 1 1 1 1 1 1 1 1 1 1 1 1 1 1 1 1 ]
[ 0 0 0 0 0 0 0 1 1 1 1 1 1 1 1 1 1 1 1 1 1 1 1 1 1 ]
[ 0 0 0 0 0 0 1 1 1 1 1 1 1 1 1 1 1 1 1 1 1 1 1 1 1 ]
[ 0 0 0 0 0 1 1 1 1 1 1 1 1 1 1 1 1 1 1 1 1 1 1 1 1 ]

Timer (generate): 128ms real	100ms user	10ms sys
[ 40000 40000 40000 40000 40000 40000 40000 40000 40000 40000 40000 40000 40000 40000 40000 40000 40000 40000 40000 40000 40000 40000 40000 40000 40000 ]
[ 39999 40000 40000 40000 40000 40000 40000 40000 40000 40000 40000 40000 40000 40000 40000 40000 40000 40000 40000 40000 40000 40000 40000 40000 40000 ]
[ 39999 39999 40000 40000 40000 40000 40000 40000 40000 40000 40000 40000 40000 40000 40000 40000 40000 40000 40000 40000 40000 40000 40000 40000 40000 ]
[ 39999 39999 39999 40000 40000 40000 40000 40000 40000 40000 40000 40000 40000 40000 40000 40000 40000 40000 40000 40000 40000 40000 40000 40000 40000 ]
[ 39999 39999 39999 39999 40000 40000 40000 40000 40000 40000 40000 40000 40000 40000 40000 40000 40000 40000 40000 40000 40000 40000 40000 40000 40000 ]
[ 39999 39999 39999 39999 39999 40000 40000 40000 40000 40000 40000 40000 40000 40000 40000 40000 40000 40000 40000 40000 40000 40000 40000 40000 40000 ]
[ 39999 39999 39999 39999 39999 39999 40000 40000 40000 40000 40000 40000 40000 40000 40000 40000 40000 40000 40000 40000 40000 40000 40000 40000 40000 ]
[ 39999 39999 39999 39999 39999 39999 39999 40000 40000 40000 40000 40000 40000 40000 40000 40000 40000 40000 40000 40000 40000 40000 40000 40000 40000 ]
[ 39999 39999 39999 39999 39999 39999 39999 39999 40000 40000 40000 40000 40000 40000 40000 40000 40000 40000 40000 40000 40000 40000 40000 40000 40000 ]
[ 39999 39999 39999 39999 39999 39999 39999 39999 39999 40000 40000 40000 40000 40000 40000 40000 40000 40000 40000 40000 40000 40000 40000 40000 40000 ]
[ 39999 39999 39999 39999 39999 39999 39999 39999 39999 39999 40000 40000 40000 40000 40000 40000 40000 40000 40000 40000 40000 40000 40000 40000 40000 ]
[ 39999 39999 39999 39999 39999 39999 39999 39999 39999 39999 39999 40000 40000 40000 40000 40000 40000 40000 40000 40000 40000 40000 40000 40000 40000 ]
[ 39999 39999 39999 39999 39999 39999 39999 39999 39999 39999 39999 39999 40000 40000 40000 40000 40000 40000 40000 40000 40000 40000 40000 40000 40000 ]
[ 39999 39999 39999 39999 39999 39999 39999 39999 39999 39999 39999 39999 39999 40000 40000 40000 40000 40000 40000 40000 40000 40000 40000 40000 40000 ]
[ 39999 39999 39999 39999 39999 39999 39999 39999 39999 39999 39999 39999 39999 39999 40000 40000 40000 40000 40000 40000 40000 40000 40000 40000 40000 ]
[ 39999 39999 39999 39999 39999 39999 39999 39999 39999 39999 39999 39999 39999 39999 39999 40000 40000 40000 40000 40000 40000 40000 40000 40000 40000 ]
[ 39999 39999 39999 39999 39999 39999 39999 39999 39999 39999 39999 39999 39999 39999 39999 39999 40000 40000 40000 40000 40000 40000 40000 40000 40000 ]
[ 39999 39999 39999 39999 39999 39999 39999 39999 39999 39999 39999 39999 39999 39999 39999 39999 39999 40000 40000 40000 40000 40000 40000 40000 40000 ]
[ 39999 39999 39999 39999 39999 39999 39999 39999 39999 39999 39999 39999 39999 39999 39999 39999 39999 39999 40000 40000 40000 40000 40000 40000 40000 ]
[ 39999 39999 39999 39999 39999 39999 39999 39999 39999 39999 39999 39999 39999 39999 39999 39999 39999 39999 39999 40000 40000 40000 40000 40000 40000 ]

Running merge sort algorithm: 
Timer (sort): 175ms real	170ms user	0ms sys
The output is sorted!
[ 0 0 0 0 0 0 0 0 0 0 0 0 0 0 0 0 0 0 0 0 0 0 0 0 1 ]
[ 0 0 0 0 0 0 0 0 0 0 0 0 0 0 0 0 0 0 0 0 0 0 0 1 1 ]
[ 0 0 0 0 0 0 0 0 0 0 0 0 0 0 0 0 0 0 0 0 0 0 1 1 1 ]
[ 0 0 0 0 0 0 0 0 0 0 0 0 0 0 0 0 0 0 0 0 0 1 1 1 1 ]
[ 0 0 0 0 0 0 0 0 0 0 0 0 0 0 0 0 0 0 0 0 1 1 1 1 1 ]
[ 0 0 0 0 0 0 0 0 0 0 0 0 0 0 0 0 0 0 0 1 1 1 1 1 1 ]
[ 0 0 0 0 0 0 0 0 0 0 0 0 0 0 0 0 0 0 1 1 1 1 1 1 1 ]
[ 0 0 0 0 0 0 0 0 0 0 0 0 0 0 0 0 0 1 1 1 1 1 1 1 1 ]
[ 0 0 0 0 0 0 0 0 0 0 0 0 0 0 0 0 1 1 1 1 1 1 1 1 1 ]
[ 0 0 0 0 0 0 0 0 0 0 0 0 0 0 0 1 1 1 1 1 1 1 1 1 1 ]
[ 0 0 0 0 0 0 0 0 0 0 0 0 0 0 1 1 1 1 1 1 1 1 1 1 1 ]
[ 0 0 0 0 0 0 0 0 0 0 0 0 0 1 1 1 1 1 1 1 1 1 1 1 1 ]
[ 0 0 0 0 0 0 0 0 0 0 0 0 1 1 1 1 1 1 1 1 1 1 1 1 1 ]
[ 0 0 0 0 0 0 0 0 0 0 0 1 1 1 1 1 1 1 1 1 1 1 1 1 1 ]
[ 0 0 0 0 0 0 0 0 0 0 1 1 1 1 1 1 1 1 1 1 1 1 1 1 1 ]
[ 0 0 0 0 0 0 0 0 0 1 1 1 1 1 1 1 1 1 1 1 1 1 1 1 1 ]
[ 0 0 0 0 0 0 0 0 1 1 1 1 1 1 1 1 1 1 1 1 1 1 1 1 1 ]
[ 0 0 0 0 0 0 0 1 1 1 1 1 1 1 1 1 1 1 1 1 1 1 1 1 1 ]
[ 0 0 0 0 0 0 1 1 1 1 1 1 1 1 1 1 1 1 1 1 1 1 1 1 1 ]
[ 0 0 0 0 0 1 1 1 1 1 1 1 1 1 1 1 1 1 1 1 1 1 1 1 1 ]

Timer (generate): 122ms real	120ms user	0ms sys
[ 40000 40000 40000 40000 40000 40000 40000 40000 40000 40000 40000 40000 40000 40000 40000 40000 40000 40000 40000 40000 40000 40000 40000 40000 40000 ]
[ 39999 40000 40000 40000 40000 40000 40000 40000 40000 40000 40000 40000 40000 40000 40000 40000 40000 40000 40000 40000 40000 40000 40000 40000 40000 ]
[ 39999 39999 40000 40000 40000 40000 40000 40000 40000 40000 40000 40000 40000 40000 40000 40000 40000 40000 40000 40000 40000 40000 40000 40000 40000 ]
[ 39999 39999 39999 40000 40000 40000 40000 40000 40000 40000 40000 40000 40000 40000 40000 40000 40000 40000 40000 40000 40000 40000 40000 40000 40000 ]
[ 39999 39999 39999 39999 40000 40000 40000 40000 40000 40000 40000 40000 40000 40000 40000 40000 40000 40000 40000 40000 40000 40000 40000 40000 40000 ]
[ 39999 39999 39999 39999 39999 40000 40000 40000 40000 40000 40000 40000 40000 40000 40000 40000 40000 40000 40000 40000 40000 40000 40000 40000 40000 ]
[ 39999 39999 39999 39999 39999 39999 40000 40000 40000 40000 40000 40000 40000 40000 40000 40000 40000 40000 40000 40000 40000 40000 40000 40000 40000 ]
[ 39999 39999 39999 39999 39999 39999 39999 40000 40000 40000 40000 40000 40000 40000 40000 40000 40000 40000 40000 40000 40000 40000 40000 40000 40000 ]
[ 39999 39999 39999 39999 39999 39999 39999 39999 40000 40000 40000 40000 40000 40000 40000 40000 40000 40000 40000 40000 40000 40000 40000 40000 40000 ]
[ 39999 39999 39999 39999 39999 39999 39999 39999 39999 40000 40000 40000 40000 40000 40000 40000 40000 40000 40000 40000 40000 40000 40000 40000 40000 ]
[ 39999 39999 39999 39999 39999 39999 39999 39999 39999 39999 40000 40000 40000 40000 40000 40000 40000 40000 40000 40000 40000 40000 40000 40000 40000 ]
[ 39999 39999 39999 39999 39999 39999 39999 39999 39999 39999 39999 40000 40000 40000 40000 40000 40000 40000 40000 40000 40000 40000 40000 40000 40000 ]
[ 39999 39999 39999 39999 39999 39999 39999 39999 39999 39999 39999 39999 40000 40000 40000 40000 40000 40000 40000 40000 40000 40000 40000 40000 40000 ]
[ 39999 39999 39999 39999 39999 39999 39999 39999 39999 39999 39999 39999 39999 40000 40000 40000 40000 40000 40000 40000 40000 40000 40000 40000 40000 ]
[ 39999 39999 39999 39999 39999 39999 39999 39999 39999 39999 39999 39999 39999 39999 40000 40000 40000 40000 40000 40000 40000 40000 40000 40000 40000 ]
[ 39999 39999 39999 39999 39999 39999 39999 39999 39999 39999 39999 39999 39999 39999 39999 40000 40000 40000 40000 40000 40000 40000 40000 40000 40000 ]
[ 39999 39999 39999 39999 39999 39999 39999 39999 39999 39999 39999 39999 39999 39999 39999 39999 40000 40000 40000 40000 40000 40000 40000 40000 40000 ]
[ 39999 39999 39999 39999 39999 39999 39999 39999 39999 39999 39999 39999 39999 39999 39999 39999 39999 40000 40000 40000 40000 40000 40000 40000 40000 ]
[ 39999 39999 39999 39999 39999 39999 39999 39999 39999 39999 39999 39999 39999 39999 39999 39999 39999 39999 40000 40000 40000 40000 40000 40000 40000 ]
[ 39999 39999 39999 39999 39999 39999 39999 39999 39999 39999 39999 39999 39999 39999 39999 39999 39999 39999 39999 40000 40000 40000 40000 40000 40000 ]

Running merge sort algorithm: 
Timer (sort): 170ms real	170ms user	0ms sys
The output is sorted!
[ 0 0 0 0 0 0 0 0 0 0 0 0 0 0 0 0 0 0 0 0 0 0 0 0 1 ]
[ 0 0 0 0 0 0 0 0 0 0 0 0 0 0 0 0 0 0 0 0 0 0 0 1 1 ]
[ 0 0 0 0 0 0 0 0 0 0 0 0 0 0 0 0 0 0 0 0 0 0 1 1 1 ]
[ 0 0 0 0 0 0 0 0 0 0 0 0 0 0 0 0 0 0 0 0 0 1 1 1 1 ]
[ 0 0 0 0 0 0 0 0 0 0 0 0 0 0 0 0 0 0 0 0 1 1 1 1 1 ]
[ 0 0 0 0 0 0 0 0 0 0 0 0 0 0 0 0 0 0 0 1 1 1 1 1 1 ]
[ 0 0 0 0 0 0 0 0 0 0 0 0 0 0 0 0 0 0 1 1 1 1 1 1 1 ]
[ 0 0 0 0 0 0 0 0 0 0 0 0 0 0 0 0 0 1 1 1 1 1 1 1 1 ]
[ 0 0 0 0 0 0 0 0 0 0 0 0 0 0 0 0 1 1 1 1 1 1 1 1 1 ]
[ 0 0 0 0 0 0 0 0 0 0 0 0 0 0 0 1 1 1 1 1 1 1 1 1 1 ]
[ 0 0 0 0 0 0 0 0 0 0 0 0 0 0 1 1 1 1 1 1 1 1 1 1 1 ]
[ 0 0 0 0 0 0 0 0 0 0 0 0 0 1 1 1 1 1 1 1 1 1 1 1 1 ]
[ 0 0 0 0 0 0 0 0 0 0 0 0 1 1 1 1 1 1 1 1 1 1 1 1 1 ]
[ 0 0 0 0 0 0 0 0 0 0 0 1 1 1 1 1 1 1 1 1 1 1 1 1 1 ]
[ 0 0 0 0 0 0 0 0 0 0 1 1 1 1 1 1 1 1 1 1 1 1 1 1 1 ]
[ 0 0 0 0 0 0 0 0 0 1 1 1 1 1 1 1 1 1 1 1 1 1 1 1 1 ]
[ 0 0 0 0 0 0 0 0 1 1 1 1 1 1 1 1 1 1 1 1 1 1 1 1 1 ]
[ 0 0 0 0 0 0 0 1 1 1 1 1 1 1 1 1 1 1 1 1 1 1 1 1 1 ]
[ 0 0 0 0 0 0 1 1 1 1 1 1 1 1 1 1 1 1 1 1 1 1 1 1 1 ]
[ 0 0 0 0 0 1 1 1 1 1 1 1 1 1 1 1 1 1 1 1 1 1 1 1 1 ]

Timer (generate): 114ms real	80ms user	20ms sys
[ 40000 40000 40000 40000 40000 40000 40000 40000 40000 40000 40000 40000 40000 40000 40000 40000 40000 40000 40000 40000 40000 40000 40000 40000 40000 ]
[ 39999 40000 40000 40000 40000 40000 40000 40000 40000 40000 40000 40000 40000 40000 40000 40000 40000 40000 40000 40000 40000 40000 40000 40000 40000 ]
[ 39999 39999 40000 40000 40000 40000 40000 40000 40000 40000 40000 40000 40000 40000 40000 40000 40000 40000 40000 40000 40000 40000 40000 40000 40000 ]
[ 39999 39999 39999 40000 40000 40000 40000 40000 40000 40000 40000 40000 40000 40000 40000 40000 40000 40000 40000 40000 40000 40000 40000 40000 40000 ]
[ 39999 39999 39999 39999 40000 40000 40000 40000 40000 40000 40000 40000 40000 40000 40000 40000 40000 40000 40000 40000 40000 40000 40000 40000 40000 ]
[ 39999 39999 39999 39999 39999 40000 40000 40000 40000 40000 40000 40000 40000 40000 40000 40000 40000 40000 40000 40000 40000 40000 40000 40000 40000 ]
[ 39999 39999 39999 39999 39999 39999 40000 40000 40000 40000 40000 40000 40000 40000 40000 40000 40000 40000 40000 40000 40000 40000 40000 40000 40000 ]
[ 39999 39999 39999 39999 39999 39999 39999 40000 40000 40000 40000 40000 40000 40000 40000 40000 40000 40000 40000 40000 40000 40000 40000 40000 40000 ]
[ 39999 39999 39999 39999 39999 39999 39999 39999 40000 40000 40000 40000 40000 40000 40000 40000 40000 40000 40000 40000 40000 40000 40000 40000 40000 ]
[ 39999 39999 39999 39999 39999 39999 39999 39999 39999 40000 40000 40000 40000 40000 40000 40000 40000 40000 40000 40000 40000 40000 40000 40000 40000 ]
[ 39999 39999 39999 39999 39999 39999 39999 39999 39999 39999 40000 40000 40000 40000 40000 40000 40000 40000 40000 40000 40000 40000 40000 40000 40000 ]
[ 39999 39999 39999 39999 39999 39999 39999 39999 39999 39999 39999 40000 40000 40000 40000 40000 40000 40000 40000 40000 40000 40000 40000 40000 40000 ]
[ 39999 39999 39999 39999 39999 39999 39999 39999 39999 39999 39999 39999 40000 40000 40000 40000 40000 40000 40000 40000 40000 40000 40000 40000 40000 ]
[ 39999 39999 39999 39999 39999 39999 39999 39999 39999 39999 39999 39999 39999 40000 40000 40000 40000 40000 40000 40000 40000 40000 40000 40000 40000 ]
[ 39999 39999 39999 39999 39999 39999 39999 39999 39999 39999 39999 39999 39999 39999 40000 40000 40000 40000 40000 40000 40000 40000 40000 40000 40000 ]
[ 39999 39999 39999 39999 39999 39999 39999 39999 39999 39999 39999 39999 39999 39999 39999 40000 40000 40000 40000 40000 40000 40000 40000 40000 40000 ]
[ 39999 39999 39999 39999 39999 39999 39999 39999 39999 39999 39999 39999 39999 39999 39999 39999 40000 40000 40000 40000 40000 40000 40000 40000 40000 ]
[ 39999 39999 39999 39999 39999 39999 39999 39999 39999 39999 39999 39999 39999 39999 39999 39999 39999 40000 40000 40000 40000 40000 40000 40000 40000 ]
[ 39999 39999 39999 39999 39999 39999 39999 39999 39999 39999 39999 39999 39999 39999 39999 39999 39999 39999 40000 40000 40000 40000 40000 40000 40000 ]
[ 39999 39999 39999 39999 39999 39999 39999 39999 39999 39999 39999 39999 39999 39999 39999 39999 39999 39999 39999 40000 40000 40000 40000 40000 40000 ]

Running merge sort algorithm: 
Timer (sort): 155ms real	160ms user	0ms sys
The output is sorted!
[ 0 0 0 0 0 0 0 0 0 0 0 0 0 0 0 0 0 0 0 0 0 0 0 0 1 ]
[ 0 0 0 0 0 0 0 0 0 0 0 0 0 0 0 0 0 0 0 0 0 0 0 1 1 ]
[ 0 0 0 0 0 0 0 0 0 0 0 0 0 0 0 0 0 0 0 0 0 0 1 1 1 ]
[ 0 0 0 0 0 0 0 0 0 0 0 0 0 0 0 0 0 0 0 0 0 1 1 1 1 ]
[ 0 0 0 0 0 0 0 0 0 0 0 0 0 0 0 0 0 0 0 0 1 1 1 1 1 ]
[ 0 0 0 0 0 0 0 0 0 0 0 0 0 0 0 0 0 0 0 1 1 1 1 1 1 ]
[ 0 0 0 0 0 0 0 0 0 0 0 0 0 0 0 0 0 0 1 1 1 1 1 1 1 ]
[ 0 0 0 0 0 0 0 0 0 0 0 0 0 0 0 0 0 1 1 1 1 1 1 1 1 ]
[ 0 0 0 0 0 0 0 0 0 0 0 0 0 0 0 0 1 1 1 1 1 1 1 1 1 ]
[ 0 0 0 0 0 0 0 0 0 0 0 0 0 0 0 1 1 1 1 1 1 1 1 1 1 ]
[ 0 0 0 0 0 0 0 0 0 0 0 0 0 0 1 1 1 1 1 1 1 1 1 1 1 ]
[ 0 0 0 0 0 0 0 0 0 0 0 0 0 1 1 1 1 1 1 1 1 1 1 1 1 ]
[ 0 0 0 0 0 0 0 0 0 0 0 0 1 1 1 1 1 1 1 1 1 1 1 1 1 ]
[ 0 0 0 0 0 0 0 0 0 0 0 1 1 1 1 1 1 1 1 1 1 1 1 1 1 ]
[ 0 0 0 0 0 0 0 0 0 0 1 1 1 1 1 1 1 1 1 1 1 1 1 1 1 ]
[ 0 0 0 0 0 0 0 0 0 1 1 1 1 1 1 1 1 1 1 1 1 1 1 1 1 ]
[ 0 0 0 0 0 0 0 0 1 1 1 1 1 1 1 1 1 1 1 1 1 1 1 1 1 ]
[ 0 0 0 0 0 0 0 1 1 1 1 1 1 1 1 1 1 1 1 1 1 1 1 1 1 ]
[ 0 0 0 0 0 0 1 1 1 1 1 1 1 1 1 1 1 1 1 1 1 1 1 1 1 ]
[ 0 0 0 0 0 1 1 1 1 1 1 1 1 1 1 1 1 1 1 1 1 1 1 1 1 ]

