Timer (generate): 67ms real	50ms user	0ms sys
[ 20000 20000 20000 20000 20000 20000 20000 20000 20000 20000 20000 20000 20000 20000 20000 20000 20000 20000 20000 20000 20000 20000 20000 20000 20000 ]
[ 19999 20000 20000 20000 20000 20000 20000 20000 20000 20000 20000 20000 20000 20000 20000 20000 20000 20000 20000 20000 20000 20000 20000 20000 20000 ]
[ 19999 19999 20000 20000 20000 20000 20000 20000 20000 20000 20000 20000 20000 20000 20000 20000 20000 20000 20000 20000 20000 20000 20000 20000 20000 ]
[ 19999 19999 19999 20000 20000 20000 20000 20000 20000 20000 20000 20000 20000 20000 20000 20000 20000 20000 20000 20000 20000 20000 20000 20000 20000 ]
[ 19999 19999 19999 19999 20000 20000 20000 20000 20000 20000 20000 20000 20000 20000 20000 20000 20000 20000 20000 20000 20000 20000 20000 20000 20000 ]
[ 19999 19999 19999 19999 19999 20000 20000 20000 20000 20000 20000 20000 20000 20000 20000 20000 20000 20000 20000 20000 20000 20000 20000 20000 20000 ]
[ 19999 19999 19999 19999 19999 19999 20000 20000 20000 20000 20000 20000 20000 20000 20000 20000 20000 20000 20000 20000 20000 20000 20000 20000 20000 ]
[ 19999 19999 19999 19999 19999 19999 19999 20000 20000 20000 20000 20000 20000 20000 20000 20000 20000 20000 20000 20000 20000 20000 20000 20000 20000 ]
[ 19999 19999 19999 19999 19999 19999 19999 19999 20000 20000 20000 20000 20000 20000 20000 20000 20000 20000 20000 20000 20000 20000 20000 20000 20000 ]
[ 19999 19999 19999 19999 19999 19999 19999 19999 19999 20000 20000 20000 20000 20000 20000 20000 20000 20000 20000 20000 20000 20000 20000 20000 20000 ]
[ 19999 19999 19999 19999 19999 19999 19999 19999 19999 19999 20000 20000 20000 20000 20000 20000 20000 20000 20000 20000 20000 20000 20000 20000 20000 ]
[ 19999 19999 19999 19999 19999 19999 19999 19999 19999 19999 19999 20000 20000 20000 20000 20000 20000 20000 20000 20000 20000 20000 20000 20000 20000 ]
[ 19999 19999 19999 19999 19999 19999 19999 19999 19999 19999 19999 19999 20000 20000 20000 20000 20000 20000 20000 20000 20000 20000 20000 20000 20000 ]
[ 19999 19999 19999 19999 19999 19999 19999 19999 19999 19999 19999 19999 19999 20000 20000 20000 20000 20000 20000 20000 20000 20000 20000 20000 20000 ]
[ 19999 19999 19999 19999 19999 19999 19999 19999 19999 19999 19999 19999 19999 19999 20000 20000 20000 20000 20000 20000 20000 20000 20000 20000 20000 ]
[ 19999 19999 19999 19999 19999 19999 19999 19999 19999 19999 19999 19999 19999 19999 19999 20000 20000 20000 20000 20000 20000 20000 20000 20000 20000 ]
[ 19999 19999 19999 19999 19999 19999 19999 19999 19999 19999 19999 19999 19999 19999 19999 19999 20000 20000 20000 20000 20000 20000 20000 20000 20000 ]
[ 19999 19999 19999 19999 19999 19999 19999 19999 19999 19999 19999 19999 19999 19999 19999 19999 19999 20000 20000 20000 20000 20000 20000 20000 20000 ]
[ 19999 19999 19999 19999 19999 19999 19999 19999 19999 19999 19999 19999 19999 19999 19999 19999 19999 19999 20000 20000 20000 20000 20000 20000 20000 ]
[ 19999 19999 19999 19999 19999 19999 19999 19999 19999 19999 19999 19999 19999 19999 19999 19999 19999 19999 19999 20000 20000 20000 20000 20000 20000 ]

Running merge sort algorithm: 
Timer (sort): 87ms real	90ms user	10ms sys
The output is sorted!
[ 0 0 0 0 0 0 0 0 0 0 0 0 0 0 0 0 0 0 0 0 0 0 0 0 1 ]
[ 0 0 0 0 0 0 0 0 0 0 0 0 0 0 0 0 0 0 0 0 0 0 0 1 1 ]
[ 0 0 0 0 0 0 0 0 0 0 0 0 0 0 0 0 0 0 0 0 0 0 1 1 1 ]
[ 0 0 0 0 0 0 0 0 0 0 0 0 0 0 0 0 0 0 0 0 0 1 1 1 1 ]
[ 0 0 0 0 0 0 0 0 0 0 0 0 0 0 0 0 0 0 0 0 1 1 1 1 1 ]
[ 0 0 0 0 0 0 0 0 0 0 0 0 0 0 0 0 0 0 0 1 1 1 1 1 1 ]
[ 0 0 0 0 0 0 0 0 0 0 0 0 0 0 0 0 0 0 1 1 1 1 1 1 1 ]
[ 0 0 0 0 0 0 0 0 0 0 0 0 0 0 0 0 0 1 1 1 1 1 1 1 1 ]
[ 0 0 0 0 0 0 0 0 0 0 0 0 0 0 0 0 1 1 1 1 1 1 1 1 1 ]
[ 0 0 0 0 0 0 0 0 0 0 0 0 0 0 0 1 1 1 1 1 1 1 1 1 1 ]
[ 0 0 0 0 0 0 0 0 0 0 0 0 0 0 1 1 1 1 1 1 1 1 1 1 1 ]
[ 0 0 0 0 0 0 0 0 0 0 0 0 0 1 1 1 1 1 1 1 1 1 1 1 1 ]
[ 0 0 0 0 0 0 0 0 0 0 0 0 1 1 1 1 1 1 1 1 1 1 1 1 1 ]
[ 0 0 0 0 0 0 0 0 0 0 0 1 1 1 1 1 1 1 1 1 1 1 1 1 1 ]
[ 0 0 0 0 0 0 0 0 0 0 1 1 1 1 1 1 1 1 1 1 1 1 1 1 1 ]
[ 0 0 0 0 0 0 0 0 0 1 1 1 1 1 1 1 1 1 1 1 1 1 1 1 1 ]
[ 0 0 0 0 0 0 0 0 1 1 1 1 1 1 1 1 1 1 1 1 1 1 1 1 1 ]
[ 0 0 0 0 0 0 0 1 1 1 1 1 1 1 1 1 1 1 1 1 1 1 1 1 1 ]
[ 0 0 0 0 0 0 1 1 1 1 1 1 1 1 1 1 1 1 1 1 1 1 1 1 1 ]
[ 0 0 0 0 0 1 1 1 1 1 1 1 1 1 1 1 1 1 1 1 1 1 1 1 1 ]

Timer (generate): 56ms real	30ms user	10ms sys
[ 20000 20000 20000 20000 20000 20000 20000 20000 20000 20000 20000 20000 20000 20000 20000 20000 20000 20000 20000 20000 20000 20000 20000 20000 20000 ]
[ 19999 20000 20000 20000 20000 20000 20000 20000 20000 20000 20000 20000 20000 20000 20000 20000 20000 20000 20000 20000 20000 20000 20000 20000 20000 ]
[ 19999 19999 20000 20000 20000 20000 20000 20000 20000 20000 20000 20000 20000 20000 20000 20000 20000 20000 20000 20000 20000 20000 20000 20000 20000 ]
[ 19999 19999 19999 20000 20000 20000 20000 20000 20000 20000 20000 20000 20000 20000 20000 20000 20000 20000 20000 20000 20000 20000 20000 20000 20000 ]
[ 19999 19999 19999 19999 20000 20000 20000 20000 20000 20000 20000 20000 20000 20000 20000 20000 20000 20000 20000 20000 20000 20000 20000 20000 20000 ]
[ 19999 19999 19999 19999 19999 20000 20000 20000 20000 20000 20000 20000 20000 20000 20000 20000 20000 20000 20000 20000 20000 20000 20000 20000 20000 ]
[ 19999 19999 19999 19999 19999 19999 20000 20000 20000 20000 20000 20000 20000 20000 20000 20000 20000 20000 20000 20000 20000 20000 20000 20000 20000 ]
[ 19999 19999 19999 19999 19999 19999 19999 20000 20000 20000 20000 20000 20000 20000 20000 20000 20000 20000 20000 20000 20000 20000 20000 20000 20000 ]
[ 19999 19999 19999 19999 19999 19999 19999 19999 20000 20000 20000 20000 20000 20000 20000 20000 20000 20000 20000 20000 20000 20000 20000 20000 20000 ]
[ 19999 19999 19999 19999 19999 19999 19999 19999 19999 20000 20000 20000 20000 20000 20000 20000 20000 20000 20000 20000 20000 20000 20000 20000 20000 ]
[ 19999 19999 19999 19999 19999 19999 19999 19999 19999 19999 20000 20000 20000 20000 20000 20000 20000 20000 20000 20000 20000 20000 20000 20000 20000 ]
[ 19999 19999 19999 19999 19999 19999 19999 19999 19999 19999 19999 20000 20000 20000 20000 20000 20000 20000 20000 20000 20000 20000 20000 20000 20000 ]
[ 19999 19999 19999 19999 19999 19999 19999 19999 19999 19999 19999 19999 20000 20000 20000 20000 20000 20000 20000 20000 20000 20000 20000 20000 20000 ]
[ 19999 19999 19999 19999 19999 19999 19999 19999 19999 19999 19999 19999 19999 20000 20000 20000 20000 20000 20000 20000 20000 20000 20000 20000 20000 ]
[ 19999 19999 19999 19999 19999 19999 19999 19999 19999 19999 19999 19999 19999 19999 20000 20000 20000 20000 20000 20000 20000 20000 20000 20000 20000 ]
[ 19999 19999 19999 19999 19999 19999 19999 19999 19999 19999 19999 19999 19999 19999 19999 20000 20000 20000 20000 20000 20000 20000 20000 20000 20000 ]
[ 19999 19999 19999 19999 19999 19999 19999 19999 19999 19999 19999 19999 19999 19999 19999 19999 20000 20000 20000 20000 20000 20000 20000 20000 20000 ]
[ 19999 19999 19999 19999 19999 19999 19999 19999 19999 19999 19999 19999 19999 19999 19999 19999 19999 20000 20000 20000 20000 20000 20000 20000 20000 ]
[ 19999 19999 19999 19999 19999 19999 19999 19999 19999 19999 19999 19999 19999 19999 19999 19999 19999 19999 20000 20000 20000 20000 20000 20000 20000 ]
[ 19999 19999 19999 19999 19999 19999 19999 19999 19999 19999 19999 19999 19999 19999 19999 19999 19999 19999 19999 20000 20000 20000 20000 20000 20000 ]

Running merge sort algorithm: 
Timer (sort): 83ms real	90ms user	0ms sys
The output is sorted!
[ 0 0 0 0 0 0 0 0 0 0 0 0 0 0 0 0 0 0 0 0 0 0 0 0 1 ]
[ 0 0 0 0 0 0 0 0 0 0 0 0 0 0 0 0 0 0 0 0 0 0 0 1 1 ]
[ 0 0 0 0 0 0 0 0 0 0 0 0 0 0 0 0 0 0 0 0 0 0 1 1 1 ]
[ 0 0 0 0 0 0 0 0 0 0 0 0 0 0 0 0 0 0 0 0 0 1 1 1 1 ]
[ 0 0 0 0 0 0 0 0 0 0 0 0 0 0 0 0 0 0 0 0 1 1 1 1 1 ]
[ 0 0 0 0 0 0 0 0 0 0 0 0 0 0 0 0 0 0 0 1 1 1 1 1 1 ]
[ 0 0 0 0 0 0 0 0 0 0 0 0 0 0 0 0 0 0 1 1 1 1 1 1 1 ]
[ 0 0 0 0 0 0 0 0 0 0 0 0 0 0 0 0 0 1 1 1 1 1 1 1 1 ]
[ 0 0 0 0 0 0 0 0 0 0 0 0 0 0 0 0 1 1 1 1 1 1 1 1 1 ]
[ 0 0 0 0 0 0 0 0 0 0 0 0 0 0 0 1 1 1 1 1 1 1 1 1 1 ]
[ 0 0 0 0 0 0 0 0 0 0 0 0 0 0 1 1 1 1 1 1 1 1 1 1 1 ]
[ 0 0 0 0 0 0 0 0 0 0 0 0 0 1 1 1 1 1 1 1 1 1 1 1 1 ]
[ 0 0 0 0 0 0 0 0 0 0 0 0 1 1 1 1 1 1 1 1 1 1 1 1 1 ]
[ 0 0 0 0 0 0 0 0 0 0 0 1 1 1 1 1 1 1 1 1 1 1 1 1 1 ]
[ 0 0 0 0 0 0 0 0 0 0 1 1 1 1 1 1 1 1 1 1 1 1 1 1 1 ]
[ 0 0 0 0 0 0 0 0 0 1 1 1 1 1 1 1 1 1 1 1 1 1 1 1 1 ]
[ 0 0 0 0 0 0 0 0 1 1 1 1 1 1 1 1 1 1 1 1 1 1 1 1 1 ]
[ 0 0 0 0 0 0 0 1 1 1 1 1 1 1 1 1 1 1 1 1 1 1 1 1 1 ]
[ 0 0 0 0 0 0 1 1 1 1 1 1 1 1 1 1 1 1 1 1 1 1 1 1 1 ]
[ 0 0 0 0 0 1 1 1 1 1 1 1 1 1 1 1 1 1 1 1 1 1 1 1 1 ]

Timer (generate): 60ms real	30ms user	30ms sys
[ 20000 20000 20000 20000 20000 20000 20000 20000 20000 20000 20000 20000 20000 20000 20000 20000 20000 20000 20000 20000 20000 20000 20000 20000 20000 ]
[ 19999 20000 20000 20000 20000 20000 20000 20000 20000 20000 20000 20000 20000 20000 20000 20000 20000 20000 20000 20000 20000 20000 20000 20000 20000 ]
[ 19999 19999 20000 20000 20000 20000 20000 20000 20000 20000 20000 20000 20000 20000 20000 20000 20000 20000 20000 20000 20000 20000 20000 20000 20000 ]
[ 19999 19999 19999 20000 20000 20000 20000 20000 20000 20000 20000 20000 20000 20000 20000 20000 20000 20000 20000 20000 20000 20000 20000 20000 20000 ]
[ 19999 19999 19999 19999 20000 20000 20000 20000 20000 20000 20000 20000 20000 20000 20000 20000 20000 20000 20000 20000 20000 20000 20000 20000 20000 ]
[ 19999 19999 19999 19999 19999 20000 20000 20000 20000 20000 20000 20000 20000 20000 20000 20000 20000 20000 20000 20000 20000 20000 20000 20000 20000 ]
[ 19999 19999 19999 19999 19999 19999 20000 20000 20000 20000 20000 20000 20000 20000 20000 20000 20000 20000 20000 20000 20000 20000 20000 20000 20000 ]
[ 19999 19999 19999 19999 19999 19999 19999 20000 20000 20000 20000 20000 20000 20000 20000 20000 20000 20000 20000 20000 20000 20000 20000 20000 20000 ]
[ 19999 19999 19999 19999 19999 19999 19999 19999 20000 20000 20000 20000 20000 20000 20000 20000 20000 20000 20000 20000 20000 20000 20000 20000 20000 ]
[ 19999 19999 19999 19999 19999 19999 19999 19999 19999 20000 20000 20000 20000 20000 20000 20000 20000 20000 20000 20000 20000 20000 20000 20000 20000 ]
[ 19999 19999 19999 19999 19999 19999 19999 19999 19999 19999 20000 20000 20000 20000 20000 20000 20000 20000 20000 20000 20000 20000 20000 20000 20000 ]
[ 19999 19999 19999 19999 19999 19999 19999 19999 19999 19999 19999 20000 20000 20000 20000 20000 20000 20000 20000 20000 20000 20000 20000 20000 20000 ]
[ 19999 19999 19999 19999 19999 19999 19999 19999 19999 19999 19999 19999 20000 20000 20000 20000 20000 20000 20000 20000 20000 20000 20000 20000 20000 ]
[ 19999 19999 19999 19999 19999 19999 19999 19999 19999 19999 19999 19999 19999 20000 20000 20000 20000 20000 20000 20000 20000 20000 20000 20000 20000 ]
[ 19999 19999 19999 19999 19999 19999 19999 19999 19999 19999 19999 19999 19999 19999 20000 20000 20000 20000 20000 20000 20000 20000 20000 20000 20000 ]
[ 19999 19999 19999 19999 19999 19999 19999 19999 19999 19999 19999 19999 19999 19999 19999 20000 20000 20000 20000 20000 20000 20000 20000 20000 20000 ]
[ 19999 19999 19999 19999 19999 19999 19999 19999 19999 19999 19999 19999 19999 19999 19999 19999 20000 20000 20000 20000 20000 20000 20000 20000 20000 ]
[ 19999 19999 19999 19999 19999 19999 19999 19999 19999 19999 19999 19999 19999 19999 19999 19999 19999 20000 20000 20000 20000 20000 20000 20000 20000 ]
[ 19999 19999 19999 19999 19999 19999 19999 19999 19999 19999 19999 19999 19999 19999 19999 19999 19999 19999 20000 20000 20000 20000 20000 20000 20000 ]
[ 19999 19999 19999 19999 19999 19999 19999 19999 19999 19999 19999 19999 19999 19999 19999 19999 19999 19999 19999 20000 20000 20000 20000 20000 20000 ]

Running merge sort algorithm: 
Timer (sort): 81ms real	70ms user	0ms sys
The output is sorted!
[ 0 0 0 0 0 0 0 0 0 0 0 0 0 0 0 0 0 0 0 0 0 0 0 0 1 ]
[ 0 0 0 0 0 0 0 0 0 0 0 0 0 0 0 0 0 0 0 0 0 0 0 1 1 ]
[ 0 0 0 0 0 0 0 0 0 0 0 0 0 0 0 0 0 0 0 0 0 0 1 1 1 ]
[ 0 0 0 0 0 0 0 0 0 0 0 0 0 0 0 0 0 0 0 0 0 1 1 1 1 ]
[ 0 0 0 0 0 0 0 0 0 0 0 0 0 0 0 0 0 0 0 0 1 1 1 1 1 ]
[ 0 0 0 0 0 0 0 0 0 0 0 0 0 0 0 0 0 0 0 1 1 1 1 1 1 ]
[ 0 0 0 0 0 0 0 0 0 0 0 0 0 0 0 0 0 0 1 1 1 1 1 1 1 ]
[ 0 0 0 0 0 0 0 0 0 0 0 0 0 0 0 0 0 1 1 1 1 1 1 1 1 ]
[ 0 0 0 0 0 0 0 0 0 0 0 0 0 0 0 0 1 1 1 1 1 1 1 1 1 ]
[ 0 0 0 0 0 0 0 0 0 0 0 0 0 0 0 1 1 1 1 1 1 1 1 1 1 ]
[ 0 0 0 0 0 0 0 0 0 0 0 0 0 0 1 1 1 1 1 1 1 1 1 1 1 ]
[ 0 0 0 0 0 0 0 0 0 0 0 0 0 1 1 1 1 1 1 1 1 1 1 1 1 ]
[ 0 0 0 0 0 0 0 0 0 0 0 0 1 1 1 1 1 1 1 1 1 1 1 1 1 ]
[ 0 0 0 0 0 0 0 0 0 0 0 1 1 1 1 1 1 1 1 1 1 1 1 1 1 ]
[ 0 0 0 0 0 0 0 0 0 0 1 1 1 1 1 1 1 1 1 1 1 1 1 1 1 ]
[ 0 0 0 0 0 0 0 0 0 1 1 1 1 1 1 1 1 1 1 1 1 1 1 1 1 ]
[ 0 0 0 0 0 0 0 0 1 1 1 1 1 1 1 1 1 1 1 1 1 1 1 1 1 ]
[ 0 0 0 0 0 0 0 1 1 1 1 1 1 1 1 1 1 1 1 1 1 1 1 1 1 ]
[ 0 0 0 0 0 0 1 1 1 1 1 1 1 1 1 1 1 1 1 1 1 1 1 1 1 ]
[ 0 0 0 0 0 1 1 1 1 1 1 1 1 1 1 1 1 1 1 1 1 1 1 1 1 ]

Timer (generate): 63ms real	30ms user	30ms sys
[ 20000 20000 20000 20000 20000 20000 20000 20000 20000 20000 20000 20000 20000 20000 20000 20000 20000 20000 20000 20000 20000 20000 20000 20000 20000 ]
[ 19999 20000 20000 20000 20000 20000 20000 20000 20000 20000 20000 20000 20000 20000 20000 20000 20000 20000 20000 20000 20000 20000 20000 20000 20000 ]
[ 19999 19999 20000 20000 20000 20000 20000 20000 20000 20000 20000 20000 20000 20000 20000 20000 20000 20000 20000 20000 20000 20000 20000 20000 20000 ]
[ 19999 19999 19999 20000 20000 20000 20000 20000 20000 20000 20000 20000 20000 20000 20000 20000 20000 20000 20000 20000 20000 20000 20000 20000 20000 ]
[ 19999 19999 19999 19999 20000 20000 20000 20000 20000 20000 20000 20000 20000 20000 20000 20000 20000 20000 20000 20000 20000 20000 20000 20000 20000 ]
[ 19999 19999 19999 19999 19999 20000 20000 20000 20000 20000 20000 20000 20000 20000 20000 20000 20000 20000 20000 20000 20000 20000 20000 20000 20000 ]
[ 19999 19999 19999 19999 19999 19999 20000 20000 20000 20000 20000 20000 20000 20000 20000 20000 20000 20000 20000 20000 20000 20000 20000 20000 20000 ]
[ 19999 19999 19999 19999 19999 19999 19999 20000 20000 20000 20000 20000 20000 20000 20000 20000 20000 20000 20000 20000 20000 20000 20000 20000 20000 ]
[ 19999 19999 19999 19999 19999 19999 19999 19999 20000 20000 20000 20000 20000 20000 20000 20000 20000 20000 20000 20000 20000 20000 20000 20000 20000 ]
[ 19999 19999 19999 19999 19999 19999 19999 19999 19999 20000 20000 20000 20000 20000 20000 20000 20000 20000 20000 20000 20000 20000 20000 20000 20000 ]
[ 19999 19999 19999 19999 19999 19999 19999 19999 19999 19999 20000 20000 20000 20000 20000 20000 20000 20000 20000 20000 20000 20000 20000 20000 20000 ]
[ 19999 19999 19999 19999 19999 19999 19999 19999 19999 19999 19999 20000 20000 20000 20000 20000 20000 20000 20000 20000 20000 20000 20000 20000 20000 ]
[ 19999 19999 19999 19999 19999 19999 19999 19999 19999 19999 19999 19999 20000 20000 20000 20000 20000 20000 20000 20000 20000 20000 20000 20000 20000 ]
[ 19999 19999 19999 19999 19999 19999 19999 19999 19999 19999 19999 19999 19999 20000 20000 20000 20000 20000 20000 20000 20000 20000 20000 20000 20000 ]
[ 19999 19999 19999 19999 19999 19999 19999 19999 19999 19999 19999 19999 19999 19999 20000 20000 20000 20000 20000 20000 20000 20000 20000 20000 20000 ]
[ 19999 19999 19999 19999 19999 19999 19999 19999 19999 19999 19999 19999 19999 19999 19999 20000 20000 20000 20000 20000 20000 20000 20000 20000 20000 ]
[ 19999 19999 19999 19999 19999 19999 19999 19999 19999 19999 19999 19999 19999 19999 19999 19999 20000 20000 20000 20000 20000 20000 20000 20000 20000 ]
[ 19999 19999 19999 19999 19999 19999 19999 19999 19999 19999 19999 19999 19999 19999 19999 19999 19999 20000 20000 20000 20000 20000 20000 20000 20000 ]
[ 19999 19999 19999 19999 19999 19999 19999 19999 19999 19999 19999 19999 19999 19999 19999 19999 19999 19999 20000 20000 20000 20000 20000 20000 20000 ]
[ 19999 19999 19999 19999 19999 19999 19999 19999 19999 19999 19999 19999 19999 19999 19999 19999 19999 19999 19999 20000 20000 20000 20000 20000 20000 ]

Running merge sort algorithm: 
Timer (sort): 82ms real	80ms user	0ms sys
The output is sorted!
[ 0 0 0 0 0 0 0 0 0 0 0 0 0 0 0 0 0 0 0 0 0 0 0 0 1 ]
[ 0 0 0 0 0 0 0 0 0 0 0 0 0 0 0 0 0 0 0 0 0 0 0 1 1 ]
[ 0 0 0 0 0 0 0 0 0 0 0 0 0 0 0 0 0 0 0 0 0 0 1 1 1 ]
[ 0 0 0 0 0 0 0 0 0 0 0 0 0 0 0 0 0 0 0 0 0 1 1 1 1 ]
[ 0 0 0 0 0 0 0 0 0 0 0 0 0 0 0 0 0 0 0 0 1 1 1 1 1 ]
[ 0 0 0 0 0 0 0 0 0 0 0 0 0 0 0 0 0 0 0 1 1 1 1 1 1 ]
[ 0 0 0 0 0 0 0 0 0 0 0 0 0 0 0 0 0 0 1 1 1 1 1 1 1 ]
[ 0 0 0 0 0 0 0 0 0 0 0 0 0 0 0 0 0 1 1 1 1 1 1 1 1 ]
[ 0 0 0 0 0 0 0 0 0 0 0 0 0 0 0 0 1 1 1 1 1 1 1 1 1 ]
[ 0 0 0 0 0 0 0 0 0 0 0 0 0 0 0 1 1 1 1 1 1 1 1 1 1 ]
[ 0 0 0 0 0 0 0 0 0 0 0 0 0 0 1 1 1 1 1 1 1 1 1 1 1 ]
[ 0 0 0 0 0 0 0 0 0 0 0 0 0 1 1 1 1 1 1 1 1 1 1 1 1 ]
[ 0 0 0 0 0 0 0 0 0 0 0 0 1 1 1 1 1 1 1 1 1 1 1 1 1 ]
[ 0 0 0 0 0 0 0 0 0 0 0 1 1 1 1 1 1 1 1 1 1 1 1 1 1 ]
[ 0 0 0 0 0 0 0 0 0 0 1 1 1 1 1 1 1 1 1 1 1 1 1 1 1 ]
[ 0 0 0 0 0 0 0 0 0 1 1 1 1 1 1 1 1 1 1 1 1 1 1 1 1 ]
[ 0 0 0 0 0 0 0 0 1 1 1 1 1 1 1 1 1 1 1 1 1 1 1 1 1 ]
[ 0 0 0 0 0 0 0 1 1 1 1 1 1 1 1 1 1 1 1 1 1 1 1 1 1 ]
[ 0 0 0 0 0 0 1 1 1 1 1 1 1 1 1 1 1 1 1 1 1 1 1 1 1 ]
[ 0 0 0 0 0 1 1 1 1 1 1 1 1 1 1 1 1 1 1 1 1 1 1 1 1 ]

Timer (generate): 60ms real	50ms user	10ms sys
[ 20000 20000 20000 20000 20000 20000 20000 20000 20000 20000 20000 20000 20000 20000 20000 20000 20000 20000 20000 20000 20000 20000 20000 20000 20000 ]
[ 19999 20000 20000 20000 20000 20000 20000 20000 20000 20000 20000 20000 20000 20000 20000 20000 20000 20000 20000 20000 20000 20000 20000 20000 20000 ]
[ 19999 19999 20000 20000 20000 20000 20000 20000 20000 20000 20000 20000 20000 20000 20000 20000 20000 20000 20000 20000 20000 20000 20000 20000 20000 ]
[ 19999 19999 19999 20000 20000 20000 20000 20000 20000 20000 20000 20000 20000 20000 20000 20000 20000 20000 20000 20000 20000 20000 20000 20000 20000 ]
[ 19999 19999 19999 19999 20000 20000 20000 20000 20000 20000 20000 20000 20000 20000 20000 20000 20000 20000 20000 20000 20000 20000 20000 20000 20000 ]
[ 19999 19999 19999 19999 19999 20000 20000 20000 20000 20000 20000 20000 20000 20000 20000 20000 20000 20000 20000 20000 20000 20000 20000 20000 20000 ]
[ 19999 19999 19999 19999 19999 19999 20000 20000 20000 20000 20000 20000 20000 20000 20000 20000 20000 20000 20000 20000 20000 20000 20000 20000 20000 ]
[ 19999 19999 19999 19999 19999 19999 19999 20000 20000 20000 20000 20000 20000 20000 20000 20000 20000 20000 20000 20000 20000 20000 20000 20000 20000 ]
[ 19999 19999 19999 19999 19999 19999 19999 19999 20000 20000 20000 20000 20000 20000 20000 20000 20000 20000 20000 20000 20000 20000 20000 20000 20000 ]
[ 19999 19999 19999 19999 19999 19999 19999 19999 19999 20000 20000 20000 20000 20000 20000 20000 20000 20000 20000 20000 20000 20000 20000 20000 20000 ]
[ 19999 19999 19999 19999 19999 19999 19999 19999 19999 19999 20000 20000 20000 20000 20000 20000 20000 20000 20000 20000 20000 20000 20000 20000 20000 ]
[ 19999 19999 19999 19999 19999 19999 19999 19999 19999 19999 19999 20000 20000 20000 20000 20000 20000 20000 20000 20000 20000 20000 20000 20000 20000 ]
[ 19999 19999 19999 19999 19999 19999 19999 19999 19999 19999 19999 19999 20000 20000 20000 20000 20000 20000 20000 20000 20000 20000 20000 20000 20000 ]
[ 19999 19999 19999 19999 19999 19999 19999 19999 19999 19999 19999 19999 19999 20000 20000 20000 20000 20000 20000 20000 20000 20000 20000 20000 20000 ]
[ 19999 19999 19999 19999 19999 19999 19999 19999 19999 19999 19999 19999 19999 19999 20000 20000 20000 20000 20000 20000 20000 20000 20000 20000 20000 ]
[ 19999 19999 19999 19999 19999 19999 19999 19999 19999 19999 19999 19999 19999 19999 19999 20000 20000 20000 20000 20000 20000 20000 20000 20000 20000 ]
[ 19999 19999 19999 19999 19999 19999 19999 19999 19999 19999 19999 19999 19999 19999 19999 19999 20000 20000 20000 20000 20000 20000 20000 20000 20000 ]
[ 19999 19999 19999 19999 19999 19999 19999 19999 19999 19999 19999 19999 19999 19999 19999 19999 19999 20000 20000 20000 20000 20000 20000 20000 20000 ]
[ 19999 19999 19999 19999 19999 19999 19999 19999 19999 19999 19999 19999 19999 19999 19999 19999 19999 19999 20000 20000 20000 20000 20000 20000 20000 ]
[ 19999 19999 19999 19999 19999 19999 19999 19999 19999 19999 19999 19999 19999 19999 19999 19999 19999 19999 19999 20000 20000 20000 20000 20000 20000 ]

Running merge sort algorithm: 
Timer (sort): 80ms real	80ms user	0ms sys
The output is sorted!
[ 0 0 0 0 0 0 0 0 0 0 0 0 0 0 0 0 0 0 0 0 0 0 0 0 1 ]
[ 0 0 0 0 0 0 0 0 0 0 0 0 0 0 0 0 0 0 0 0 0 0 0 1 1 ]
[ 0 0 0 0 0 0 0 0 0 0 0 0 0 0 0 0 0 0 0 0 0 0 1 1 1 ]
[ 0 0 0 0 0 0 0 0 0 0 0 0 0 0 0 0 0 0 0 0 0 1 1 1 1 ]
[ 0 0 0 0 0 0 0 0 0 0 0 0 0 0 0 0 0 0 0 0 1 1 1 1 1 ]
[ 0 0 0 0 0 0 0 0 0 0 0 0 0 0 0 0 0 0 0 1 1 1 1 1 1 ]
[ 0 0 0 0 0 0 0 0 0 0 0 0 0 0 0 0 0 0 1 1 1 1 1 1 1 ]
[ 0 0 0 0 0 0 0 0 0 0 0 0 0 0 0 0 0 1 1 1 1 1 1 1 1 ]
[ 0 0 0 0 0 0 0 0 0 0 0 0 0 0 0 0 1 1 1 1 1 1 1 1 1 ]
[ 0 0 0 0 0 0 0 0 0 0 0 0 0 0 0 1 1 1 1 1 1 1 1 1 1 ]
[ 0 0 0 0 0 0 0 0 0 0 0 0 0 0 1 1 1 1 1 1 1 1 1 1 1 ]
[ 0 0 0 0 0 0 0 0 0 0 0 0 0 1 1 1 1 1 1 1 1 1 1 1 1 ]
[ 0 0 0 0 0 0 0 0 0 0 0 0 1 1 1 1 1 1 1 1 1 1 1 1 1 ]
[ 0 0 0 0 0 0 0 0 0 0 0 1 1 1 1 1 1 1 1 1 1 1 1 1 1 ]
[ 0 0 0 0 0 0 0 0 0 0 1 1 1 1 1 1 1 1 1 1 1 1 1 1 1 ]
[ 0 0 0 0 0 0 0 0 0 1 1 1 1 1 1 1 1 1 1 1 1 1 1 1 1 ]
[ 0 0 0 0 0 0 0 0 1 1 1 1 1 1 1 1 1 1 1 1 1 1 1 1 1 ]
[ 0 0 0 0 0 0 0 1 1 1 1 1 1 1 1 1 1 1 1 1 1 1 1 1 1 ]
[ 0 0 0 0 0 0 1 1 1 1 1 1 1 1 1 1 1 1 1 1 1 1 1 1 1 ]
[ 0 0 0 0 0 1 1 1 1 1 1 1 1 1 1 1 1 1 1 1 1 1 1 1 1 ]

Timer (generate): 52ms real	30ms user	10ms sys
[ 20000 20000 20000 20000 20000 20000 20000 20000 20000 20000 20000 20000 20000 20000 20000 20000 20000 20000 20000 20000 20000 20000 20000 20000 20000 ]
[ 19999 20000 20000 20000 20000 20000 20000 20000 20000 20000 20000 20000 20000 20000 20000 20000 20000 20000 20000 20000 20000 20000 20000 20000 20000 ]
[ 19999 19999 20000 20000 20000 20000 20000 20000 20000 20000 20000 20000 20000 20000 20000 20000 20000 20000 20000 20000 20000 20000 20000 20000 20000 ]
[ 19999 19999 19999 20000 20000 20000 20000 20000 20000 20000 20000 20000 20000 20000 20000 20000 20000 20000 20000 20000 20000 20000 20000 20000 20000 ]
[ 19999 19999 19999 19999 20000 20000 20000 20000 20000 20000 20000 20000 20000 20000 20000 20000 20000 20000 20000 20000 20000 20000 20000 20000 20000 ]
[ 19999 19999 19999 19999 19999 20000 20000 20000 20000 20000 20000 20000 20000 20000 20000 20000 20000 20000 20000 20000 20000 20000 20000 20000 20000 ]
[ 19999 19999 19999 19999 19999 19999 20000 20000 20000 20000 20000 20000 20000 20000 20000 20000 20000 20000 20000 20000 20000 20000 20000 20000 20000 ]
[ 19999 19999 19999 19999 19999 19999 19999 20000 20000 20000 20000 20000 20000 20000 20000 20000 20000 20000 20000 20000 20000 20000 20000 20000 20000 ]
[ 19999 19999 19999 19999 19999 19999 19999 19999 20000 20000 20000 20000 20000 20000 20000 20000 20000 20000 20000 20000 20000 20000 20000 20000 20000 ]
[ 19999 19999 19999 19999 19999 19999 19999 19999 19999 20000 20000 20000 20000 20000 20000 20000 20000 20000 20000 20000 20000 20000 20000 20000 20000 ]
[ 19999 19999 19999 19999 19999 19999 19999 19999 19999 19999 20000 20000 20000 20000 20000 20000 20000 20000 20000 20000 20000 20000 20000 20000 20000 ]
[ 19999 19999 19999 19999 19999 19999 19999 19999 19999 19999 19999 20000 20000 20000 20000 20000 20000 20000 20000 20000 20000 20000 20000 20000 20000 ]
[ 19999 19999 19999 19999 19999 19999 19999 19999 19999 19999 19999 19999 20000 20000 20000 20000 20000 20000 20000 20000 20000 20000 20000 20000 20000 ]
[ 19999 19999 19999 19999 19999 19999 19999 19999 19999 19999 19999 19999 19999 20000 20000 20000 20000 20000 20000 20000 20000 20000 20000 20000 20000 ]
[ 19999 19999 19999 19999 19999 19999 19999 19999 19999 19999 19999 19999 19999 19999 20000 20000 20000 20000 20000 20000 20000 20000 20000 20000 20000 ]
[ 19999 19999 19999 19999 19999 19999 19999 19999 19999 19999 19999 19999 19999 19999 19999 20000 20000 20000 20000 20000 20000 20000 20000 20000 20000 ]
[ 19999 19999 19999 19999 19999 19999 19999 19999 19999 19999 19999 19999 19999 19999 19999 19999 20000 20000 20000 20000 20000 20000 20000 20000 20000 ]
[ 19999 19999 19999 19999 19999 19999 19999 19999 19999 19999 19999 19999 19999 19999 19999 19999 19999 20000 20000 20000 20000 20000 20000 20000 20000 ]
[ 19999 19999 19999 19999 19999 19999 19999 19999 19999 19999 19999 19999 19999 19999 19999 19999 19999 19999 20000 20000 20000 20000 20000 20000 20000 ]
[ 19999 19999 19999 19999 19999 19999 19999 19999 19999 19999 19999 19999 19999 19999 19999 19999 19999 19999 19999 20000 20000 20000 20000 20000 20000 ]

Running merge sort algorithm: 
Timer (sort): 84ms real	80ms user	0ms sys
The output is sorted!
[ 0 0 0 0 0 0 0 0 0 0 0 0 0 0 0 0 0 0 0 0 0 0 0 0 1 ]
[ 0 0 0 0 0 0 0 0 0 0 0 0 0 0 0 0 0 0 0 0 0 0 0 1 1 ]
[ 0 0 0 0 0 0 0 0 0 0 0 0 0 0 0 0 0 0 0 0 0 0 1 1 1 ]
[ 0 0 0 0 0 0 0 0 0 0 0 0 0 0 0 0 0 0 0 0 0 1 1 1 1 ]
[ 0 0 0 0 0 0 0 0 0 0 0 0 0 0 0 0 0 0 0 0 1 1 1 1 1 ]
[ 0 0 0 0 0 0 0 0 0 0 0 0 0 0 0 0 0 0 0 1 1 1 1 1 1 ]
[ 0 0 0 0 0 0 0 0 0 0 0 0 0 0 0 0 0 0 1 1 1 1 1 1 1 ]
[ 0 0 0 0 0 0 0 0 0 0 0 0 0 0 0 0 0 1 1 1 1 1 1 1 1 ]
[ 0 0 0 0 0 0 0 0 0 0 0 0 0 0 0 0 1 1 1 1 1 1 1 1 1 ]
[ 0 0 0 0 0 0 0 0 0 0 0 0 0 0 0 1 1 1 1 1 1 1 1 1 1 ]
[ 0 0 0 0 0 0 0 0 0 0 0 0 0 0 1 1 1 1 1 1 1 1 1 1 1 ]
[ 0 0 0 0 0 0 0 0 0 0 0 0 0 1 1 1 1 1 1 1 1 1 1 1 1 ]
[ 0 0 0 0 0 0 0 0 0 0 0 0 1 1 1 1 1 1 1 1 1 1 1 1 1 ]
[ 0 0 0 0 0 0 0 0 0 0 0 1 1 1 1 1 1 1 1 1 1 1 1 1 1 ]
[ 0 0 0 0 0 0 0 0 0 0 1 1 1 1 1 1 1 1 1 1 1 1 1 1 1 ]
[ 0 0 0 0 0 0 0 0 0 1 1 1 1 1 1 1 1 1 1 1 1 1 1 1 1 ]
[ 0 0 0 0 0 0 0 0 1 1 1 1 1 1 1 1 1 1 1 1 1 1 1 1 1 ]
[ 0 0 0 0 0 0 0 1 1 1 1 1 1 1 1 1 1 1 1 1 1 1 1 1 1 ]
[ 0 0 0 0 0 0 1 1 1 1 1 1 1 1 1 1 1 1 1 1 1 1 1 1 1 ]
[ 0 0 0 0 0 1 1 1 1 1 1 1 1 1 1 1 1 1 1 1 1 1 1 1 1 ]

Timer (generate): 70ms real	40ms user	30ms sys
[ 20000 20000 20000 20000 20000 20000 20000 20000 20000 20000 20000 20000 20000 20000 20000 20000 20000 20000 20000 20000 20000 20000 20000 20000 20000 ]
[ 19999 20000 20000 20000 20000 20000 20000 20000 20000 20000 20000 20000 20000 20000 20000 20000 20000 20000 20000 20000 20000 20000 20000 20000 20000 ]
[ 19999 19999 20000 20000 20000 20000 20000 20000 20000 20000 20000 20000 20000 20000 20000 20000 20000 20000 20000 20000 20000 20000 20000 20000 20000 ]
[ 19999 19999 19999 20000 20000 20000 20000 20000 20000 20000 20000 20000 20000 20000 20000 20000 20000 20000 20000 20000 20000 20000 20000 20000 20000 ]
[ 19999 19999 19999 19999 20000 20000 20000 20000 20000 20000 20000 20000 20000 20000 20000 20000 20000 20000 20000 20000 20000 20000 20000 20000 20000 ]
[ 19999 19999 19999 19999 19999 20000 20000 20000 20000 20000 20000 20000 20000 20000 20000 20000 20000 20000 20000 20000 20000 20000 20000 20000 20000 ]
[ 19999 19999 19999 19999 19999 19999 20000 20000 20000 20000 20000 20000 20000 20000 20000 20000 20000 20000 20000 20000 20000 20000 20000 20000 20000 ]
[ 19999 19999 19999 19999 19999 19999 19999 20000 20000 20000 20000 20000 20000 20000 20000 20000 20000 20000 20000 20000 20000 20000 20000 20000 20000 ]
[ 19999 19999 19999 19999 19999 19999 19999 19999 20000 20000 20000 20000 20000 20000 20000 20000 20000 20000 20000 20000 20000 20000 20000 20000 20000 ]
[ 19999 19999 19999 19999 19999 19999 19999 19999 19999 20000 20000 20000 20000 20000 20000 20000 20000 20000 20000 20000 20000 20000 20000 20000 20000 ]
[ 19999 19999 19999 19999 19999 19999 19999 19999 19999 19999 20000 20000 20000 20000 20000 20000 20000 20000 20000 20000 20000 20000 20000 20000 20000 ]
[ 19999 19999 19999 19999 19999 19999 19999 19999 19999 19999 19999 20000 20000 20000 20000 20000 20000 20000 20000 20000 20000 20000 20000 20000 20000 ]
[ 19999 19999 19999 19999 19999 19999 19999 19999 19999 19999 19999 19999 20000 20000 20000 20000 20000 20000 20000 20000 20000 20000 20000 20000 20000 ]
[ 19999 19999 19999 19999 19999 19999 19999 19999 19999 19999 19999 19999 19999 20000 20000 20000 20000 20000 20000 20000 20000 20000 20000 20000 20000 ]
[ 19999 19999 19999 19999 19999 19999 19999 19999 19999 19999 19999 19999 19999 19999 20000 20000 20000 20000 20000 20000 20000 20000 20000 20000 20000 ]
[ 19999 19999 19999 19999 19999 19999 19999 19999 19999 19999 19999 19999 19999 19999 19999 20000 20000 20000 20000 20000 20000 20000 20000 20000 20000 ]
[ 19999 19999 19999 19999 19999 19999 19999 19999 19999 19999 19999 19999 19999 19999 19999 19999 20000 20000 20000 20000 20000 20000 20000 20000 20000 ]
[ 19999 19999 19999 19999 19999 19999 19999 19999 19999 19999 19999 19999 19999 19999 19999 19999 19999 20000 20000 20000 20000 20000 20000 20000 20000 ]
[ 19999 19999 19999 19999 19999 19999 19999 19999 19999 19999 19999 19999 19999 19999 19999 19999 19999 19999 20000 20000 20000 20000 20000 20000 20000 ]
[ 19999 19999 19999 19999 19999 19999 19999 19999 19999 19999 19999 19999 19999 19999 19999 19999 19999 19999 19999 20000 20000 20000 20000 20000 20000 ]

Running merge sort algorithm: 
Timer (sort): 80ms real	70ms user	10ms sys
The output is sorted!
[ 0 0 0 0 0 0 0 0 0 0 0 0 0 0 0 0 0 0 0 0 0 0 0 0 1 ]
[ 0 0 0 0 0 0 0 0 0 0 0 0 0 0 0 0 0 0 0 0 0 0 0 1 1 ]
[ 0 0 0 0 0 0 0 0 0 0 0 0 0 0 0 0 0 0 0 0 0 0 1 1 1 ]
[ 0 0 0 0 0 0 0 0 0 0 0 0 0 0 0 0 0 0 0 0 0 1 1 1 1 ]
[ 0 0 0 0 0 0 0 0 0 0 0 0 0 0 0 0 0 0 0 0 1 1 1 1 1 ]
[ 0 0 0 0 0 0 0 0 0 0 0 0 0 0 0 0 0 0 0 1 1 1 1 1 1 ]
[ 0 0 0 0 0 0 0 0 0 0 0 0 0 0 0 0 0 0 1 1 1 1 1 1 1 ]
[ 0 0 0 0 0 0 0 0 0 0 0 0 0 0 0 0 0 1 1 1 1 1 1 1 1 ]
[ 0 0 0 0 0 0 0 0 0 0 0 0 0 0 0 0 1 1 1 1 1 1 1 1 1 ]
[ 0 0 0 0 0 0 0 0 0 0 0 0 0 0 0 1 1 1 1 1 1 1 1 1 1 ]
[ 0 0 0 0 0 0 0 0 0 0 0 0 0 0 1 1 1 1 1 1 1 1 1 1 1 ]
[ 0 0 0 0 0 0 0 0 0 0 0 0 0 1 1 1 1 1 1 1 1 1 1 1 1 ]
[ 0 0 0 0 0 0 0 0 0 0 0 0 1 1 1 1 1 1 1 1 1 1 1 1 1 ]
[ 0 0 0 0 0 0 0 0 0 0 0 1 1 1 1 1 1 1 1 1 1 1 1 1 1 ]
[ 0 0 0 0 0 0 0 0 0 0 1 1 1 1 1 1 1 1 1 1 1 1 1 1 1 ]
[ 0 0 0 0 0 0 0 0 0 1 1 1 1 1 1 1 1 1 1 1 1 1 1 1 1 ]
[ 0 0 0 0 0 0 0 0 1 1 1 1 1 1 1 1 1 1 1 1 1 1 1 1 1 ]
[ 0 0 0 0 0 0 0 1 1 1 1 1 1 1 1 1 1 1 1 1 1 1 1 1 1 ]
[ 0 0 0 0 0 0 1 1 1 1 1 1 1 1 1 1 1 1 1 1 1 1 1 1 1 ]
[ 0 0 0 0 0 1 1 1 1 1 1 1 1 1 1 1 1 1 1 1 1 1 1 1 1 ]

Timer (generate): 51ms real	20ms user	20ms sys
[ 20000 20000 20000 20000 20000 20000 20000 20000 20000 20000 20000 20000 20000 20000 20000 20000 20000 20000 20000 20000 20000 20000 20000 20000 20000 ]
[ 19999 20000 20000 20000 20000 20000 20000 20000 20000 20000 20000 20000 20000 20000 20000 20000 20000 20000 20000 20000 20000 20000 20000 20000 20000 ]
[ 19999 19999 20000 20000 20000 20000 20000 20000 20000 20000 20000 20000 20000 20000 20000 20000 20000 20000 20000 20000 20000 20000 20000 20000 20000 ]
[ 19999 19999 19999 20000 20000 20000 20000 20000 20000 20000 20000 20000 20000 20000 20000 20000 20000 20000 20000 20000 20000 20000 20000 20000 20000 ]
[ 19999 19999 19999 19999 20000 20000 20000 20000 20000 20000 20000 20000 20000 20000 20000 20000 20000 20000 20000 20000 20000 20000 20000 20000 20000 ]
[ 19999 19999 19999 19999 19999 20000 20000 20000 20000 20000 20000 20000 20000 20000 20000 20000 20000 20000 20000 20000 20000 20000 20000 20000 20000 ]
[ 19999 19999 19999 19999 19999 19999 20000 20000 20000 20000 20000 20000 20000 20000 20000 20000 20000 20000 20000 20000 20000 20000 20000 20000 20000 ]
[ 19999 19999 19999 19999 19999 19999 19999 20000 20000 20000 20000 20000 20000 20000 20000 20000 20000 20000 20000 20000 20000 20000 20000 20000 20000 ]
[ 19999 19999 19999 19999 19999 19999 19999 19999 20000 20000 20000 20000 20000 20000 20000 20000 20000 20000 20000 20000 20000 20000 20000 20000 20000 ]
[ 19999 19999 19999 19999 19999 19999 19999 19999 19999 20000 20000 20000 20000 20000 20000 20000 20000 20000 20000 20000 20000 20000 20000 20000 20000 ]
[ 19999 19999 19999 19999 19999 19999 19999 19999 19999 19999 20000 20000 20000 20000 20000 20000 20000 20000 20000 20000 20000 20000 20000 20000 20000 ]
[ 19999 19999 19999 19999 19999 19999 19999 19999 19999 19999 19999 20000 20000 20000 20000 20000 20000 20000 20000 20000 20000 20000 20000 20000 20000 ]
[ 19999 19999 19999 19999 19999 19999 19999 19999 19999 19999 19999 19999 20000 20000 20000 20000 20000 20000 20000 20000 20000 20000 20000 20000 20000 ]
[ 19999 19999 19999 19999 19999 19999 19999 19999 19999 19999 19999 19999 19999 20000 20000 20000 20000 20000 20000 20000 20000 20000 20000 20000 20000 ]
[ 19999 19999 19999 19999 19999 19999 19999 19999 19999 19999 19999 19999 19999 19999 20000 20000 20000 20000 20000 20000 20000 20000 20000 20000 20000 ]
[ 19999 19999 19999 19999 19999 19999 19999 19999 19999 19999 19999 19999 19999 19999 19999 20000 20000 20000 20000 20000 20000 20000 20000 20000 20000 ]
[ 19999 19999 19999 19999 19999 19999 19999 19999 19999 19999 19999 19999 19999 19999 19999 19999 20000 20000 20000 20000 20000 20000 20000 20000 20000 ]
[ 19999 19999 19999 19999 19999 19999 19999 19999 19999 19999 19999 19999 19999 19999 19999 19999 19999 20000 20000 20000 20000 20000 20000 20000 20000 ]
[ 19999 19999 19999 19999 19999 19999 19999 19999 19999 19999 19999 19999 19999 19999 19999 19999 19999 19999 20000 20000 20000 20000 20000 20000 20000 ]
[ 19999 19999 19999 19999 19999 19999 19999 19999 19999 19999 19999 19999 19999 19999 19999 19999 19999 19999 19999 20000 20000 20000 20000 20000 20000 ]

Running merge sort algorithm: 
Timer (sort): 97ms real	90ms user	10ms sys
The output is sorted!
[ 0 0 0 0 0 0 0 0 0 0 0 0 0 0 0 0 0 0 0 0 0 0 0 0 1 ]
[ 0 0 0 0 0 0 0 0 0 0 0 0 0 0 0 0 0 0 0 0 0 0 0 1 1 ]
[ 0 0 0 0 0 0 0 0 0 0 0 0 0 0 0 0 0 0 0 0 0 0 1 1 1 ]
[ 0 0 0 0 0 0 0 0 0 0 0 0 0 0 0 0 0 0 0 0 0 1 1 1 1 ]
[ 0 0 0 0 0 0 0 0 0 0 0 0 0 0 0 0 0 0 0 0 1 1 1 1 1 ]
[ 0 0 0 0 0 0 0 0 0 0 0 0 0 0 0 0 0 0 0 1 1 1 1 1 1 ]
[ 0 0 0 0 0 0 0 0 0 0 0 0 0 0 0 0 0 0 1 1 1 1 1 1 1 ]
[ 0 0 0 0 0 0 0 0 0 0 0 0 0 0 0 0 0 1 1 1 1 1 1 1 1 ]
[ 0 0 0 0 0 0 0 0 0 0 0 0 0 0 0 0 1 1 1 1 1 1 1 1 1 ]
[ 0 0 0 0 0 0 0 0 0 0 0 0 0 0 0 1 1 1 1 1 1 1 1 1 1 ]
[ 0 0 0 0 0 0 0 0 0 0 0 0 0 0 1 1 1 1 1 1 1 1 1 1 1 ]
[ 0 0 0 0 0 0 0 0 0 0 0 0 0 1 1 1 1 1 1 1 1 1 1 1 1 ]
[ 0 0 0 0 0 0 0 0 0 0 0 0 1 1 1 1 1 1 1 1 1 1 1 1 1 ]
[ 0 0 0 0 0 0 0 0 0 0 0 1 1 1 1 1 1 1 1 1 1 1 1 1 1 ]
[ 0 0 0 0 0 0 0 0 0 0 1 1 1 1 1 1 1 1 1 1 1 1 1 1 1 ]
[ 0 0 0 0 0 0 0 0 0 1 1 1 1 1 1 1 1 1 1 1 1 1 1 1 1 ]
[ 0 0 0 0 0 0 0 0 1 1 1 1 1 1 1 1 1 1 1 1 1 1 1 1 1 ]
[ 0 0 0 0 0 0 0 1 1 1 1 1 1 1 1 1 1 1 1 1 1 1 1 1 1 ]
[ 0 0 0 0 0 0 1 1 1 1 1 1 1 1 1 1 1 1 1 1 1 1 1 1 1 ]
[ 0 0 0 0 0 1 1 1 1 1 1 1 1 1 1 1 1 1 1 1 1 1 1 1 1 ]

Timer (generate): 58ms real	20ms user	20ms sys
[ 20000 20000 20000 20000 20000 20000 20000 20000 20000 20000 20000 20000 20000 20000 20000 20000 20000 20000 20000 20000 20000 20000 20000 20000 20000 ]
[ 19999 20000 20000 20000 20000 20000 20000 20000 20000 20000 20000 20000 20000 20000 20000 20000 20000 20000 20000 20000 20000 20000 20000 20000 20000 ]
[ 19999 19999 20000 20000 20000 20000 20000 20000 20000 20000 20000 20000 20000 20000 20000 20000 20000 20000 20000 20000 20000 20000 20000 20000 20000 ]
[ 19999 19999 19999 20000 20000 20000 20000 20000 20000 20000 20000 20000 20000 20000 20000 20000 20000 20000 20000 20000 20000 20000 20000 20000 20000 ]
[ 19999 19999 19999 19999 20000 20000 20000 20000 20000 20000 20000 20000 20000 20000 20000 20000 20000 20000 20000 20000 20000 20000 20000 20000 20000 ]
[ 19999 19999 19999 19999 19999 20000 20000 20000 20000 20000 20000 20000 20000 20000 20000 20000 20000 20000 20000 20000 20000 20000 20000 20000 20000 ]
[ 19999 19999 19999 19999 19999 19999 20000 20000 20000 20000 20000 20000 20000 20000 20000 20000 20000 20000 20000 20000 20000 20000 20000 20000 20000 ]
[ 19999 19999 19999 19999 19999 19999 19999 20000 20000 20000 20000 20000 20000 20000 20000 20000 20000 20000 20000 20000 20000 20000 20000 20000 20000 ]
[ 19999 19999 19999 19999 19999 19999 19999 19999 20000 20000 20000 20000 20000 20000 20000 20000 20000 20000 20000 20000 20000 20000 20000 20000 20000 ]
[ 19999 19999 19999 19999 19999 19999 19999 19999 19999 20000 20000 20000 20000 20000 20000 20000 20000 20000 20000 20000 20000 20000 20000 20000 20000 ]
[ 19999 19999 19999 19999 19999 19999 19999 19999 19999 19999 20000 20000 20000 20000 20000 20000 20000 20000 20000 20000 20000 20000 20000 20000 20000 ]
[ 19999 19999 19999 19999 19999 19999 19999 19999 19999 19999 19999 20000 20000 20000 20000 20000 20000 20000 20000 20000 20000 20000 20000 20000 20000 ]
[ 19999 19999 19999 19999 19999 19999 19999 19999 19999 19999 19999 19999 20000 20000 20000 20000 20000 20000 20000 20000 20000 20000 20000 20000 20000 ]
[ 19999 19999 19999 19999 19999 19999 19999 19999 19999 19999 19999 19999 19999 20000 20000 20000 20000 20000 20000 20000 20000 20000 20000 20000 20000 ]
[ 19999 19999 19999 19999 19999 19999 19999 19999 19999 19999 19999 19999 19999 19999 20000 20000 20000 20000 20000 20000 20000 20000 20000 20000 20000 ]
[ 19999 19999 19999 19999 19999 19999 19999 19999 19999 19999 19999 19999 19999 19999 19999 20000 20000 20000 20000 20000 20000 20000 20000 20000 20000 ]
[ 19999 19999 19999 19999 19999 19999 19999 19999 19999 19999 19999 19999 19999 19999 19999 19999 20000 20000 20000 20000 20000 20000 20000 20000 20000 ]
[ 19999 19999 19999 19999 19999 19999 19999 19999 19999 19999 19999 19999 19999 19999 19999 19999 19999 20000 20000 20000 20000 20000 20000 20000 20000 ]
[ 19999 19999 19999 19999 19999 19999 19999 19999 19999 19999 19999 19999 19999 19999 19999 19999 19999 19999 20000 20000 20000 20000 20000 20000 20000 ]
[ 19999 19999 19999 19999 19999 19999 19999 19999 19999 19999 19999 19999 19999 19999 19999 19999 19999 19999 19999 20000 20000 20000 20000 20000 20000 ]

Running merge sort algorithm: 
Timer (sort): 86ms real	80ms user	0ms sys
The output is sorted!
[ 0 0 0 0 0 0 0 0 0 0 0 0 0 0 0 0 0 0 0 0 0 0 0 0 1 ]
[ 0 0 0 0 0 0 0 0 0 0 0 0 0 0 0 0 0 0 0 0 0 0 0 1 1 ]
[ 0 0 0 0 0 0 0 0 0 0 0 0 0 0 0 0 0 0 0 0 0 0 1 1 1 ]
[ 0 0 0 0 0 0 0 0 0 0 0 0 0 0 0 0 0 0 0 0 0 1 1 1 1 ]
[ 0 0 0 0 0 0 0 0 0 0 0 0 0 0 0 0 0 0 0 0 1 1 1 1 1 ]
[ 0 0 0 0 0 0 0 0 0 0 0 0 0 0 0 0 0 0 0 1 1 1 1 1 1 ]
[ 0 0 0 0 0 0 0 0 0 0 0 0 0 0 0 0 0 0 1 1 1 1 1 1 1 ]
[ 0 0 0 0 0 0 0 0 0 0 0 0 0 0 0 0 0 1 1 1 1 1 1 1 1 ]
[ 0 0 0 0 0 0 0 0 0 0 0 0 0 0 0 0 1 1 1 1 1 1 1 1 1 ]
[ 0 0 0 0 0 0 0 0 0 0 0 0 0 0 0 1 1 1 1 1 1 1 1 1 1 ]
[ 0 0 0 0 0 0 0 0 0 0 0 0 0 0 1 1 1 1 1 1 1 1 1 1 1 ]
[ 0 0 0 0 0 0 0 0 0 0 0 0 0 1 1 1 1 1 1 1 1 1 1 1 1 ]
[ 0 0 0 0 0 0 0 0 0 0 0 0 1 1 1 1 1 1 1 1 1 1 1 1 1 ]
[ 0 0 0 0 0 0 0 0 0 0 0 1 1 1 1 1 1 1 1 1 1 1 1 1 1 ]
[ 0 0 0 0 0 0 0 0 0 0 1 1 1 1 1 1 1 1 1 1 1 1 1 1 1 ]
[ 0 0 0 0 0 0 0 0 0 1 1 1 1 1 1 1 1 1 1 1 1 1 1 1 1 ]
[ 0 0 0 0 0 0 0 0 1 1 1 1 1 1 1 1 1 1 1 1 1 1 1 1 1 ]
[ 0 0 0 0 0 0 0 1 1 1 1 1 1 1 1 1 1 1 1 1 1 1 1 1 1 ]
[ 0 0 0 0 0 0 1 1 1 1 1 1 1 1 1 1 1 1 1 1 1 1 1 1 1 ]
[ 0 0 0 0 0 1 1 1 1 1 1 1 1 1 1 1 1 1 1 1 1 1 1 1 1 ]

Timer (generate): 66ms real	40ms user	10ms sys
[ 20000 20000 20000 20000 20000 20000 20000 20000 20000 20000 20000 20000 20000 20000 20000 20000 20000 20000 20000 20000 20000 20000 20000 20000 20000 ]
[ 19999 20000 20000 20000 20000 20000 20000 20000 20000 20000 20000 20000 20000 20000 20000 20000 20000 20000 20000 20000 20000 20000 20000 20000 20000 ]
[ 19999 19999 20000 20000 20000 20000 20000 20000 20000 20000 20000 20000 20000 20000 20000 20000 20000 20000 20000 20000 20000 20000 20000 20000 20000 ]
[ 19999 19999 19999 20000 20000 20000 20000 20000 20000 20000 20000 20000 20000 20000 20000 20000 20000 20000 20000 20000 20000 20000 20000 20000 20000 ]
[ 19999 19999 19999 19999 20000 20000 20000 20000 20000 20000 20000 20000 20000 20000 20000 20000 20000 20000 20000 20000 20000 20000 20000 20000 20000 ]
[ 19999 19999 19999 19999 19999 20000 20000 20000 20000 20000 20000 20000 20000 20000 20000 20000 20000 20000 20000 20000 20000 20000 20000 20000 20000 ]
[ 19999 19999 19999 19999 19999 19999 20000 20000 20000 20000 20000 20000 20000 20000 20000 20000 20000 20000 20000 20000 20000 20000 20000 20000 20000 ]
[ 19999 19999 19999 19999 19999 19999 19999 20000 20000 20000 20000 20000 20000 20000 20000 20000 20000 20000 20000 20000 20000 20000 20000 20000 20000 ]
[ 19999 19999 19999 19999 19999 19999 19999 19999 20000 20000 20000 20000 20000 20000 20000 20000 20000 20000 20000 20000 20000 20000 20000 20000 20000 ]
[ 19999 19999 19999 19999 19999 19999 19999 19999 19999 20000 20000 20000 20000 20000 20000 20000 20000 20000 20000 20000 20000 20000 20000 20000 20000 ]
[ 19999 19999 19999 19999 19999 19999 19999 19999 19999 19999 20000 20000 20000 20000 20000 20000 20000 20000 20000 20000 20000 20000 20000 20000 20000 ]
[ 19999 19999 19999 19999 19999 19999 19999 19999 19999 19999 19999 20000 20000 20000 20000 20000 20000 20000 20000 20000 20000 20000 20000 20000 20000 ]
[ 19999 19999 19999 19999 19999 19999 19999 19999 19999 19999 19999 19999 20000 20000 20000 20000 20000 20000 20000 20000 20000 20000 20000 20000 20000 ]
[ 19999 19999 19999 19999 19999 19999 19999 19999 19999 19999 19999 19999 19999 20000 20000 20000 20000 20000 20000 20000 20000 20000 20000 20000 20000 ]
[ 19999 19999 19999 19999 19999 19999 19999 19999 19999 19999 19999 19999 19999 19999 20000 20000 20000 20000 20000 20000 20000 20000 20000 20000 20000 ]
[ 19999 19999 19999 19999 19999 19999 19999 19999 19999 19999 19999 19999 19999 19999 19999 20000 20000 20000 20000 20000 20000 20000 20000 20000 20000 ]
[ 19999 19999 19999 19999 19999 19999 19999 19999 19999 19999 19999 19999 19999 19999 19999 19999 20000 20000 20000 20000 20000 20000 20000 20000 20000 ]
[ 19999 19999 19999 19999 19999 19999 19999 19999 19999 19999 19999 19999 19999 19999 19999 19999 19999 20000 20000 20000 20000 20000 20000 20000 20000 ]
[ 19999 19999 19999 19999 19999 19999 19999 19999 19999 19999 19999 19999 19999 19999 19999 19999 19999 19999 20000 20000 20000 20000 20000 20000 20000 ]
[ 19999 19999 19999 19999 19999 19999 19999 19999 19999 19999 19999 19999 19999 19999 19999 19999 19999 19999 19999 20000 20000 20000 20000 20000 20000 ]

Running merge sort algorithm: 
Timer (sort): 89ms real	90ms user	10ms sys
The output is sorted!
[ 0 0 0 0 0 0 0 0 0 0 0 0 0 0 0 0 0 0 0 0 0 0 0 0 1 ]
[ 0 0 0 0 0 0 0 0 0 0 0 0 0 0 0 0 0 0 0 0 0 0 0 1 1 ]
[ 0 0 0 0 0 0 0 0 0 0 0 0 0 0 0 0 0 0 0 0 0 0 1 1 1 ]
[ 0 0 0 0 0 0 0 0 0 0 0 0 0 0 0 0 0 0 0 0 0 1 1 1 1 ]
[ 0 0 0 0 0 0 0 0 0 0 0 0 0 0 0 0 0 0 0 0 1 1 1 1 1 ]
[ 0 0 0 0 0 0 0 0 0 0 0 0 0 0 0 0 0 0 0 1 1 1 1 1 1 ]
[ 0 0 0 0 0 0 0 0 0 0 0 0 0 0 0 0 0 0 1 1 1 1 1 1 1 ]
[ 0 0 0 0 0 0 0 0 0 0 0 0 0 0 0 0 0 1 1 1 1 1 1 1 1 ]
[ 0 0 0 0 0 0 0 0 0 0 0 0 0 0 0 0 1 1 1 1 1 1 1 1 1 ]
[ 0 0 0 0 0 0 0 0 0 0 0 0 0 0 0 1 1 1 1 1 1 1 1 1 1 ]
[ 0 0 0 0 0 0 0 0 0 0 0 0 0 0 1 1 1 1 1 1 1 1 1 1 1 ]
[ 0 0 0 0 0 0 0 0 0 0 0 0 0 1 1 1 1 1 1 1 1 1 1 1 1 ]
[ 0 0 0 0 0 0 0 0 0 0 0 0 1 1 1 1 1 1 1 1 1 1 1 1 1 ]
[ 0 0 0 0 0 0 0 0 0 0 0 1 1 1 1 1 1 1 1 1 1 1 1 1 1 ]
[ 0 0 0 0 0 0 0 0 0 0 1 1 1 1 1 1 1 1 1 1 1 1 1 1 1 ]
[ 0 0 0 0 0 0 0 0 0 1 1 1 1 1 1 1 1 1 1 1 1 1 1 1 1 ]
[ 0 0 0 0 0 0 0 0 1 1 1 1 1 1 1 1 1 1 1 1 1 1 1 1 1 ]
[ 0 0 0 0 0 0 0 1 1 1 1 1 1 1 1 1 1 1 1 1 1 1 1 1 1 ]
[ 0 0 0 0 0 0 1 1 1 1 1 1 1 1 1 1 1 1 1 1 1 1 1 1 1 ]
[ 0 0 0 0 0 1 1 1 1 1 1 1 1 1 1 1 1 1 1 1 1 1 1 1 1 ]

