Timer (generate): 2ms real	0ms user	0ms sys
[ 400 400 400 400 400 400 400 400 400 400 400 400 400 400 400 400 400 400 400 400 400 400 400 400 400 ]
[ 399 400 400 400 400 400 400 400 400 400 400 400 400 400 400 400 400 400 400 400 400 400 400 400 400 ]
[ 399 399 400 400 400 400 400 400 400 400 400 400 400 400 400 400 400 400 400 400 400 400 400 400 400 ]
[ 399 399 399 400 400 400 400 400 400 400 400 400 400 400 400 400 400 400 400 400 400 400 400 400 400 ]
[ 399 399 399 399 400 400 400 400 400 400 400 400 400 400 400 400 400 400 400 400 400 400 400 400 400 ]
[ 399 399 399 399 399 400 400 400 400 400 400 400 400 400 400 400 400 400 400 400 400 400 400 400 400 ]
[ 399 399 399 399 399 399 400 400 400 400 400 400 400 400 400 400 400 400 400 400 400 400 400 400 400 ]
[ 399 399 399 399 399 399 399 400 400 400 400 400 400 400 400 400 400 400 400 400 400 400 400 400 400 ]
[ 399 399 399 399 399 399 399 399 400 400 400 400 400 400 400 400 400 400 400 400 400 400 400 400 400 ]
[ 399 399 399 399 399 399 399 399 399 400 400 400 400 400 400 400 400 400 400 400 400 400 400 400 400 ]
[ 399 399 399 399 399 399 399 399 399 399 400 400 400 400 400 400 400 400 400 400 400 400 400 400 400 ]
[ 399 399 399 399 399 399 399 399 399 399 399 400 400 400 400 400 400 400 400 400 400 400 400 400 400 ]
[ 399 399 399 399 399 399 399 399 399 399 399 399 400 400 400 400 400 400 400 400 400 400 400 400 400 ]
[ 399 399 399 399 399 399 399 399 399 399 399 399 399 400 400 400 400 400 400 400 400 400 400 400 400 ]
[ 399 399 399 399 399 399 399 399 399 399 399 399 399 399 400 400 400 400 400 400 400 400 400 400 400 ]
[ 399 399 399 399 399 399 399 399 399 399 399 399 399 399 399 400 400 400 400 400 400 400 400 400 400 ]
[ 399 399 399 399 399 399 399 399 399 399 399 399 399 399 399 399 400 400 400 400 400 400 400 400 400 ]
[ 399 399 399 399 399 399 399 399 399 399 399 399 399 399 399 399 399 400 400 400 400 400 400 400 400 ]
[ 399 399 399 399 399 399 399 399 399 399 399 399 399 399 399 399 399 399 400 400 400 400 400 400 400 ]
[ 399 399 399 399 399 399 399 399 399 399 399 399 399 399 399 399 399 399 399 400 400 400 400 400 400 ]

Running merge sort algorithm: 
Timer (sort): 1ms real	0ms user	0ms sys
The output is sorted!
[ 0 0 0 0 0 0 0 0 0 0 0 0 0 0 0 0 0 0 0 0 0 0 0 0 1 ]
[ 0 0 0 0 0 0 0 0 0 0 0 0 0 0 0 0 0 0 0 0 0 0 0 1 1 ]
[ 0 0 0 0 0 0 0 0 0 0 0 0 0 0 0 0 0 0 0 0 0 0 1 1 1 ]
[ 0 0 0 0 0 0 0 0 0 0 0 0 0 0 0 0 0 0 0 0 0 1 1 1 1 ]
[ 0 0 0 0 0 0 0 0 0 0 0 0 0 0 0 0 0 0 0 0 1 1 1 1 1 ]
[ 0 0 0 0 0 0 0 0 0 0 0 0 0 0 0 0 0 0 0 1 1 1 1 1 1 ]
[ 0 0 0 0 0 0 0 0 0 0 0 0 0 0 0 0 0 0 1 1 1 1 1 1 1 ]
[ 0 0 0 0 0 0 0 0 0 0 0 0 0 0 0 0 0 1 1 1 1 1 1 1 1 ]
[ 0 0 0 0 0 0 0 0 0 0 0 0 0 0 0 0 1 1 1 1 1 1 1 1 1 ]
[ 0 0 0 0 0 0 0 0 0 0 0 0 0 0 0 1 1 1 1 1 1 1 1 1 1 ]
[ 0 0 0 0 0 0 0 0 0 0 0 0 0 0 1 1 1 1 1 1 1 1 1 1 1 ]
[ 0 0 0 0 0 0 0 0 0 0 0 0 0 1 1 1 1 1 1 1 1 1 1 1 1 ]
[ 0 0 0 0 0 0 0 0 0 0 0 0 1 1 1 1 1 1 1 1 1 1 1 1 1 ]
[ 0 0 0 0 0 0 0 0 0 0 0 1 1 1 1 1 1 1 1 1 1 1 1 1 1 ]
[ 0 0 0 0 0 0 0 0 0 0 1 1 1 1 1 1 1 1 1 1 1 1 1 1 1 ]
[ 0 0 0 0 0 0 0 0 0 1 1 1 1 1 1 1 1 1 1 1 1 1 1 1 1 ]
[ 0 0 0 0 0 0 0 0 1 1 1 1 1 1 1 1 1 1 1 1 1 1 1 1 1 ]
[ 0 0 0 0 0 0 0 1 1 1 1 1 1 1 1 1 1 1 1 1 1 1 1 1 1 ]
[ 0 0 0 0 0 0 1 1 1 1 1 1 1 1 1 1 1 1 1 1 1 1 1 1 1 ]
[ 0 0 0 0 0 1 1 1 1 1 1 1 1 1 1 1 1 1 1 1 1 1 1 1 1 ]

Timer (generate): 2ms real	0ms user	0ms sys
[ 400 400 400 400 400 400 400 400 400 400 400 400 400 400 400 400 400 400 400 400 400 400 400 400 400 ]
[ 399 400 400 400 400 400 400 400 400 400 400 400 400 400 400 400 400 400 400 400 400 400 400 400 400 ]
[ 399 399 400 400 400 400 400 400 400 400 400 400 400 400 400 400 400 400 400 400 400 400 400 400 400 ]
[ 399 399 399 400 400 400 400 400 400 400 400 400 400 400 400 400 400 400 400 400 400 400 400 400 400 ]
[ 399 399 399 399 400 400 400 400 400 400 400 400 400 400 400 400 400 400 400 400 400 400 400 400 400 ]
[ 399 399 399 399 399 400 400 400 400 400 400 400 400 400 400 400 400 400 400 400 400 400 400 400 400 ]
[ 399 399 399 399 399 399 400 400 400 400 400 400 400 400 400 400 400 400 400 400 400 400 400 400 400 ]
[ 399 399 399 399 399 399 399 400 400 400 400 400 400 400 400 400 400 400 400 400 400 400 400 400 400 ]
[ 399 399 399 399 399 399 399 399 400 400 400 400 400 400 400 400 400 400 400 400 400 400 400 400 400 ]
[ 399 399 399 399 399 399 399 399 399 400 400 400 400 400 400 400 400 400 400 400 400 400 400 400 400 ]
[ 399 399 399 399 399 399 399 399 399 399 400 400 400 400 400 400 400 400 400 400 400 400 400 400 400 ]
[ 399 399 399 399 399 399 399 399 399 399 399 400 400 400 400 400 400 400 400 400 400 400 400 400 400 ]
[ 399 399 399 399 399 399 399 399 399 399 399 399 400 400 400 400 400 400 400 400 400 400 400 400 400 ]
[ 399 399 399 399 399 399 399 399 399 399 399 399 399 400 400 400 400 400 400 400 400 400 400 400 400 ]
[ 399 399 399 399 399 399 399 399 399 399 399 399 399 399 400 400 400 400 400 400 400 400 400 400 400 ]
[ 399 399 399 399 399 399 399 399 399 399 399 399 399 399 399 400 400 400 400 400 400 400 400 400 400 ]
[ 399 399 399 399 399 399 399 399 399 399 399 399 399 399 399 399 400 400 400 400 400 400 400 400 400 ]
[ 399 399 399 399 399 399 399 399 399 399 399 399 399 399 399 399 399 400 400 400 400 400 400 400 400 ]
[ 399 399 399 399 399 399 399 399 399 399 399 399 399 399 399 399 399 399 400 400 400 400 400 400 400 ]
[ 399 399 399 399 399 399 399 399 399 399 399 399 399 399 399 399 399 399 399 400 400 400 400 400 400 ]

Running merge sort algorithm: 
Timer (sort): 2ms real	0ms user	0ms sys
The output is sorted!
[ 0 0 0 0 0 0 0 0 0 0 0 0 0 0 0 0 0 0 0 0 0 0 0 0 1 ]
[ 0 0 0 0 0 0 0 0 0 0 0 0 0 0 0 0 0 0 0 0 0 0 0 1 1 ]
[ 0 0 0 0 0 0 0 0 0 0 0 0 0 0 0 0 0 0 0 0 0 0 1 1 1 ]
[ 0 0 0 0 0 0 0 0 0 0 0 0 0 0 0 0 0 0 0 0 0 1 1 1 1 ]
[ 0 0 0 0 0 0 0 0 0 0 0 0 0 0 0 0 0 0 0 0 1 1 1 1 1 ]
[ 0 0 0 0 0 0 0 0 0 0 0 0 0 0 0 0 0 0 0 1 1 1 1 1 1 ]
[ 0 0 0 0 0 0 0 0 0 0 0 0 0 0 0 0 0 0 1 1 1 1 1 1 1 ]
[ 0 0 0 0 0 0 0 0 0 0 0 0 0 0 0 0 0 1 1 1 1 1 1 1 1 ]
[ 0 0 0 0 0 0 0 0 0 0 0 0 0 0 0 0 1 1 1 1 1 1 1 1 1 ]
[ 0 0 0 0 0 0 0 0 0 0 0 0 0 0 0 1 1 1 1 1 1 1 1 1 1 ]
[ 0 0 0 0 0 0 0 0 0 0 0 0 0 0 1 1 1 1 1 1 1 1 1 1 1 ]
[ 0 0 0 0 0 0 0 0 0 0 0 0 0 1 1 1 1 1 1 1 1 1 1 1 1 ]
[ 0 0 0 0 0 0 0 0 0 0 0 0 1 1 1 1 1 1 1 1 1 1 1 1 1 ]
[ 0 0 0 0 0 0 0 0 0 0 0 1 1 1 1 1 1 1 1 1 1 1 1 1 1 ]
[ 0 0 0 0 0 0 0 0 0 0 1 1 1 1 1 1 1 1 1 1 1 1 1 1 1 ]
[ 0 0 0 0 0 0 0 0 0 1 1 1 1 1 1 1 1 1 1 1 1 1 1 1 1 ]
[ 0 0 0 0 0 0 0 0 1 1 1 1 1 1 1 1 1 1 1 1 1 1 1 1 1 ]
[ 0 0 0 0 0 0 0 1 1 1 1 1 1 1 1 1 1 1 1 1 1 1 1 1 1 ]
[ 0 0 0 0 0 0 1 1 1 1 1 1 1 1 1 1 1 1 1 1 1 1 1 1 1 ]
[ 0 0 0 0 0 1 1 1 1 1 1 1 1 1 1 1 1 1 1 1 1 1 1 1 1 ]

Timer (generate): 2ms real	0ms user	0ms sys
[ 400 400 400 400 400 400 400 400 400 400 400 400 400 400 400 400 400 400 400 400 400 400 400 400 400 ]
[ 399 400 400 400 400 400 400 400 400 400 400 400 400 400 400 400 400 400 400 400 400 400 400 400 400 ]
[ 399 399 400 400 400 400 400 400 400 400 400 400 400 400 400 400 400 400 400 400 400 400 400 400 400 ]
[ 399 399 399 400 400 400 400 400 400 400 400 400 400 400 400 400 400 400 400 400 400 400 400 400 400 ]
[ 399 399 399 399 400 400 400 400 400 400 400 400 400 400 400 400 400 400 400 400 400 400 400 400 400 ]
[ 399 399 399 399 399 400 400 400 400 400 400 400 400 400 400 400 400 400 400 400 400 400 400 400 400 ]
[ 399 399 399 399 399 399 400 400 400 400 400 400 400 400 400 400 400 400 400 400 400 400 400 400 400 ]
[ 399 399 399 399 399 399 399 400 400 400 400 400 400 400 400 400 400 400 400 400 400 400 400 400 400 ]
[ 399 399 399 399 399 399 399 399 400 400 400 400 400 400 400 400 400 400 400 400 400 400 400 400 400 ]
[ 399 399 399 399 399 399 399 399 399 400 400 400 400 400 400 400 400 400 400 400 400 400 400 400 400 ]
[ 399 399 399 399 399 399 399 399 399 399 400 400 400 400 400 400 400 400 400 400 400 400 400 400 400 ]
[ 399 399 399 399 399 399 399 399 399 399 399 400 400 400 400 400 400 400 400 400 400 400 400 400 400 ]
[ 399 399 399 399 399 399 399 399 399 399 399 399 400 400 400 400 400 400 400 400 400 400 400 400 400 ]
[ 399 399 399 399 399 399 399 399 399 399 399 399 399 400 400 400 400 400 400 400 400 400 400 400 400 ]
[ 399 399 399 399 399 399 399 399 399 399 399 399 399 399 400 400 400 400 400 400 400 400 400 400 400 ]
[ 399 399 399 399 399 399 399 399 399 399 399 399 399 399 399 400 400 400 400 400 400 400 400 400 400 ]
[ 399 399 399 399 399 399 399 399 399 399 399 399 399 399 399 399 400 400 400 400 400 400 400 400 400 ]
[ 399 399 399 399 399 399 399 399 399 399 399 399 399 399 399 399 399 400 400 400 400 400 400 400 400 ]
[ 399 399 399 399 399 399 399 399 399 399 399 399 399 399 399 399 399 399 400 400 400 400 400 400 400 ]
[ 399 399 399 399 399 399 399 399 399 399 399 399 399 399 399 399 399 399 399 400 400 400 400 400 400 ]

Running merge sort algorithm: 
Timer (sort): 1ms real	0ms user	0ms sys
The output is sorted!
[ 0 0 0 0 0 0 0 0 0 0 0 0 0 0 0 0 0 0 0 0 0 0 0 0 1 ]
[ 0 0 0 0 0 0 0 0 0 0 0 0 0 0 0 0 0 0 0 0 0 0 0 1 1 ]
[ 0 0 0 0 0 0 0 0 0 0 0 0 0 0 0 0 0 0 0 0 0 0 1 1 1 ]
[ 0 0 0 0 0 0 0 0 0 0 0 0 0 0 0 0 0 0 0 0 0 1 1 1 1 ]
[ 0 0 0 0 0 0 0 0 0 0 0 0 0 0 0 0 0 0 0 0 1 1 1 1 1 ]
[ 0 0 0 0 0 0 0 0 0 0 0 0 0 0 0 0 0 0 0 1 1 1 1 1 1 ]
[ 0 0 0 0 0 0 0 0 0 0 0 0 0 0 0 0 0 0 1 1 1 1 1 1 1 ]
[ 0 0 0 0 0 0 0 0 0 0 0 0 0 0 0 0 0 1 1 1 1 1 1 1 1 ]
[ 0 0 0 0 0 0 0 0 0 0 0 0 0 0 0 0 1 1 1 1 1 1 1 1 1 ]
[ 0 0 0 0 0 0 0 0 0 0 0 0 0 0 0 1 1 1 1 1 1 1 1 1 1 ]
[ 0 0 0 0 0 0 0 0 0 0 0 0 0 0 1 1 1 1 1 1 1 1 1 1 1 ]
[ 0 0 0 0 0 0 0 0 0 0 0 0 0 1 1 1 1 1 1 1 1 1 1 1 1 ]
[ 0 0 0 0 0 0 0 0 0 0 0 0 1 1 1 1 1 1 1 1 1 1 1 1 1 ]
[ 0 0 0 0 0 0 0 0 0 0 0 1 1 1 1 1 1 1 1 1 1 1 1 1 1 ]
[ 0 0 0 0 0 0 0 0 0 0 1 1 1 1 1 1 1 1 1 1 1 1 1 1 1 ]
[ 0 0 0 0 0 0 0 0 0 1 1 1 1 1 1 1 1 1 1 1 1 1 1 1 1 ]
[ 0 0 0 0 0 0 0 0 1 1 1 1 1 1 1 1 1 1 1 1 1 1 1 1 1 ]
[ 0 0 0 0 0 0 0 1 1 1 1 1 1 1 1 1 1 1 1 1 1 1 1 1 1 ]
[ 0 0 0 0 0 0 1 1 1 1 1 1 1 1 1 1 1 1 1 1 1 1 1 1 1 ]
[ 0 0 0 0 0 1 1 1 1 1 1 1 1 1 1 1 1 1 1 1 1 1 1 1 1 ]

Timer (generate): 2ms real	0ms user	0ms sys
[ 400 400 400 400 400 400 400 400 400 400 400 400 400 400 400 400 400 400 400 400 400 400 400 400 400 ]
[ 399 400 400 400 400 400 400 400 400 400 400 400 400 400 400 400 400 400 400 400 400 400 400 400 400 ]
[ 399 399 400 400 400 400 400 400 400 400 400 400 400 400 400 400 400 400 400 400 400 400 400 400 400 ]
[ 399 399 399 400 400 400 400 400 400 400 400 400 400 400 400 400 400 400 400 400 400 400 400 400 400 ]
[ 399 399 399 399 400 400 400 400 400 400 400 400 400 400 400 400 400 400 400 400 400 400 400 400 400 ]
[ 399 399 399 399 399 400 400 400 400 400 400 400 400 400 400 400 400 400 400 400 400 400 400 400 400 ]
[ 399 399 399 399 399 399 400 400 400 400 400 400 400 400 400 400 400 400 400 400 400 400 400 400 400 ]
[ 399 399 399 399 399 399 399 400 400 400 400 400 400 400 400 400 400 400 400 400 400 400 400 400 400 ]
[ 399 399 399 399 399 399 399 399 400 400 400 400 400 400 400 400 400 400 400 400 400 400 400 400 400 ]
[ 399 399 399 399 399 399 399 399 399 400 400 400 400 400 400 400 400 400 400 400 400 400 400 400 400 ]
[ 399 399 399 399 399 399 399 399 399 399 400 400 400 400 400 400 400 400 400 400 400 400 400 400 400 ]
[ 399 399 399 399 399 399 399 399 399 399 399 400 400 400 400 400 400 400 400 400 400 400 400 400 400 ]
[ 399 399 399 399 399 399 399 399 399 399 399 399 400 400 400 400 400 400 400 400 400 400 400 400 400 ]
[ 399 399 399 399 399 399 399 399 399 399 399 399 399 400 400 400 400 400 400 400 400 400 400 400 400 ]
[ 399 399 399 399 399 399 399 399 399 399 399 399 399 399 400 400 400 400 400 400 400 400 400 400 400 ]
[ 399 399 399 399 399 399 399 399 399 399 399 399 399 399 399 400 400 400 400 400 400 400 400 400 400 ]
[ 399 399 399 399 399 399 399 399 399 399 399 399 399 399 399 399 400 400 400 400 400 400 400 400 400 ]
[ 399 399 399 399 399 399 399 399 399 399 399 399 399 399 399 399 399 400 400 400 400 400 400 400 400 ]
[ 399 399 399 399 399 399 399 399 399 399 399 399 399 399 399 399 399 399 400 400 400 400 400 400 400 ]
[ 399 399 399 399 399 399 399 399 399 399 399 399 399 399 399 399 399 399 399 400 400 400 400 400 400 ]

Running merge sort algorithm: 
Timer (sort): 1ms real	0ms user	0ms sys
The output is sorted!
[ 0 0 0 0 0 0 0 0 0 0 0 0 0 0 0 0 0 0 0 0 0 0 0 0 1 ]
[ 0 0 0 0 0 0 0 0 0 0 0 0 0 0 0 0 0 0 0 0 0 0 0 1 1 ]
[ 0 0 0 0 0 0 0 0 0 0 0 0 0 0 0 0 0 0 0 0 0 0 1 1 1 ]
[ 0 0 0 0 0 0 0 0 0 0 0 0 0 0 0 0 0 0 0 0 0 1 1 1 1 ]
[ 0 0 0 0 0 0 0 0 0 0 0 0 0 0 0 0 0 0 0 0 1 1 1 1 1 ]
[ 0 0 0 0 0 0 0 0 0 0 0 0 0 0 0 0 0 0 0 1 1 1 1 1 1 ]
[ 0 0 0 0 0 0 0 0 0 0 0 0 0 0 0 0 0 0 1 1 1 1 1 1 1 ]
[ 0 0 0 0 0 0 0 0 0 0 0 0 0 0 0 0 0 1 1 1 1 1 1 1 1 ]
[ 0 0 0 0 0 0 0 0 0 0 0 0 0 0 0 0 1 1 1 1 1 1 1 1 1 ]
[ 0 0 0 0 0 0 0 0 0 0 0 0 0 0 0 1 1 1 1 1 1 1 1 1 1 ]
[ 0 0 0 0 0 0 0 0 0 0 0 0 0 0 1 1 1 1 1 1 1 1 1 1 1 ]
[ 0 0 0 0 0 0 0 0 0 0 0 0 0 1 1 1 1 1 1 1 1 1 1 1 1 ]
[ 0 0 0 0 0 0 0 0 0 0 0 0 1 1 1 1 1 1 1 1 1 1 1 1 1 ]
[ 0 0 0 0 0 0 0 0 0 0 0 1 1 1 1 1 1 1 1 1 1 1 1 1 1 ]
[ 0 0 0 0 0 0 0 0 0 0 1 1 1 1 1 1 1 1 1 1 1 1 1 1 1 ]
[ 0 0 0 0 0 0 0 0 0 1 1 1 1 1 1 1 1 1 1 1 1 1 1 1 1 ]
[ 0 0 0 0 0 0 0 0 1 1 1 1 1 1 1 1 1 1 1 1 1 1 1 1 1 ]
[ 0 0 0 0 0 0 0 1 1 1 1 1 1 1 1 1 1 1 1 1 1 1 1 1 1 ]
[ 0 0 0 0 0 0 1 1 1 1 1 1 1 1 1 1 1 1 1 1 1 1 1 1 1 ]
[ 0 0 0 0 0 1 1 1 1 1 1 1 1 1 1 1 1 1 1 1 1 1 1 1 1 ]

Timer (generate): 2ms real	0ms user	0ms sys
[ 400 400 400 400 400 400 400 400 400 400 400 400 400 400 400 400 400 400 400 400 400 400 400 400 400 ]
[ 399 400 400 400 400 400 400 400 400 400 400 400 400 400 400 400 400 400 400 400 400 400 400 400 400 ]
[ 399 399 400 400 400 400 400 400 400 400 400 400 400 400 400 400 400 400 400 400 400 400 400 400 400 ]
[ 399 399 399 400 400 400 400 400 400 400 400 400 400 400 400 400 400 400 400 400 400 400 400 400 400 ]
[ 399 399 399 399 400 400 400 400 400 400 400 400 400 400 400 400 400 400 400 400 400 400 400 400 400 ]
[ 399 399 399 399 399 400 400 400 400 400 400 400 400 400 400 400 400 400 400 400 400 400 400 400 400 ]
[ 399 399 399 399 399 399 400 400 400 400 400 400 400 400 400 400 400 400 400 400 400 400 400 400 400 ]
[ 399 399 399 399 399 399 399 400 400 400 400 400 400 400 400 400 400 400 400 400 400 400 400 400 400 ]
[ 399 399 399 399 399 399 399 399 400 400 400 400 400 400 400 400 400 400 400 400 400 400 400 400 400 ]
[ 399 399 399 399 399 399 399 399 399 400 400 400 400 400 400 400 400 400 400 400 400 400 400 400 400 ]
[ 399 399 399 399 399 399 399 399 399 399 400 400 400 400 400 400 400 400 400 400 400 400 400 400 400 ]
[ 399 399 399 399 399 399 399 399 399 399 399 400 400 400 400 400 400 400 400 400 400 400 400 400 400 ]
[ 399 399 399 399 399 399 399 399 399 399 399 399 400 400 400 400 400 400 400 400 400 400 400 400 400 ]
[ 399 399 399 399 399 399 399 399 399 399 399 399 399 400 400 400 400 400 400 400 400 400 400 400 400 ]
[ 399 399 399 399 399 399 399 399 399 399 399 399 399 399 400 400 400 400 400 400 400 400 400 400 400 ]
[ 399 399 399 399 399 399 399 399 399 399 399 399 399 399 399 400 400 400 400 400 400 400 400 400 400 ]
[ 399 399 399 399 399 399 399 399 399 399 399 399 399 399 399 399 400 400 400 400 400 400 400 400 400 ]
[ 399 399 399 399 399 399 399 399 399 399 399 399 399 399 399 399 399 400 400 400 400 400 400 400 400 ]
[ 399 399 399 399 399 399 399 399 399 399 399 399 399 399 399 399 399 399 400 400 400 400 400 400 400 ]
[ 399 399 399 399 399 399 399 399 399 399 399 399 399 399 399 399 399 399 399 400 400 400 400 400 400 ]

Running merge sort algorithm: 
Timer (sort): 1ms real	10ms user	0ms sys
The output is sorted!
[ 0 0 0 0 0 0 0 0 0 0 0 0 0 0 0 0 0 0 0 0 0 0 0 0 1 ]
[ 0 0 0 0 0 0 0 0 0 0 0 0 0 0 0 0 0 0 0 0 0 0 0 1 1 ]
[ 0 0 0 0 0 0 0 0 0 0 0 0 0 0 0 0 0 0 0 0 0 0 1 1 1 ]
[ 0 0 0 0 0 0 0 0 0 0 0 0 0 0 0 0 0 0 0 0 0 1 1 1 1 ]
[ 0 0 0 0 0 0 0 0 0 0 0 0 0 0 0 0 0 0 0 0 1 1 1 1 1 ]
[ 0 0 0 0 0 0 0 0 0 0 0 0 0 0 0 0 0 0 0 1 1 1 1 1 1 ]
[ 0 0 0 0 0 0 0 0 0 0 0 0 0 0 0 0 0 0 1 1 1 1 1 1 1 ]
[ 0 0 0 0 0 0 0 0 0 0 0 0 0 0 0 0 0 1 1 1 1 1 1 1 1 ]
[ 0 0 0 0 0 0 0 0 0 0 0 0 0 0 0 0 1 1 1 1 1 1 1 1 1 ]
[ 0 0 0 0 0 0 0 0 0 0 0 0 0 0 0 1 1 1 1 1 1 1 1 1 1 ]
[ 0 0 0 0 0 0 0 0 0 0 0 0 0 0 1 1 1 1 1 1 1 1 1 1 1 ]
[ 0 0 0 0 0 0 0 0 0 0 0 0 0 1 1 1 1 1 1 1 1 1 1 1 1 ]
[ 0 0 0 0 0 0 0 0 0 0 0 0 1 1 1 1 1 1 1 1 1 1 1 1 1 ]
[ 0 0 0 0 0 0 0 0 0 0 0 1 1 1 1 1 1 1 1 1 1 1 1 1 1 ]
[ 0 0 0 0 0 0 0 0 0 0 1 1 1 1 1 1 1 1 1 1 1 1 1 1 1 ]
[ 0 0 0 0 0 0 0 0 0 1 1 1 1 1 1 1 1 1 1 1 1 1 1 1 1 ]
[ 0 0 0 0 0 0 0 0 1 1 1 1 1 1 1 1 1 1 1 1 1 1 1 1 1 ]
[ 0 0 0 0 0 0 0 1 1 1 1 1 1 1 1 1 1 1 1 1 1 1 1 1 1 ]
[ 0 0 0 0 0 0 1 1 1 1 1 1 1 1 1 1 1 1 1 1 1 1 1 1 1 ]
[ 0 0 0 0 0 1 1 1 1 1 1 1 1 1 1 1 1 1 1 1 1 1 1 1 1 ]

Timer (generate): 1ms real	0ms user	0ms sys
[ 400 400 400 400 400 400 400 400 400 400 400 400 400 400 400 400 400 400 400 400 400 400 400 400 400 ]
[ 399 400 400 400 400 400 400 400 400 400 400 400 400 400 400 400 400 400 400 400 400 400 400 400 400 ]
[ 399 399 400 400 400 400 400 400 400 400 400 400 400 400 400 400 400 400 400 400 400 400 400 400 400 ]
[ 399 399 399 400 400 400 400 400 400 400 400 400 400 400 400 400 400 400 400 400 400 400 400 400 400 ]
[ 399 399 399 399 400 400 400 400 400 400 400 400 400 400 400 400 400 400 400 400 400 400 400 400 400 ]
[ 399 399 399 399 399 400 400 400 400 400 400 400 400 400 400 400 400 400 400 400 400 400 400 400 400 ]
[ 399 399 399 399 399 399 400 400 400 400 400 400 400 400 400 400 400 400 400 400 400 400 400 400 400 ]
[ 399 399 399 399 399 399 399 400 400 400 400 400 400 400 400 400 400 400 400 400 400 400 400 400 400 ]
[ 399 399 399 399 399 399 399 399 400 400 400 400 400 400 400 400 400 400 400 400 400 400 400 400 400 ]
[ 399 399 399 399 399 399 399 399 399 400 400 400 400 400 400 400 400 400 400 400 400 400 400 400 400 ]
[ 399 399 399 399 399 399 399 399 399 399 400 400 400 400 400 400 400 400 400 400 400 400 400 400 400 ]
[ 399 399 399 399 399 399 399 399 399 399 399 400 400 400 400 400 400 400 400 400 400 400 400 400 400 ]
[ 399 399 399 399 399 399 399 399 399 399 399 399 400 400 400 400 400 400 400 400 400 400 400 400 400 ]
[ 399 399 399 399 399 399 399 399 399 399 399 399 399 400 400 400 400 400 400 400 400 400 400 400 400 ]
[ 399 399 399 399 399 399 399 399 399 399 399 399 399 399 400 400 400 400 400 400 400 400 400 400 400 ]
[ 399 399 399 399 399 399 399 399 399 399 399 399 399 399 399 400 400 400 400 400 400 400 400 400 400 ]
[ 399 399 399 399 399 399 399 399 399 399 399 399 399 399 399 399 400 400 400 400 400 400 400 400 400 ]
[ 399 399 399 399 399 399 399 399 399 399 399 399 399 399 399 399 399 400 400 400 400 400 400 400 400 ]
[ 399 399 399 399 399 399 399 399 399 399 399 399 399 399 399 399 399 399 400 400 400 400 400 400 400 ]
[ 399 399 399 399 399 399 399 399 399 399 399 399 399 399 399 399 399 399 399 400 400 400 400 400 400 ]

Running merge sort algorithm: 
Timer (sort): 1ms real	0ms user	0ms sys
The output is sorted!
[ 0 0 0 0 0 0 0 0 0 0 0 0 0 0 0 0 0 0 0 0 0 0 0 0 1 ]
[ 0 0 0 0 0 0 0 0 0 0 0 0 0 0 0 0 0 0 0 0 0 0 0 1 1 ]
[ 0 0 0 0 0 0 0 0 0 0 0 0 0 0 0 0 0 0 0 0 0 0 1 1 1 ]
[ 0 0 0 0 0 0 0 0 0 0 0 0 0 0 0 0 0 0 0 0 0 1 1 1 1 ]
[ 0 0 0 0 0 0 0 0 0 0 0 0 0 0 0 0 0 0 0 0 1 1 1 1 1 ]
[ 0 0 0 0 0 0 0 0 0 0 0 0 0 0 0 0 0 0 0 1 1 1 1 1 1 ]
[ 0 0 0 0 0 0 0 0 0 0 0 0 0 0 0 0 0 0 1 1 1 1 1 1 1 ]
[ 0 0 0 0 0 0 0 0 0 0 0 0 0 0 0 0 0 1 1 1 1 1 1 1 1 ]
[ 0 0 0 0 0 0 0 0 0 0 0 0 0 0 0 0 1 1 1 1 1 1 1 1 1 ]
[ 0 0 0 0 0 0 0 0 0 0 0 0 0 0 0 1 1 1 1 1 1 1 1 1 1 ]
[ 0 0 0 0 0 0 0 0 0 0 0 0 0 0 1 1 1 1 1 1 1 1 1 1 1 ]
[ 0 0 0 0 0 0 0 0 0 0 0 0 0 1 1 1 1 1 1 1 1 1 1 1 1 ]
[ 0 0 0 0 0 0 0 0 0 0 0 0 1 1 1 1 1 1 1 1 1 1 1 1 1 ]
[ 0 0 0 0 0 0 0 0 0 0 0 1 1 1 1 1 1 1 1 1 1 1 1 1 1 ]
[ 0 0 0 0 0 0 0 0 0 0 1 1 1 1 1 1 1 1 1 1 1 1 1 1 1 ]
[ 0 0 0 0 0 0 0 0 0 1 1 1 1 1 1 1 1 1 1 1 1 1 1 1 1 ]
[ 0 0 0 0 0 0 0 0 1 1 1 1 1 1 1 1 1 1 1 1 1 1 1 1 1 ]
[ 0 0 0 0 0 0 0 1 1 1 1 1 1 1 1 1 1 1 1 1 1 1 1 1 1 ]
[ 0 0 0 0 0 0 1 1 1 1 1 1 1 1 1 1 1 1 1 1 1 1 1 1 1 ]
[ 0 0 0 0 0 1 1 1 1 1 1 1 1 1 1 1 1 1 1 1 1 1 1 1 1 ]

Timer (generate): 3ms real	0ms user	0ms sys
[ 400 400 400 400 400 400 400 400 400 400 400 400 400 400 400 400 400 400 400 400 400 400 400 400 400 ]
[ 399 400 400 400 400 400 400 400 400 400 400 400 400 400 400 400 400 400 400 400 400 400 400 400 400 ]
[ 399 399 400 400 400 400 400 400 400 400 400 400 400 400 400 400 400 400 400 400 400 400 400 400 400 ]
[ 399 399 399 400 400 400 400 400 400 400 400 400 400 400 400 400 400 400 400 400 400 400 400 400 400 ]
[ 399 399 399 399 400 400 400 400 400 400 400 400 400 400 400 400 400 400 400 400 400 400 400 400 400 ]
[ 399 399 399 399 399 400 400 400 400 400 400 400 400 400 400 400 400 400 400 400 400 400 400 400 400 ]
[ 399 399 399 399 399 399 400 400 400 400 400 400 400 400 400 400 400 400 400 400 400 400 400 400 400 ]
[ 399 399 399 399 399 399 399 400 400 400 400 400 400 400 400 400 400 400 400 400 400 400 400 400 400 ]
[ 399 399 399 399 399 399 399 399 400 400 400 400 400 400 400 400 400 400 400 400 400 400 400 400 400 ]
[ 399 399 399 399 399 399 399 399 399 400 400 400 400 400 400 400 400 400 400 400 400 400 400 400 400 ]
[ 399 399 399 399 399 399 399 399 399 399 400 400 400 400 400 400 400 400 400 400 400 400 400 400 400 ]
[ 399 399 399 399 399 399 399 399 399 399 399 400 400 400 400 400 400 400 400 400 400 400 400 400 400 ]
[ 399 399 399 399 399 399 399 399 399 399 399 399 400 400 400 400 400 400 400 400 400 400 400 400 400 ]
[ 399 399 399 399 399 399 399 399 399 399 399 399 399 400 400 400 400 400 400 400 400 400 400 400 400 ]
[ 399 399 399 399 399 399 399 399 399 399 399 399 399 399 400 400 400 400 400 400 400 400 400 400 400 ]
[ 399 399 399 399 399 399 399 399 399 399 399 399 399 399 399 400 400 400 400 400 400 400 400 400 400 ]
[ 399 399 399 399 399 399 399 399 399 399 399 399 399 399 399 399 400 400 400 400 400 400 400 400 400 ]
[ 399 399 399 399 399 399 399 399 399 399 399 399 399 399 399 399 399 400 400 400 400 400 400 400 400 ]
[ 399 399 399 399 399 399 399 399 399 399 399 399 399 399 399 399 399 399 400 400 400 400 400 400 400 ]
[ 399 399 399 399 399 399 399 399 399 399 399 399 399 399 399 399 399 399 399 400 400 400 400 400 400 ]

Running merge sort algorithm: 
Timer (sort): 2ms real	0ms user	0ms sys
The output is sorted!
[ 0 0 0 0 0 0 0 0 0 0 0 0 0 0 0 0 0 0 0 0 0 0 0 0 1 ]
[ 0 0 0 0 0 0 0 0 0 0 0 0 0 0 0 0 0 0 0 0 0 0 0 1 1 ]
[ 0 0 0 0 0 0 0 0 0 0 0 0 0 0 0 0 0 0 0 0 0 0 1 1 1 ]
[ 0 0 0 0 0 0 0 0 0 0 0 0 0 0 0 0 0 0 0 0 0 1 1 1 1 ]
[ 0 0 0 0 0 0 0 0 0 0 0 0 0 0 0 0 0 0 0 0 1 1 1 1 1 ]
[ 0 0 0 0 0 0 0 0 0 0 0 0 0 0 0 0 0 0 0 1 1 1 1 1 1 ]
[ 0 0 0 0 0 0 0 0 0 0 0 0 0 0 0 0 0 0 1 1 1 1 1 1 1 ]
[ 0 0 0 0 0 0 0 0 0 0 0 0 0 0 0 0 0 1 1 1 1 1 1 1 1 ]
[ 0 0 0 0 0 0 0 0 0 0 0 0 0 0 0 0 1 1 1 1 1 1 1 1 1 ]
[ 0 0 0 0 0 0 0 0 0 0 0 0 0 0 0 1 1 1 1 1 1 1 1 1 1 ]
[ 0 0 0 0 0 0 0 0 0 0 0 0 0 0 1 1 1 1 1 1 1 1 1 1 1 ]
[ 0 0 0 0 0 0 0 0 0 0 0 0 0 1 1 1 1 1 1 1 1 1 1 1 1 ]
[ 0 0 0 0 0 0 0 0 0 0 0 0 1 1 1 1 1 1 1 1 1 1 1 1 1 ]
[ 0 0 0 0 0 0 0 0 0 0 0 1 1 1 1 1 1 1 1 1 1 1 1 1 1 ]
[ 0 0 0 0 0 0 0 0 0 0 1 1 1 1 1 1 1 1 1 1 1 1 1 1 1 ]
[ 0 0 0 0 0 0 0 0 0 1 1 1 1 1 1 1 1 1 1 1 1 1 1 1 1 ]
[ 0 0 0 0 0 0 0 0 1 1 1 1 1 1 1 1 1 1 1 1 1 1 1 1 1 ]
[ 0 0 0 0 0 0 0 1 1 1 1 1 1 1 1 1 1 1 1 1 1 1 1 1 1 ]
[ 0 0 0 0 0 0 1 1 1 1 1 1 1 1 1 1 1 1 1 1 1 1 1 1 1 ]
[ 0 0 0 0 0 1 1 1 1 1 1 1 1 1 1 1 1 1 1 1 1 1 1 1 1 ]

Timer (generate): 2ms real	0ms user	0ms sys
[ 400 400 400 400 400 400 400 400 400 400 400 400 400 400 400 400 400 400 400 400 400 400 400 400 400 ]
[ 399 400 400 400 400 400 400 400 400 400 400 400 400 400 400 400 400 400 400 400 400 400 400 400 400 ]
[ 399 399 400 400 400 400 400 400 400 400 400 400 400 400 400 400 400 400 400 400 400 400 400 400 400 ]
[ 399 399 399 400 400 400 400 400 400 400 400 400 400 400 400 400 400 400 400 400 400 400 400 400 400 ]
[ 399 399 399 399 400 400 400 400 400 400 400 400 400 400 400 400 400 400 400 400 400 400 400 400 400 ]
[ 399 399 399 399 399 400 400 400 400 400 400 400 400 400 400 400 400 400 400 400 400 400 400 400 400 ]
[ 399 399 399 399 399 399 400 400 400 400 400 400 400 400 400 400 400 400 400 400 400 400 400 400 400 ]
[ 399 399 399 399 399 399 399 400 400 400 400 400 400 400 400 400 400 400 400 400 400 400 400 400 400 ]
[ 399 399 399 399 399 399 399 399 400 400 400 400 400 400 400 400 400 400 400 400 400 400 400 400 400 ]
[ 399 399 399 399 399 399 399 399 399 400 400 400 400 400 400 400 400 400 400 400 400 400 400 400 400 ]
[ 399 399 399 399 399 399 399 399 399 399 400 400 400 400 400 400 400 400 400 400 400 400 400 400 400 ]
[ 399 399 399 399 399 399 399 399 399 399 399 400 400 400 400 400 400 400 400 400 400 400 400 400 400 ]
[ 399 399 399 399 399 399 399 399 399 399 399 399 400 400 400 400 400 400 400 400 400 400 400 400 400 ]
[ 399 399 399 399 399 399 399 399 399 399 399 399 399 400 400 400 400 400 400 400 400 400 400 400 400 ]
[ 399 399 399 399 399 399 399 399 399 399 399 399 399 399 400 400 400 400 400 400 400 400 400 400 400 ]
[ 399 399 399 399 399 399 399 399 399 399 399 399 399 399 399 400 400 400 400 400 400 400 400 400 400 ]
[ 399 399 399 399 399 399 399 399 399 399 399 399 399 399 399 399 400 400 400 400 400 400 400 400 400 ]
[ 399 399 399 399 399 399 399 399 399 399 399 399 399 399 399 399 399 400 400 400 400 400 400 400 400 ]
[ 399 399 399 399 399 399 399 399 399 399 399 399 399 399 399 399 399 399 400 400 400 400 400 400 400 ]
[ 399 399 399 399 399 399 399 399 399 399 399 399 399 399 399 399 399 399 399 400 400 400 400 400 400 ]

Running merge sort algorithm: 
Timer (sort): 5ms real	0ms user	0ms sys
The output is sorted!
[ 0 0 0 0 0 0 0 0 0 0 0 0 0 0 0 0 0 0 0 0 0 0 0 0 1 ]
[ 0 0 0 0 0 0 0 0 0 0 0 0 0 0 0 0 0 0 0 0 0 0 0 1 1 ]
[ 0 0 0 0 0 0 0 0 0 0 0 0 0 0 0 0 0 0 0 0 0 0 1 1 1 ]
[ 0 0 0 0 0 0 0 0 0 0 0 0 0 0 0 0 0 0 0 0 0 1 1 1 1 ]
[ 0 0 0 0 0 0 0 0 0 0 0 0 0 0 0 0 0 0 0 0 1 1 1 1 1 ]
[ 0 0 0 0 0 0 0 0 0 0 0 0 0 0 0 0 0 0 0 1 1 1 1 1 1 ]
[ 0 0 0 0 0 0 0 0 0 0 0 0 0 0 0 0 0 0 1 1 1 1 1 1 1 ]
[ 0 0 0 0 0 0 0 0 0 0 0 0 0 0 0 0 0 1 1 1 1 1 1 1 1 ]
[ 0 0 0 0 0 0 0 0 0 0 0 0 0 0 0 0 1 1 1 1 1 1 1 1 1 ]
[ 0 0 0 0 0 0 0 0 0 0 0 0 0 0 0 1 1 1 1 1 1 1 1 1 1 ]
[ 0 0 0 0 0 0 0 0 0 0 0 0 0 0 1 1 1 1 1 1 1 1 1 1 1 ]
[ 0 0 0 0 0 0 0 0 0 0 0 0 0 1 1 1 1 1 1 1 1 1 1 1 1 ]
[ 0 0 0 0 0 0 0 0 0 0 0 0 1 1 1 1 1 1 1 1 1 1 1 1 1 ]
[ 0 0 0 0 0 0 0 0 0 0 0 1 1 1 1 1 1 1 1 1 1 1 1 1 1 ]
[ 0 0 0 0 0 0 0 0 0 0 1 1 1 1 1 1 1 1 1 1 1 1 1 1 1 ]
[ 0 0 0 0 0 0 0 0 0 1 1 1 1 1 1 1 1 1 1 1 1 1 1 1 1 ]
[ 0 0 0 0 0 0 0 0 1 1 1 1 1 1 1 1 1 1 1 1 1 1 1 1 1 ]
[ 0 0 0 0 0 0 0 1 1 1 1 1 1 1 1 1 1 1 1 1 1 1 1 1 1 ]
[ 0 0 0 0 0 0 1 1 1 1 1 1 1 1 1 1 1 1 1 1 1 1 1 1 1 ]
[ 0 0 0 0 0 1 1 1 1 1 1 1 1 1 1 1 1 1 1 1 1 1 1 1 1 ]

Timer (generate): 4ms real	10ms user	0ms sys
[ 400 400 400 400 400 400 400 400 400 400 400 400 400 400 400 400 400 400 400 400 400 400 400 400 400 ]
[ 399 400 400 400 400 400 400 400 400 400 400 400 400 400 400 400 400 400 400 400 400 400 400 400 400 ]
[ 399 399 400 400 400 400 400 400 400 400 400 400 400 400 400 400 400 400 400 400 400 400 400 400 400 ]
[ 399 399 399 400 400 400 400 400 400 400 400 400 400 400 400 400 400 400 400 400 400 400 400 400 400 ]
[ 399 399 399 399 400 400 400 400 400 400 400 400 400 400 400 400 400 400 400 400 400 400 400 400 400 ]
[ 399 399 399 399 399 400 400 400 400 400 400 400 400 400 400 400 400 400 400 400 400 400 400 400 400 ]
[ 399 399 399 399 399 399 400 400 400 400 400 400 400 400 400 400 400 400 400 400 400 400 400 400 400 ]
[ 399 399 399 399 399 399 399 400 400 400 400 400 400 400 400 400 400 400 400 400 400 400 400 400 400 ]
[ 399 399 399 399 399 399 399 399 400 400 400 400 400 400 400 400 400 400 400 400 400 400 400 400 400 ]
[ 399 399 399 399 399 399 399 399 399 400 400 400 400 400 400 400 400 400 400 400 400 400 400 400 400 ]
[ 399 399 399 399 399 399 399 399 399 399 400 400 400 400 400 400 400 400 400 400 400 400 400 400 400 ]
[ 399 399 399 399 399 399 399 399 399 399 399 400 400 400 400 400 400 400 400 400 400 400 400 400 400 ]
[ 399 399 399 399 399 399 399 399 399 399 399 399 400 400 400 400 400 400 400 400 400 400 400 400 400 ]
[ 399 399 399 399 399 399 399 399 399 399 399 399 399 400 400 400 400 400 400 400 400 400 400 400 400 ]
[ 399 399 399 399 399 399 399 399 399 399 399 399 399 399 400 400 400 400 400 400 400 400 400 400 400 ]
[ 399 399 399 399 399 399 399 399 399 399 399 399 399 399 399 400 400 400 400 400 400 400 400 400 400 ]
[ 399 399 399 399 399 399 399 399 399 399 399 399 399 399 399 399 400 400 400 400 400 400 400 400 400 ]
[ 399 399 399 399 399 399 399 399 399 399 399 399 399 399 399 399 399 400 400 400 400 400 400 400 400 ]
[ 399 399 399 399 399 399 399 399 399 399 399 399 399 399 399 399 399 399 400 400 400 400 400 400 400 ]
[ 399 399 399 399 399 399 399 399 399 399 399 399 399 399 399 399 399 399 399 400 400 400 400 400 400 ]

Running merge sort algorithm: 
Timer (sort): 5ms real	0ms user	0ms sys
The output is sorted!
[ 0 0 0 0 0 0 0 0 0 0 0 0 0 0 0 0 0 0 0 0 0 0 0 0 1 ]
[ 0 0 0 0 0 0 0 0 0 0 0 0 0 0 0 0 0 0 0 0 0 0 0 1 1 ]
[ 0 0 0 0 0 0 0 0 0 0 0 0 0 0 0 0 0 0 0 0 0 0 1 1 1 ]
[ 0 0 0 0 0 0 0 0 0 0 0 0 0 0 0 0 0 0 0 0 0 1 1 1 1 ]
[ 0 0 0 0 0 0 0 0 0 0 0 0 0 0 0 0 0 0 0 0 1 1 1 1 1 ]
[ 0 0 0 0 0 0 0 0 0 0 0 0 0 0 0 0 0 0 0 1 1 1 1 1 1 ]
[ 0 0 0 0 0 0 0 0 0 0 0 0 0 0 0 0 0 0 1 1 1 1 1 1 1 ]
[ 0 0 0 0 0 0 0 0 0 0 0 0 0 0 0 0 0 1 1 1 1 1 1 1 1 ]
[ 0 0 0 0 0 0 0 0 0 0 0 0 0 0 0 0 1 1 1 1 1 1 1 1 1 ]
[ 0 0 0 0 0 0 0 0 0 0 0 0 0 0 0 1 1 1 1 1 1 1 1 1 1 ]
[ 0 0 0 0 0 0 0 0 0 0 0 0 0 0 1 1 1 1 1 1 1 1 1 1 1 ]
[ 0 0 0 0 0 0 0 0 0 0 0 0 0 1 1 1 1 1 1 1 1 1 1 1 1 ]
[ 0 0 0 0 0 0 0 0 0 0 0 0 1 1 1 1 1 1 1 1 1 1 1 1 1 ]
[ 0 0 0 0 0 0 0 0 0 0 0 1 1 1 1 1 1 1 1 1 1 1 1 1 1 ]
[ 0 0 0 0 0 0 0 0 0 0 1 1 1 1 1 1 1 1 1 1 1 1 1 1 1 ]
[ 0 0 0 0 0 0 0 0 0 1 1 1 1 1 1 1 1 1 1 1 1 1 1 1 1 ]
[ 0 0 0 0 0 0 0 0 1 1 1 1 1 1 1 1 1 1 1 1 1 1 1 1 1 ]
[ 0 0 0 0 0 0 0 1 1 1 1 1 1 1 1 1 1 1 1 1 1 1 1 1 1 ]
[ 0 0 0 0 0 0 1 1 1 1 1 1 1 1 1 1 1 1 1 1 1 1 1 1 1 ]
[ 0 0 0 0 0 1 1 1 1 1 1 1 1 1 1 1 1 1 1 1 1 1 1 1 1 ]

Timer (generate): 1ms real	0ms user	0ms sys
[ 400 400 400 400 400 400 400 400 400 400 400 400 400 400 400 400 400 400 400 400 400 400 400 400 400 ]
[ 399 400 400 400 400 400 400 400 400 400 400 400 400 400 400 400 400 400 400 400 400 400 400 400 400 ]
[ 399 399 400 400 400 400 400 400 400 400 400 400 400 400 400 400 400 400 400 400 400 400 400 400 400 ]
[ 399 399 399 400 400 400 400 400 400 400 400 400 400 400 400 400 400 400 400 400 400 400 400 400 400 ]
[ 399 399 399 399 400 400 400 400 400 400 400 400 400 400 400 400 400 400 400 400 400 400 400 400 400 ]
[ 399 399 399 399 399 400 400 400 400 400 400 400 400 400 400 400 400 400 400 400 400 400 400 400 400 ]
[ 399 399 399 399 399 399 400 400 400 400 400 400 400 400 400 400 400 400 400 400 400 400 400 400 400 ]
[ 399 399 399 399 399 399 399 400 400 400 400 400 400 400 400 400 400 400 400 400 400 400 400 400 400 ]
[ 399 399 399 399 399 399 399 399 400 400 400 400 400 400 400 400 400 400 400 400 400 400 400 400 400 ]
[ 399 399 399 399 399 399 399 399 399 400 400 400 400 400 400 400 400 400 400 400 400 400 400 400 400 ]
[ 399 399 399 399 399 399 399 399 399 399 400 400 400 400 400 400 400 400 400 400 400 400 400 400 400 ]
[ 399 399 399 399 399 399 399 399 399 399 399 400 400 400 400 400 400 400 400 400 400 400 400 400 400 ]
[ 399 399 399 399 399 399 399 399 399 399 399 399 400 400 400 400 400 400 400 400 400 400 400 400 400 ]
[ 399 399 399 399 399 399 399 399 399 399 399 399 399 400 400 400 400 400 400 400 400 400 400 400 400 ]
[ 399 399 399 399 399 399 399 399 399 399 399 399 399 399 400 400 400 400 400 400 400 400 400 400 400 ]
[ 399 399 399 399 399 399 399 399 399 399 399 399 399 399 399 400 400 400 400 400 400 400 400 400 400 ]
[ 399 399 399 399 399 399 399 399 399 399 399 399 399 399 399 399 400 400 400 400 400 400 400 400 400 ]
[ 399 399 399 399 399 399 399 399 399 399 399 399 399 399 399 399 399 400 400 400 400 400 400 400 400 ]
[ 399 399 399 399 399 399 399 399 399 399 399 399 399 399 399 399 399 399 400 400 400 400 400 400 400 ]
[ 399 399 399 399 399 399 399 399 399 399 399 399 399 399 399 399 399 399 399 400 400 400 400 400 400 ]

Running merge sort algorithm: 
Timer (sort): 2ms real	0ms user	0ms sys
The output is sorted!
[ 0 0 0 0 0 0 0 0 0 0 0 0 0 0 0 0 0 0 0 0 0 0 0 0 1 ]
[ 0 0 0 0 0 0 0 0 0 0 0 0 0 0 0 0 0 0 0 0 0 0 0 1 1 ]
[ 0 0 0 0 0 0 0 0 0 0 0 0 0 0 0 0 0 0 0 0 0 0 1 1 1 ]
[ 0 0 0 0 0 0 0 0 0 0 0 0 0 0 0 0 0 0 0 0 0 1 1 1 1 ]
[ 0 0 0 0 0 0 0 0 0 0 0 0 0 0 0 0 0 0 0 0 1 1 1 1 1 ]
[ 0 0 0 0 0 0 0 0 0 0 0 0 0 0 0 0 0 0 0 1 1 1 1 1 1 ]
[ 0 0 0 0 0 0 0 0 0 0 0 0 0 0 0 0 0 0 1 1 1 1 1 1 1 ]
[ 0 0 0 0 0 0 0 0 0 0 0 0 0 0 0 0 0 1 1 1 1 1 1 1 1 ]
[ 0 0 0 0 0 0 0 0 0 0 0 0 0 0 0 0 1 1 1 1 1 1 1 1 1 ]
[ 0 0 0 0 0 0 0 0 0 0 0 0 0 0 0 1 1 1 1 1 1 1 1 1 1 ]
[ 0 0 0 0 0 0 0 0 0 0 0 0 0 0 1 1 1 1 1 1 1 1 1 1 1 ]
[ 0 0 0 0 0 0 0 0 0 0 0 0 0 1 1 1 1 1 1 1 1 1 1 1 1 ]
[ 0 0 0 0 0 0 0 0 0 0 0 0 1 1 1 1 1 1 1 1 1 1 1 1 1 ]
[ 0 0 0 0 0 0 0 0 0 0 0 1 1 1 1 1 1 1 1 1 1 1 1 1 1 ]
[ 0 0 0 0 0 0 0 0 0 0 1 1 1 1 1 1 1 1 1 1 1 1 1 1 1 ]
[ 0 0 0 0 0 0 0 0 0 1 1 1 1 1 1 1 1 1 1 1 1 1 1 1 1 ]
[ 0 0 0 0 0 0 0 0 1 1 1 1 1 1 1 1 1 1 1 1 1 1 1 1 1 ]
[ 0 0 0 0 0 0 0 1 1 1 1 1 1 1 1 1 1 1 1 1 1 1 1 1 1 ]
[ 0 0 0 0 0 0 1 1 1 1 1 1 1 1 1 1 1 1 1 1 1 1 1 1 1 ]
[ 0 0 0 0 0 1 1 1 1 1 1 1 1 1 1 1 1 1 1 1 1 1 1 1 1 ]

