Timer (generate): 198ms real	180ms user	0ms sys
[ 54 63 99 47 49 91 14 58 58 90 79 84 53 40 48 47 83 19 81 65 98 84 71 77 90 ]
[ 31 34 8 72 27 8 26 42 60 74 91 51 88 2 10 79 81 46 84 74 95 31 57 14 65 ]
[ 74 64 1 45 41 43 28 27 3 53 54 12 79 96 72 5 40 75 46 42 37 77 75 84 61 ]
[ 49 31 45 58 97 62 32 61 15 29 54 58 58 82 62 11 88 26 42 37 50 0 77 25 46 ]
[ 71 63 75 46 99 88 48 30 85 6 27 47 39 88 62 68 42 73 78 76 87 41 65 13 84 ]
[ 2 63 84 31 40 82 2 3 57 0 2 45 48 32 83 55 11 30 46 99 45 66 94 18 45 ]
[ 70 5 86 87 70 22 89 33 58 72 25 40 74 29 49 27 83 47 75 68 30 82 79 12 80 ]
[ 31 57 47 25 27 44 47 32 82 35 2 5 24 87 15 49 13 8 75 94 57 2 29 56 30 ]
[ 49 38 12 81 51 93 12 60 92 89 88 88 36 72 70 71 75 27 48 14 43 97 79 51 24 ]
[ 25 60 27 55 69 57 4 7 21 85 10 66 49 71 58 90 59 98 27 31 69 98 58 48 98 ]
[ 25 91 47 4 94 72 30 7 99 37 76 8 93 35 81 31 46 48 80 17 58 71 28 57 50 ]
[ 11 78 0 22 26 99 47 18 46 3 64 70 85 71 21 22 47 29 16 83 11 47 81 11 79 ]
[ 98 69 2 78 78 52 89 56 53 11 83 4 10 53 2 66 17 73 51 41 46 26 40 76 94 ]
[ 75 39 41 56 2 72 6 23 75 84 2 79 26 58 84 89 41 40 52 46 43 18 64 68 21 ]
[ 57 14 47 97 42 41 73 33 34 81 35 59 88 59 34 24 13 65 50 71 50 92 65 42 44 ]
[ 11 85 14 27 53 35 84 20 83 34 62 24 59 48 11 40 83 70 80 94 56 5 7 21 7 ]
[ 31 23 99 96 66 95 59 3 9 39 9 45 75 29 80 9 43 56 68 91 67 61 27 89 41 ]
[ 73 45 98 33 19 6 64 94 57 60 12 5 71 16 14 10 77 11 86 58 91 47 53 48 16 ]
[ 97 67 29 24 57 70 49 54 69 82 73 27 46 20 84 58 32 89 82 0 56 92 77 67 78 ]
[ 35 11 78 89 11 46 86 78 75 62 87 97 63 42 18 46 15 45 44 35 82 55 20 71 37 ]

Timer (sort): 208672ms real	208670ms user	0ms sys
The output is sorted!
[ 12 15 12 17 7 52 51 16 30 1 24 99 23 27 71 44 5 8 12 16 2 13 1 4 9 ]
[ 8 0 18 1 33 12 87 73 29 35 10 11 7 6 6 45 87 14 40 2 11 3 6 13 15 ]
[ 0 68 50 33 11 26 15 31 58 19 52 3 3 3 31 9 32 24 37 25 1 13 8 24 4 ]
[ 26 86 2 2 38 8 2 40 7 40 73 17 4 56 11 35 29 22 11 39 6 24 15 24 3 ]
[ 33 27 3 40 95 4 39 2 62 0 7 5 99 4 1 1 23 48 17 36 19 2 19 21 21 ]
[ 1 5 17 0 3 13 4 15 10 86 55 10 0 27 91 6 0 4 20 93 9 85 40 12 23 ]
[ 34 20 4 49 13 54 2 3 30 12 60 43 17 45 2 71 9 69 13 11 6 22 18 1 23 ]
[ 51 23 15 25 25 5 0 30 16 5 39 13 8 38 27 21 8 52 1 15 73 17 31 26 75 ]
[ 33 51 10 15 47 23 4 7 15 19 39 52 44 3 29 61 39 5 30 32 51 7 23 1 8 ]
[ 24 26 18 1 14 17 33 32 5 58 1 42 24 33 54 34 71 6 41 9 33 12 27 41 1 ]
[ 18 46 2 61 7 2 8 25 32 13 30 18 64 27 8 73 20 79 23 36 4 1 14 36 11 ]
[ 20 36 54 4 49 8 29 29 17 88 0 11 9 21 29 7 52 30 12 16 11 14 26 40 47 ]
[ 46 27 43 51 33 21 2 12 17 42 3 17 57 28 25 16 20 12 2 1 72 34 33 23 25 ]
[ 30 67 56 23 14 2 7 11 10 50 1 32 41 14 69 38 3 12 47 15 20 36 25 23 18 ]
[ 24 74 31 1 30 8 11 12 27 84 22 48 23 53 11 4 21 25 43 2 0 0 77 0 33 ]
[ 5 16 54 37 23 58 9 2 58 8 7 28 27 33 11 76 19 50 33 24 20 6 17 25 22 ]
[ 23 61 28 84 2 78 2 11 37 40 57 65 13 0 6 16 5 1 25 9 22 50 8 18 12 ]
[ 50 1 10 9 5 16 42 14 22 27 64 49 3 78 15 40 2 79 9 3 96 4 5 20 11 ]
[ 0 32 3 27 32 23 32 89 28 61 46 10 11 8 44 42 2 36 23 11 47 17 33 4 14 ]
[ 2 12 26 19 40 55 18 19 52 8 25 66 91 7 65 2 14 6 6 4 19 52 4 63 1 ]

Timer (generate): 196ms real	160ms user	20ms sys
[ 33 9 81 51 44 80 52 73 86 54 16 97 43 3 66 41 36 78 87 73 28 1 19 37 63 ]
[ 63 68 78 47 0 20 32 9 1 84 5 81 36 78 68 42 47 17 85 2 35 78 90 13 66 ]
[ 15 94 67 34 83 83 98 3 61 97 3 33 30 65 34 14 70 67 2 1 35 44 48 4 81 ]
[ 50 40 12 41 5 30 8 99 49 43 34 32 41 38 45 90 93 78 20 58 64 86 29 32 88 ]
[ 30 19 84 30 24 18 32 64 30 25 69 60 34 21 9 77 55 94 70 45 91 60 39 70 81 ]
[ 97 86 67 78 18 8 8 38 44 90 14 62 23 78 44 48 99 4 82 20 66 59 76 12 81 ]
[ 21 3 42 12 25 23 10 12 42 88 82 2 49 72 47 39 86 9 62 64 6 63 64 10 45 ]
[ 36 28 57 12 92 38 86 96 32 98 73 55 60 85 50 49 20 52 50 92 99 89 79 61 4 ]
[ 43 19 67 59 29 64 96 10 73 60 2 64 98 50 96 49 24 4 9 9 6 10 81 58 60 ]
[ 74 10 2 53 23 58 48 42 77 60 23 93 56 85 67 68 40 83 19 90 31 68 14 35 29 ]
[ 76 93 40 57 52 52 31 14 6 36 89 64 85 31 41 45 6 87 53 92 6 73 32 89 92 ]
[ 74 72 12 89 8 42 17 1 82 26 5 86 58 71 93 46 60 57 31 43 51 28 50 38 81 ]
[ 94 96 7 78 85 99 52 57 64 93 17 6 62 71 88 89 28 74 99 0 19 45 12 77 29 ]
[ 56 80 57 58 70 91 52 66 98 82 3 49 86 12 13 80 82 71 94 5 11 35 33 38 34 ]
[ 85 57 32 98 86 61 54 66 70 12 88 13 16 54 63 98 9 13 84 74 78 16 56 2 11 ]
[ 61 13 46 94 51 33 32 9 65 30 95 78 84 14 0 48 2 14 64 9 77 62 70 42 98 ]
[ 44 73 15 0 75 78 61 88 24 8 40 9 40 1 26 22 96 4 58 10 5 6 65 19 22 ]
[ 74 48 36 96 91 34 41 64 1 41 39 79 55 79 56 15 71 65 7 72 92 29 69 48 87 ]
[ 31 5 45 48 24 19 74 73 55 71 16 41 12 80 43 53 71 74 60 2 30 75 74 48 82 ]
[ 46 92 63 67 40 2 99 98 47 99 22 66 74 47 73 45 15 15 57 47 58 62 70 32 23 ]

Timer (sort): 210074ms real	210050ms user	0ms sys
The output is sorted!
[ 42 5 7 0 23 34 12 23 36 3 52 27 51 58 10 2 21 14 23 23 18 5 8 30 37 ]
[ 1 9 19 42 4 30 5 2 24 89 12 32 0 1 11 35 61 9 21 48 33 67 47 17 6 ]
[ 3 45 32 14 16 3 63 42 23 42 2 23 29 9 16 15 45 15 44 46 33 5 26 1 38 ]
[ 32 2 13 2 7 1 28 88 2 1 33 53 15 13 23 22 51 99 34 77 2 20 8 3 1 ]
[ 6 3 27 66 6 14 18 10 43 18 13 40 13 37 11 75 43 68 45 21 2 1 3 27 43 ]
[ 24 26 2 19 23 4 41 34 43 38 4 64 0 0 18 92 8 19 17 8 55 6 7 49 55 ]
[ 12 14 7 84 1 25 11 18 7 21 9 2 66 88 48 4 30 24 10 64 29 4 36 21 22 ]
[ 36 0 7 7 38 15 32 11 16 2 30 77 27 62 3 4 53 53 10 21 40 57 50 7 3 ]
[ 10 33 11 76 14 27 33 95 20 9 8 37 11 37 31 3 19 62 33 30 9 31 5 6 11 ]
[ 11 21 30 9 10 39 45 9 9 5 32 9 18 89 1 9 68 31 42 46 1 41 5 67 16 ]
[ 25 26 68 21 6 6 6 49 41 8 21 25 28 5 51 12 11 76 93 9 14 20 30 13 0 ]
[ 29 2 14 29 47 16 38 22 13 21 51 29 28 62 6 57 45 0 14 12 24 29 41 18 20 ]
[ 5 5 65 44 16 47 1 3 47 24 14 16 15 9 16 59 91 12 13 28 23 4 52 6 53 ]
[ 22 0 8 17 29 22 0 42 1 44 15 28 15 27 39 61 20 32 81 12 0 18 59 35 43 ]
[ 30 34 0 16 23 24 3 4 20 40 1 2 18 98 15 91 19 2 69 36 10 29 6 43 42 ]
[ 15 41 56 2 4 15 77 43 65 9 41 53 34 16 14 28 8 21 0 25 24 17 27 32 10 ]
[ 11 10 0 29 34 1 32 30 31 27 5 58 35 9 64 73 54 4 62 22 25 3 31 25 8 ]
[ 62 35 30 15 51 77 6 3 4 2 32 0 8 6 16 60 22 78 23 13 11 31 32 6 60 ]
[ 72 13 38 44 5 62 30 34 44 12 20 22 17 11 19 19 11 6 12 4 29 5 62 68 25 ]
[ 18 9 11 1 7 26 7 4 22 69 24 56 72 2 36 56 34 25 21 59 17 31 5 19 53 ]

Timer (generate): 196ms real	160ms user	20ms sys
[ 6 10 11 85 92 50 9 19 46 69 42 82 98 50 37 8 76 41 84 21 19 15 21 95 16 ]
[ 76 58 98 33 89 65 92 51 28 77 95 79 38 15 25 7 9 59 57 59 97 66 35 38 2 ]
[ 8 57 18 30 4 86 58 14 36 43 4 53 35 7 82 64 3 61 2 70 38 62 79 97 71 ]
[ 90 94 37 77 32 92 85 41 10 67 98 96 25 64 85 21 20 38 56 28 20 73 83 81 27 ]
[ 53 71 89 84 69 61 74 63 50 51 48 42 88 41 4 56 91 53 33 56 38 54 76 28 63 ]
[ 56 49 36 39 82 63 44 54 5 80 23 66 6 38 68 9 38 63 98 32 67 6 23 72 39 ]
[ 31 10 46 60 39 9 16 40 45 8 22 60 4 28 65 85 3 31 91 94 52 1 32 15 99 ]
[ 64 34 5 40 7 96 23 17 42 83 8 51 52 0 48 12 23 9 16 3 74 1 7 58 93 ]
[ 1 10 46 85 77 45 50 11 2 42 70 50 17 40 93 1 48 96 5 49 45 17 24 54 33 ]
[ 79 80 87 86 90 32 39 0 78 25 29 23 27 93 77 69 63 27 38 55 72 39 56 69 96 ]
[ 57 14 13 81 20 99 60 52 86 99 43 70 38 95 48 63 25 23 90 70 0 11 85 79 50 ]
[ 41 52 41 97 21 38 54 87 3 87 59 54 99 11 92 98 54 62 89 50 10 4 27 33 95 ]
[ 97 85 58 82 65 60 75 69 2 72 42 92 78 29 47 17 40 2 17 51 94 67 6 57 56 ]
[ 8 67 13 35 53 8 84 38 18 18 55 79 94 76 33 18 18 77 49 99 24 66 39 26 83 ]
[ 91 73 3 49 30 11 57 49 24 44 54 84 28 45 55 46 0 34 92 29 19 11 47 96 60 ]
[ 47 20 26 38 99 62 29 72 17 30 54 28 39 55 5 83 10 89 11 55 96 10 7 30 2 ]
[ 36 1 13 84 97 25 83 18 4 21 69 18 3 41 35 85 95 15 25 50 72 8 60 62 20 ]
[ 67 58 30 75 41 84 11 42 98 47 92 75 82 62 79 56 31 49 59 72 36 44 19 52 69 ]
[ 69 24 30 82 38 2 1 49 84 76 42 68 40 36 18 39 28 94 22 90 25 78 21 75 89 ]
[ 45 11 85 64 15 7 86 92 37 20 30 39 21 31 23 50 73 91 42 62 10 81 90 56 55 ]

Timer (sort): 209292ms real	209260ms user	0ms sys
The output is sorted!
[ 52 77 19 10 0 38 10 18 3 10 18 5 25 17 44 70 11 7 27 5 0 24 56 31 8 ]
[ 16 31 13 8 19 10 3 12 12 3 45 56 11 10 23 6 55 10 30 34 70 64 6 30 19 ]
[ 64 75 5 0 6 19 14 7 11 14 13 51 31 2 14 91 13 36 4 17 14 33 58 0 6 ]
[ 16 17 16 1 13 17 10 14 91 11 1 40 50 6 82 4 22 56 10 17 18 12 31 45 13 ]
[ 30 7 7 39 8 8 5 56 10 53 6 58 16 10 52 40 49 2 4 15 5 26 40 26 43 ]
[ 9 12 9 21 31 35 10 58 30 57 46 52 0 3 39 18 33 5 17 59 3 31 50 1 0 ]
[ 20 20 29 0 19 18 77 38 16 47 15 32 14 29 37 10 15 4 9 27 22 0 69 43 23 ]
[ 27 22 5 22 1 58 4 22 18 34 51 7 49 1 14 37 28 8 10 19 11 12 84 28 63 ]
[ 18 64 10 3 17 13 88 9 12 27 33 41 15 6 72 32 16 32 29 32 50 10 3 5 13 ]
[ 21 5 18 16 29 49 43 39 39 10 85 6 25 40 58 18 25 17 2 0 9 25 28 42 4 ]
[ 24 4 65 16 5 36 18 13 14 95 7 51 5 37 8 25 52 10 8 1 41 27 5 64 23 ]
[ 5 30 34 1 29 4 4 65 46 2 63 5 9 4 25 23 25 59 0 51 7 98 7 31 28 ]
[ 23 6 6 12 41 5 18 46 67 13 22 86 12 27 22 19 3 18 18 36 34 65 56 0 2 ]
[ 6 8 48 4 49 70 56 38 32 22 6 20 5 46 10 7 43 7 44 45 7 66 12 3 7 ]
[ 52 4 38 72 26 1 13 35 6 15 3 13 11 50 8 22 41 30 7 26 59 55 13 29 34 ]
[ 78 11 19 3 7 32 36 77 33 39 38 24 3 28 3 8 49 56 12 24 65 0 10 7 2 ]
[ 56 73 11 18 11 17 71 19 1 12 4 36 9 9 12 18 9 27 54 29 34 50 4 0 83 ]
[ 20 76 97 28 24 13 13 24 0 20 52 16 43 28 5 46 45 0 7 24 5 0 36 17 28 ]
[ 47 51 3 78 34 29 3 13 12 34 29 28 23 5 55 7 16 6 17 44 47 24 16 6 43 ]
[ 9 25 1 40 14 3 47 17 60 6 56 36 3 35 59 20 37 3 1 21 22 8 3 57 89 ]

Timer (generate): 203ms real	190ms user	0ms sys
[ 58 96 55 82 64 95 12 82 79 89 28 87 24 92 56 82 98 54 70 14 20 87 48 11 10 ]
[ 63 78 51 59 60 67 17 8 22 99 73 70 64 55 1 5 35 88 30 79 97 12 77 51 34 ]
[ 43 23 21 92 87 83 55 65 35 14 25 54 83 34 29 83 7 51 99 14 52 56 1 40 86 ]
[ 80 89 98 9 93 32 5 16 5 97 3 89 4 21 76 71 46 30 54 32 59 89 91 62 40 ]
[ 57 14 97 58 7 83 90 96 82 52 41 66 57 58 24 54 13 13 10 86 89 81 33 71 36 ]
[ 17 83 25 9 45 18 66 12 15 77 19 98 19 67 32 71 9 51 28 19 75 34 84 88 45 ]
[ 71 29 26 56 52 14 73 87 92 34 33 10 53 97 25 30 16 75 1 35 8 73 44 59 1 ]
[ 15 86 88 52 26 33 23 55 11 31 59 26 4 47 70 91 32 80 44 29 57 26 97 32 27 ]
[ 32 92 52 29 3 6 96 89 94 48 15 79 71 22 90 54 34 68 11 81 38 2 65 70 46 ]
[ 46 27 24 43 12 3 27 4 56 56 8 62 5 49 8 53 65 87 77 39 77 31 73 46 42 ]
[ 6 36 44 71 7 42 17 86 66 12 98 22 40 55 78 48 63 92 53 64 0 59 81 39 36 ]
[ 21 16 67 46 14 10 53 3 54 24 10 49 94 48 67 58 47 89 50 2 67 51 17 11 56 ]
[ 81 63 15 15 2 51 36 71 19 34 85 81 87 40 87 64 2 36 10 51 4 68 98 93 19 ]
[ 52 13 70 69 24 78 2 88 94 17 90 45 5 61 16 40 99 97 27 91 85 43 94 73 53 ]
[ 45 77 22 95 23 93 47 36 15 16 12 93 18 52 39 88 95 37 93 8 53 85 59 3 13 ]
[ 51 40 8 45 13 62 42 91 36 37 66 81 84 54 96 0 66 41 70 19 33 10 66 70 56 ]
[ 74 75 41 34 78 6 85 18 15 82 84 29 24 27 65 13 93 46 97 47 94 49 65 87 71 ]
[ 36 20 82 2 90 38 77 66 79 63 96 38 0 67 53 82 51 82 58 78 99 71 23 45 20 ]
[ 22 91 69 87 78 40 24 51 74 78 93 64 7 59 96 70 8 34 70 75 87 4 78 21 62 ]
[ 8 20 85 31 65 5 53 8 26 92 38 19 68 89 93 47 83 10 6 94 6 77 54 40 99 ]

Timer (sort): 208335ms real	208320ms user	0ms sys
The output is sorted!
[ 0 53 42 27 18 23 8 52 6 13 8 11 44 1 18 11 55 6 34 8 1 60 43 14 48 ]
[ 44 23 90 32 19 0 24 37 2 1 5 36 11 39 11 3 9 68 19 64 7 16 11 2 38 ]
[ 8 8 78 38 3 20 22 15 0 26 19 10 26 0 12 2 13 33 9 42 52 42 65 2 73 ]
[ 5 39 19 57 8 11 50 26 40 75 20 29 11 20 6 24 12 2 8 8 10 35 6 81 18 ]
[ 59 31 30 82 0 9 37 33 5 5 66 2 34 7 16 76 14 31 5 7 8 4 14 41 5 ]
[ 99 7 9 25 17 62 11 20 23 4 0 7 43 7 57 7 49 11 67 16 27 9 4 30 16 ]
[ 27 50 13 1 2 16 41 65 26 19 16 10 90 49 27 10 16 16 15 4 18 53 1 23 20 ]
[ 5 54 12 67 5 15 76 10 3 2 34 5 29 78 8 2 35 54 9 11 4 50 0 20 57 ]
[ 24 16 15 32 27 12 71 70 2 7 9 61 38 37 55 8 28 15 1 1 13 30 20 16 45 ]
[ 2 0 17 2 6 15 2 65 25 16 3 50 74 26 16 46 37 37 31 29 78 40 17 20 8 ]
[ 17 21 25 94 3 54 69 34 26 50 44 30 16 1 18 13 13 3 28 15 46 1 28 5 12 ]
[ 96 2 40 70 22 4 39 0 43 21 24 20 26 9 13 11 34 15 38 11 14 29 9 61 16 ]
[ 23 29 52 3 43 65 0 16 33 30 47 13 1 38 45 8 14 22 45 2 25 48 28 17 24 ]
[ 1 18 7 70 43 0 61 38 2 5 1 29 28 32 1 48 50 22 3 37 20 39 10 23 84 ]
[ 23 13 20 17 83 61 23 10 16 3 70 29 17 7 94 31 2 0 48 13 16 36 4 5 31 ]
[ 47 56 0 44 9 41 35 39 65 17 16 5 27 18 37 16 64 6 6 14 12 35 42 9 14 ]
[ 37 96 21 63 22 1 20 25 8 1 5 84 38 42 15 4 61 0 38 4 8 44 19 10 10 ]
[ 5 40 2 91 72 56 8 25 15 45 21 1 13 2 1 37 49 30 63 0 25 0 13 60 3 ]
[ 32 18 0 3 32 47 14 8 40 73 9 49 17 23 22 1 56 48 15 55 2 10 19 60 25 ]
[ 17 9 24 19 4 46 62 18 18 48 10 1 2 41 57 14 7 59 37 17 21 65 48 3 33 ]

Timer (generate): 196ms real	170ms user	20ms sys
[ 94 18 95 13 58 89 30 36 87 3 75 1 81 9 69 69 20 30 36 34 41 14 19 82 27 ]
[ 20 59 84 55 35 85 50 53 81 15 64 22 45 0 61 49 76 62 82 85 84 52 5 14 40 ]
[ 92 55 54 11 38 81 84 49 66 39 85 51 41 90 84 57 54 6 2 7 19 3 83 82 86 ]
[ 20 66 90 78 80 30 70 88 85 33 78 18 69 27 36 9 64 40 50 7 24 59 61 83 62 ]
[ 68 2 17 3 36 3 76 2 45 54 35 28 76 75 65 61 53 35 31 32 72 92 97 64 42 ]
[ 56 40 54 17 23 68 38 78 85 41 66 41 69 21 86 23 56 66 51 83 31 65 36 19 96 ]
[ 20 91 88 69 55 82 25 95 36 43 71 4 33 1 42 26 67 83 96 88 21 71 96 88 75 ]
[ 31 71 40 19 90 88 40 33 28 9 40 62 35 88 51 30 59 7 15 12 49 41 31 32 37 ]
[ 72 54 61 20 94 36 52 17 28 71 60 16 11 93 96 73 34 58 8 22 9 90 33 17 5 ]
[ 97 66 46 28 51 36 0 57 49 21 3 37 25 20 65 96 80 81 60 26 29 33 60 87 41 ]
[ 34 97 83 19 66 88 68 84 86 96 87 74 49 44 23 22 47 60 47 20 77 95 0 10 55 ]
[ 26 39 88 38 27 81 24 76 64 95 42 4 63 78 91 60 66 17 61 62 93 83 10 5 82 ]
[ 30 83 29 82 93 85 9 85 25 99 12 7 24 40 23 19 34 28 83 12 71 95 30 40 8 ]
[ 93 33 43 3 39 77 85 74 6 67 19 91 28 4 69 28 16 76 4 56 51 75 42 31 10 ]
[ 55 2 57 85 95 65 78 28 8 33 19 85 70 93 92 90 13 35 18 69 4 98 86 32 54 ]
[ 94 84 30 37 15 40 44 70 98 81 65 15 12 45 24 45 17 61 68 10 5 58 75 41 28 ]
[ 45 97 79 83 30 33 29 66 15 18 81 8 62 3 58 44 20 73 56 66 49 53 83 11 73 ]
[ 45 68 31 73 9 12 70 7 91 53 89 76 34 55 44 53 36 52 15 92 10 11 12 35 67 ]
[ 30 85 73 65 48 46 11 16 30 36 78 94 6 85 37 11 26 13 45 81 57 98 69 61 66 ]
[ 61 71 77 74 59 97 56 44 22 22 44 68 85 60 50 21 90 96 79 27 33 90 53 99 87 ]

Timer (sort): 208010ms real	208000ms user	0ms sys
The output is sorted!
[ 22 8 6 27 83 33 68 8 7 42 21 17 6 46 5 19 55 1 16 3 12 7 16 21 41 ]
[ 12 6 20 47 26 25 37 25 10 24 10 20 13 1 11 71 8 18 12 12 67 19 22 23 63 ]
[ 25 7 1 0 78 20 3 9 22 17 33 42 19 90 32 26 22 39 0 1 47 25 28 33 1 ]
[ 25 4 4 20 14 11 0 14 43 34 25 78 0 0 99 10 0 95 15 2 27 1 60 4 42 ]
[ 11 54 54 27 38 21 21 61 4 33 29 7 35 51 45 9 18 4 0 5 19 18 5 40 23 ]
[ 52 16 16 14 21 42 28 10 62 5 7 59 27 14 3 16 29 29 1 29 30 40 56 31 1 ]
[ 9 19 0 22 41 27 33 30 20 14 15 7 13 40 4 5 60 60 0 34 37 7 47 54 45 ]
[ 18 32 39 2 14 44 3 13 22 10 4 15 27 1 52 73 10 62 27 42 34 58 7 16 19 ]
[ 65 21 13 16 47 24 9 9 84 9 66 10 3 63 10 32 12 13 7 9 4 60 18 36 5 ]
[ 8 68 58 27 19 75 57 22 21 2 1 38 7 21 0 30 40 21 18 3 24 52 19 21 4 ]
[ 28 32 2 41 26 0 9 22 83 11 45 69 7 0 45 54 5 38 0 11 51 19 10 6 42 ]
[ 15 1 10 70 45 14 19 18 15 36 55 1 55 10 0 2 35 20 30 57 38 55 44 3 14 ]
[ 28 2 3 18 0 97 14 5 90 28 2 18 0 13 54 46 25 61 29 34 10 68 7 10 5 ]
[ 48 12 18 79 13 13 1 9 85 17 65 4 3 10 8 24 18 10 43 45 73 12 23 13 21 ]
[ 19 22 18 9 38 12 58 21 0 14 40 4 24 17 32 9 49 36 59 46 18 30 50 38 5 ]
[ 87 16 14 30 27 4 3 12 6 72 17 41 6 25 28 51 2 14 5 67 12 20 34 64 15 ]
[ 20 12 1 8 29 33 43 75 12 35 6 24 16 25 28 6 17 25 57 74 12 22 65 16 12 ]
[ 18 24 3 31 42 39 15 35 17 29 21 54 12 89 23 7 3 47 17 24 17 14 41 15 37 ]
[ 84 19 8 24 93 18 5 22 29 16 5 10 46 19 8 37 5 7 17 41 17 35 61 0 49 ]
[ 8 25 12 70 83 22 30 27 7 10 48 0 9 4 15 16 39 13 69 44 44 35 6 37 4 ]

Timer (generate): 197ms real	170ms user	20ms sys
[ 65 78 3 23 39 61 40 58 46 78 47 59 30 29 97 90 51 62 90 47 69 35 41 88 12 ]
[ 74 21 75 12 5 90 77 83 93 53 22 54 93 33 1 23 80 12 53 61 61 44 13 76 34 ]
[ 12 45 21 53 85 34 28 6 61 40 11 4 70 47 97 23 69 4 68 54 57 91 86 21 96 ]
[ 48 82 40 61 58 27 73 55 0 78 40 86 58 98 0 99 62 4 21 9 53 44 30 9 12 ]
[ 85 18 55 71 39 51 71 22 44 32 32 71 57 40 23 36 32 10 46 31 62 97 45 18 18 ]
[ 54 23 62 36 33 26 73 51 33 45 91 85 16 65 29 1 49 52 10 41 75 98 74 37 45 ]
[ 57 51 42 2 69 61 8 93 75 96 78 54 70 29 87 67 72 72 35 89 1 36 91 5 47 ]
[ 32 81 45 58 70 42 15 22 85 69 91 46 29 36 73 26 14 27 48 96 15 15 68 39 50 ]
[ 10 93 39 1 98 38 85 31 35 44 54 78 59 76 15 81 19 61 62 8 86 88 22 14 88 ]
[ 18 81 55 39 72 58 49 65 97 2 16 87 87 47 74 31 53 52 43 29 67 76 1 80 38 ]
[ 9 67 79 83 33 67 2 66 23 41 38 81 42 56 30 96 72 17 83 71 91 67 25 96 62 ]
[ 6 15 38 7 96 76 68 15 55 52 0 75 6 18 98 47 56 31 41 12 61 89 36 30 72 ]
[ 8 73 91 33 69 53 91 85 91 99 33 20 19 0 75 71 52 50 77 70 0 76 26 31 69 ]
[ 91 92 58 27 74 83 87 48 74 72 17 80 64 54 23 63 39 43 34 91 19 6 43 21 35 ]
[ 13 74 12 92 5 33 83 50 92 62 24 75 50 72 1 22 42 81 86 48 5 1 88 0 36 ]
[ 79 71 94 23 93 29 88 19 93 80 24 27 15 26 19 78 51 46 80 75 47 54 69 81 93 ]
[ 18 38 94 6 38 82 37 10 28 60 55 58 49 74 51 81 50 78 97 77 49 27 80 95 7 ]
[ 7 95 61 77 28 6 95 18 53 1 8 35 38 70 64 51 77 74 52 51 25 33 54 56 30 ]
[ 83 57 9 63 53 16 70 0 30 47 80 36 42 98 89 95 6 77 86 77 93 37 54 19 41 ]
[ 58 96 74 12 52 57 47 10 66 10 15 35 80 67 65 80 47 53 74 45 95 70 51 24 8 ]

Timer (sort): 207293ms real	207280ms user	0ms sys
The output is sorted!
[ 20 34 47 3 25 20 22 16 6 15 6 4 1 6 9 36 10 55 28 5 31 10 57 71 47 ]
[ 11 5 29 22 0 32 4 41 25 25 26 22 12 15 15 6 10 36 75 15 2 5 78 30 49 ]
[ 11 1 8 14 15 41 24 10 63 60 30 31 39 6 5 12 86 33 9 2 47 31 4 16 14 ]
[ 71 35 0 23 48 34 13 5 31 21 32 48 28 14 19 11 74 7 7 15 13 14 39 23 5 ]
[ 28 25 8 20 37 19 40 17 6 40 95 3 14 12 99 8 6 77 4 4 4 20 0 15 40 ]
[ 13 8 2 6 46 3 32 28 24 7 18 3 10 20 28 48 27 4 63 9 9 91 53 67 22 ]
[ 5 59 5 66 8 1 27 34 17 68 8 20 2 6 2 19 42 47 58 12 11 35 15 10 65 ]
[ 7 9 50 23 33 22 31 13 29 13 87 45 22 32 91 3 1 12 37 26 3 2 13 15 25 ]
[ 22 56 27 8 32 1 18 10 22 50 0 5 1 57 27 8 12 12 3 25 55 5 43 63 84 ]
[ 71 5 2 8 57 85 43 20 11 18 33 10 14 16 83 13 4 0 14 21 13 25 14 41 34 ]
[ 3 47 49 84 7 54 14 31 37 38 17 45 26 1 0 27 16 8 30 9 20 15 0 36 44 ]
[ 29 3 17 5 7 0 16 31 51 48 43 24 55 77 50 47 16 49 4 24 2 3 27 12 22 ]
[ 4 44 53 48 8 10 4 9 5 40 60 9 21 18 40 26 22 51 26 10 23 34 9 31 61 ]
[ 27 87 58 17 3 15 3 62 38 12 14 1 20 17 28 51 19 22 30 5 24 6 3 26 80 ]
[ 41 63 35 7 23 1 23 8 6 18 8 25 2 4 12 4 63 68 55 20 10 11 98 63 1 ]
[ 10 9 51 48 44 50 37 21 12 39 76 39 9 20 39 0 34 8 35 2 27 2 21 36 4 ]
[ 10 37 2 73 17 23 29 16 7 30 26 53 19 11 24 26 16 1 97 13 49 25 24 10 38 ]
[ 2 40 40 54 21 8 16 47 35 46 28 17 14 28 22 2 2 39 37 95 16 13 10 5 41 ]
[ 59 4 52 8 24 11 14 65 0 12 0 13 40 59 38 5 17 85 8 78 14 12 31 12 20 ]
[ 52 11 1 45 34 33 61 0 29 8 34 56 9 34 1 24 20 28 33 16 10 57 27 29 31 ]

Timer (generate): 200ms real	190ms user	10ms sys
[ 98 66 85 66 77 18 49 37 95 56 77 55 25 11 20 73 13 3 61 3 38 62 95 25 44 ]
[ 44 29 23 88 4 22 38 70 60 57 99 30 6 36 25 15 13 33 40 77 5 65 90 8 26 ]
[ 45 47 88 40 24 84 84 53 59 25 9 82 63 31 42 72 30 72 79 67 49 46 32 34 38 ]
[ 9 40 3 52 48 81 97 47 22 90 71 6 26 77 66 51 86 48 67 70 42 91 0 66 70 ]
[ 19 67 68 52 2 6 13 42 9 65 42 43 15 90 65 5 61 71 83 90 37 87 77 37 6 ]
[ 47 31 97 99 49 68 19 17 88 23 71 95 36 13 56 54 7 99 21 97 64 78 11 36 61 ]
[ 1 25 48 30 15 54 29 46 52 29 96 72 0 13 60 23 36 7 59 1 64 65 8 63 86 ]
[ 6 28 64 69 16 78 70 93 26 53 8 33 82 55 37 63 3 9 63 68 21 38 4 29 98 ]
[ 5 93 15 13 8 2 71 88 18 40 4 96 63 50 75 16 58 8 50 65 97 66 68 6 29 ]
[ 36 79 68 40 8 18 45 53 85 59 62 39 82 50 58 23 55 6 86 5 33 54 15 93 56 ]
[ 81 90 22 49 96 4 86 28 24 78 36 94 24 90 31 35 52 71 17 2 81 92 9 87 78 ]
[ 66 73 84 82 66 93 15 57 67 64 5 23 2 33 47 81 22 93 57 12 25 92 16 96 61 ]
[ 18 77 54 80 16 84 98 89 21 32 8 14 47 65 81 64 22 5 66 56 4 99 78 50 56 ]
[ 42 27 0 58 75 62 28 4 16 8 20 52 59 62 73 91 70 87 39 87 21 55 9 78 21 ]
[ 17 34 73 47 84 29 41 63 82 99 38 44 80 42 12 88 15 16 99 29 90 91 51 29 82 ]
[ 90 50 37 51 80 10 69 15 83 68 51 65 10 15 47 61 5 43 41 0 7 82 15 23 81 ]
[ 96 13 24 47 43 6 37 45 95 88 78 6 9 45 41 30 96 6 40 63 5 1 21 0 95 ]
[ 21 7 77 36 31 58 32 96 83 31 91 41 20 89 37 60 67 95 70 12 36 0 60 95 92 ]
[ 24 52 45 45 53 40 66 60 17 54 43 28 38 40 63 21 83 4 41 72 93 1 39 88 23 ]
[ 3 25 23 64 72 67 40 24 13 37 29 53 55 90 23 61 85 3 99 77 18 20 61 74 13 ]

Timer (sort): 206740ms real	206700ms user	0ms sys
The output is sorted!
[ 5 45 40 0 30 27 52 74 1 9 8 5 13 0 12 37 10 1 10 59 17 3 15 91 5 ]
[ 9 0 9 61 6 22 39 25 33 55 45 8 11 3 48 68 10 1 9 45 27 7 27 1 6 ]
[ 40 30 13 36 25 29 9 11 11 1 31 2 74 81 29 10 0 31 5 14 29 23 28 17 48 ]
[ 22 18 5 44 94 95 12 6 11 34 27 62 0 30 20 0 19 7 36 16 22 12 13 8 19 ]
[ 75 53 99 6 24 59 14 3 31 13 79 13 15 11 13 8 3 27 9 32 13 7 0 37 9 ]
[ 30 10 1 40 51 32 5 83 9 97 19 36 17 1 15 23 24 27 40 1 44 14 1 22 18 ]
[ 38 23 20 8 9 10 30 16 13 34 56 43 50 44 14 64 9 32 18 35 24 5 11 31 28 ]
[ 17 45 17 34 30 4 14 17 60 77 0 7 6 81 72 15 14 11 2 14 23 30 2 9 67 ]
[ 57 14 43 23 34 5 88 17 49 18 14 30 6 14 0 62 11 31 1 15 29 32 13 2 69 ]
[ 15 4 0 15 32 6 19 41 90 50 9 59 23 34 36 8 28 7 35 4 16 30 41 8 67 ]
[ 26 18 7 24 95 15 14 3 38 39 46 53 2 5 45 3 11 44 24 6 26 48 27 25 34 ]
[ 11 47 2 13 49 78 23 44 65 24 12 44 29 16 28 45 35 5 8 8 7 8 23 30 24 ]
[ 15 32 54 20 87 70 29 1 36 22 20 36 39 32 22 37 3 5 20 46 39 0 10 4 0 ]
[ 8 35 2 28 4 21 6 65 9 99 6 40 25 5 7 28 13 10 5 20 61 40 52 17 76 ]
[ 19 20 10 72 1 0 37 1 35 0 67 68 11 61 4 99 62 43 9 3 27 8 8 17 2 ]
[ 35 0 62 34 23 0 21 4 16 27 55 4 21 0 60 68 16 1 71 29 1 19 29 36 53 ]
[ 3 21 1 1 4 2 9 99 42 61 30 25 10 18 48 19 6 80 25 40 16 37 39 19 30 ]
[ 11 47 36 90 14 53 5 12 29 0 52 81 31 19 12 29 41 0 8 27 11 45 0 5 30 ]
[ 70 57 11 1 34 17 24 0 18 18 2 33 37 41 26 36 35 17 35 43 61 17 41 12 2 ]
[ 2 17 37 4 11 18 34 2 10 19 27 7 7 5 26 41 56 12 54 84 27 41 7 86 54 ]

Timer (generate): 195ms real	170ms user	10ms sys
[ 55 83 16 36 94 74 9 38 49 2 38 11 56 33 79 53 0 70 85 34 84 73 69 68 50 ]
[ 76 44 75 7 22 58 62 57 26 50 3 52 11 41 1 13 80 13 21 65 92 74 65 62 11 ]
[ 51 98 37 72 19 87 1 63 15 8 37 73 22 94 51 24 98 3 35 91 5 0 71 70 73 ]
[ 89 62 99 6 76 11 58 75 48 82 46 87 83 9 2 43 46 27 65 40 78 41 90 82 28 ]
[ 82 39 28 5 9 53 94 23 53 1 51 64 11 78 64 93 24 51 29 33 54 72 31 33 90 ]
[ 72 12 31 14 46 60 96 37 40 2 98 94 48 73 47 1 24 63 64 3 79 10 79 30 39 ]
[ 13 36 63 44 70 5 68 34 89 83 80 1 31 17 41 85 67 87 86 40 86 39 64 49 4 ]
[ 19 80 14 99 11 5 64 99 20 60 69 26 81 55 15 16 35 16 47 4 9 85 23 97 71 ]
[ 63 35 10 80 85 66 99 65 32 50 28 37 66 80 58 79 1 36 60 57 51 76 92 19 75 ]
[ 49 28 60 72 77 83 88 13 46 68 50 12 19 67 45 70 96 34 88 76 92 67 77 80 27 ]
[ 86 31 55 31 50 83 80 31 95 4 8 79 92 21 25 12 23 89 32 91 34 54 39 21 42 ]
[ 67 13 62 96 94 89 83 77 97 14 80 80 94 63 75 50 71 6 95 45 83 7 68 73 91 ]
[ 59 59 97 98 80 40 17 46 54 14 92 95 97 21 92 11 1 72 57 64 0 7 88 6 54 ]
[ 85 90 14 53 15 5 65 74 55 15 7 47 33 53 1 47 97 96 44 18 89 7 72 13 64 ]
[ 36 13 23 76 20 30 61 62 44 67 77 1 84 51 56 51 10 3 84 63 4 83 60 53 79 ]
[ 79 42 86 51 7 2 39 21 78 68 93 8 81 55 52 48 84 5 84 87 14 36 98 17 72 ]
[ 61 74 8 74 27 87 5 21 26 8 28 80 99 1 58 67 94 66 49 1 70 49 85 76 86 ]
[ 73 42 22 23 59 46 84 85 54 10 64 94 15 85 20 75 66 0 75 67 11 94 14 77 95 ]
[ 15 0 97 53 28 83 78 70 57 1 81 3 37 19 10 48 83 4 15 21 76 91 39 28 66 ]
[ 6 39 12 20 69 8 88 21 5 41 49 88 71 71 45 72 52 0 61 71 62 9 7 66 77 ]

Timer (sort): 207827ms real	207820ms user	0ms sys
The output is sorted!
[ 32 11 4 59 14 27 23 25 13 10 72 19 1 34 14 66 0 12 4 58 6 27 24 20 14 ]
[ 48 11 31 10 6 1 51 10 2 8 28 11 43 19 90 4 3 73 63 1 19 4 13 5 57 ]
[ 9 6 18 35 52 24 10 67 62 39 8 2 25 5 8 21 21 22 61 52 4 9 17 24 21 ]
[ 14 10 35 62 3 88 1 38 25 26 36 18 42 1 3 22 39 0 8 24 16 21 78 4 24 ]
[ 82 7 26 1 9 2 12 19 2 47 14 13 35 39 66 14 18 95 19 43 2 9 48 4 15 ]
[ 16 2 2 52 28 5 62 7 66 18 59 14 33 4 36 2 29 12 84 32 9 11 47 11 2 ]
[ 14 13 23 17 20 29 36 0 43 45 5 37 9 27 66 60 2 20 0 19 39 16 7 2 99 ]
[ 21 27 17 35 6 57 15 10 10 12 39 23 13 54 26 10 30 14 3 28 11 60 36 71 21 ]
[ 16 38 20 28 4 14 51 16 22 16 9 15 12 4 31 23 25 56 78 46 30 73 13 6 17 ]
[ 35 42 45 15 30 84 36 0 12 3 43 14 47 7 16 37 6 0 0 37 53 15 18 51 17 ]
[ 24 7 33 7 56 3 36 3 34 12 1 17 63 10 48 1 33 19 35 60 59 5 42 23 34 ]
[ 6 14 21 49 76 18 2 5 18 9 3 6 75 1 1 17 44 47 39 7 17 69 46 13 76 ]
[ 30 16 8 56 12 13 20 3 36 4 40 31 2 42 15 39 27 23 49 1 61 17 84 49 2 ]
[ 38 20 5 39 21 52 39 25 1 24 75 18 41 5 23 15 33 11 36 5 44 23 1 56 32 ]
[ 5 55 1 3 23 32 24 13 69 15 21 3 20 3 98 22 28 16 37 5 49 13 60 45 24 ]
[ 1 2 0 12 5 22 21 12 47 47 32 77 10 25 32 24 31 81 36 19 95 20 6 14 18 ]
[ 77 11 16 41 76 10 19 6 15 19 1 74 41 14 7 12 55 50 5 30 10 27 47 13 14 ]
[ 53 12 0 68 21 76 6 20 9 42 64 42 13 37 73 4 17 5 17 36 46 6 7 3 15 ]
[ 2 60 5 10 14 78 60 8 42 24 0 38 26 65 61 11 14 2 7 44 3 91 20 1 7 ]
[ 31 21 12 39 29 13 63 10 20 35 2 78 40 85 0 29 35 6 11 35 0 7 21 70 1 ]

Timer (generate): 200ms real	190ms user	10ms sys
[ 87 88 91 12 7 39 24 1 53 45 60 82 34 61 47 44 88 12 20 14 74 70 31 26 50 ]
[ 29 17 15 13 71 19 0 12 10 12 19 1 89 73 7 34 33 89 20 46 89 64 86 1 85 ]
[ 52 27 7 83 5 9 12 74 24 77 46 95 77 58 57 90 29 11 31 54 18 65 39 7 86 ]
[ 37 48 50 75 49 87 28 28 94 11 34 55 76 8 31 53 6 26 31 16 84 73 98 95 4 ]
[ 4 65 21 44 72 59 33 73 10 9 74 49 37 3 96 0 37 51 76 97 83 82 56 61 65 ]
[ 24 45 38 22 92 94 79 57 67 75 82 27 8 55 89 69 29 38 58 32 34 59 21 38 87 ]
[ 71 21 69 79 34 34 3 80 24 78 24 70 57 82 38 32 16 65 40 71 54 10 52 44 68 ]
[ 37 79 79 10 17 67 81 90 88 60 24 23 16 56 47 94 81 70 51 15 8 83 31 25 75 ]
[ 54 31 37 58 75 58 95 54 37 6 23 56 39 65 45 52 42 68 68 98 67 14 31 37 65 ]
[ 98 97 0 81 22 75 35 53 65 94 81 23 41 87 60 47 11 69 39 28 14 91 70 34 11 ]
[ 21 53 25 4 43 42 3 40 42 36 15 69 72 20 34 18 1 57 59 89 70 59 52 39 98 ]
[ 80 5 41 3 39 52 76 92 77 32 35 19 87 28 13 24 43 82 96 15 69 66 17 78 77 ]
[ 58 48 36 10 39 86 42 44 27 45 35 79 73 28 8 6 15 79 93 95 92 69 38 27 17 ]
[ 6 96 83 23 74 13 33 75 49 43 66 88 85 63 15 83 98 47 8 78 7 66 94 87 60 ]
[ 89 31 81 80 58 99 86 6 82 61 33 95 94 60 97 89 26 37 26 89 52 9 88 51 70 ]
[ 66 11 36 12 98 48 54 81 30 34 40 29 72 98 63 85 31 11 31 91 60 20 70 97 98 ]
[ 59 1 8 99 53 30 66 16 66 30 14 15 84 95 45 70 87 26 94 38 89 79 69 52 62 ]
[ 13 12 34 83 9 33 94 63 93 94 68 23 12 84 89 42 98 56 79 45 53 49 85 79 44 ]
[ 23 21 75 44 25 38 9 38 72 44 99 57 39 62 50 85 30 25 97 14 15 91 64 23 70 ]
[ 62 77 20 99 8 16 74 29 91 70 55 81 80 45 6 76 96 63 15 59 14 52 41 39 49 ]

Timer (sort): 204136ms real	204120ms user	0ms sys
The output is sorted!
[ 4 7 9 38 1 12 25 3 0 4 10 1 72 29 69 47 8 36 25 4 11 32 72 52 35 ]
[ 21 4 8 21 13 72 3 21 0 45 49 78 53 0 11 10 32 21 8 3 16 22 29 5 65 ]
[ 36 9 48 37 2 24 30 34 24 25 2 18 50 17 28 38 18 1 20 43 37 6 2 53 8 ]
[ 9 7 10 21 5 6 0 9 17 12 26 16 31 89 8 19 18 14 90 22 8 29 4 79 73 ]
[ 21 27 15 1 70 85 22 9 41 8 6 18 9 69 27 8 17 23 36 4 37 9 28 34 1 ]
[ 13 22 58 10 14 0 11 28 10 28 14 22 18 27 5 57 1 55 24 27 26 20 48 17 72 ]
[ 53 7 5 36 21 3 32 39 6 52 53 3 59 3 27 25 7 39 9 0 21 11 24 89 20 ]
[ 41 5 6 5 11 27 16 2 33 17 21 47 79 15 36 92 40 48 18 3 35 10 5 31 19 ]
[ 48 26 29 2 31 21 23 51 18 13 9 51 55 11 36 32 58 5 8 11 25 39 41 11 8 ]
[ 88 35 7 1 1 50 48 34 0 9 11 0 2 41 13 3 50 14 31 83 12 31 9 61 31 ]
[ 36 9 7 43 6 42 26 50 1 29 21 2 0 20 24 58 82 7 6 42 0 46 45 49 14 ]
[ 80 23 17 33 29 34 11 8 30 10 5 49 9 3 9 1 8 15 41 14 3 10 97 42 85 ]
[ 49 83 9 31 13 87 20 42 45 27 0 13 38 3 8 4 5 3 4 11 35 42 1 93 0 ]
[ 28 2 63 33 61 49 3 14 52 0 6 43 5 83 14 51 10 21 10 19 7 34 29 21 12 ]
[ 66 19 27 85 23 12 0 26 8 1 2 19 38 6 36 43 11 57 4 0 76 16 4 64 28 ]
[ 72 4 21 65 7 44 17 10 36 4 36 24 26 12 52 1 8 48 31 57 31 10 0 14 43 ]
[ 29 37 38 30 6 84 59 17 27 5 31 1 5 2 24 20 2 7 9 64 71 4 44 58 1 ]
[ 25 21 32 50 20 28 13 5 79 47 23 19 19 6 15 18 13 1 43 46 39 26 60 11 16 ]
[ 5 20 97 59 29 52 5 0 21 0 72 4 21 0 11 31 55 10 27 36 10 23 52 8 31 ]
[ 89 13 12 5 58 58 19 4 38 8 31 11 23 16 23 1 30 34 20 34 46 72 11 13 19 ]

Timer (generate): 174ms real	150ms user	10ms sys
[ 48 22 18 67 81 94 35 55 30 51 24 44 91 73 91 53 90 18 40 79 46 91 61 83 74 ]
[ 74 34 6 74 61 79 22 35 97 89 17 43 76 24 74 27 48 70 18 74 61 24 64 32 64 ]
[ 96 78 8 57 13 34 83 47 92 58 60 71 32 96 21 22 13 64 50 89 90 30 89 60 48 ]
[ 63 74 24 80 6 41 76 36 49 33 50 83 68 49 75 26 10 98 59 6 19 33 71 36 83 ]
[ 12 26 13 1 87 14 17 13 90 97 19 31 73 55 32 58 57 15 26 7 42 5 69 41 16 ]
[ 27 12 49 98 48 84 62 75 50 63 14 16 80 27 6 77 98 90 2 53 22 60 63 38 87 ]
[ 22 32 44 91 25 60 18 38 61 68 38 45 30 13 47 45 79 63 26 6 22 55 4 12 10 ]
[ 10 34 70 25 24 9 47 9 53 38 34 65 56 24 26 76 63 72 6 76 71 3 8 35 81 ]
[ 14 57 37 71 21 47 33 55 69 58 32 31 5 41 84 95 75 2 3 0 28 79 15 52 37 ]
[ 91 24 40 51 11 74 18 68 11 89 41 10 74 96 31 84 80 62 41 73 99 36 49 1 39 ]
[ 1 29 70 16 34 59 59 58 51 63 69 25 81 89 88 22 30 98 96 78 82 80 11 96 73 ]
[ 84 95 9 85 48 0 38 30 22 54 64 81 66 22 32 29 43 10 62 84 98 84 14 49 80 ]
[ 44 31 12 55 27 37 40 75 46 25 23 98 64 53 72 70 69 5 88 43 89 69 86 99 31 ]
[ 70 98 15 36 47 47 33 30 11 88 9 48 80 36 46 6 60 96 22 65 68 44 87 73 33 ]
[ 30 63 54 69 14 86 91 12 53 28 11 53 13 93 64 1 55 13 82 91 11 40 51 8 14 ]
[ 69 76 58 56 2 91 38 17 46 7 31 84 99 44 89 79 7 42 92 53 59 45 8 24 79 ]
[ 99 35 19 3 43 33 24 72 92 80 26 35 70 43 33 78 74 69 29 70 59 8 30 1 52 ]
[ 83 12 97 91 36 77 90 72 48 45 67 34 69 39 78 1 65 13 72 60 99 50 35 68 79 ]
[ 57 27 39 87 81 91 70 93 40 61 30 69 4 54 18 49 21 4 19 13 82 20 30 47 92 ]
[ 91 46 94 26 15 25 35 94 64 23 75 7 93 21 48 7 3 17 11 57 87 60 30 91 31 ]

Timer (sort): 190103ms real	190100ms user	0ms sys
The output is sorted!
[ 29 9 2 39 0 2 19 73 11 22 8 17 11 55 2 20 18 4 13 3 8 27 20 30 69 ]
[ 0 31 51 17 19 14 34 54 8 3 31 22 25 2 0 0 25 0 18 32 19 28 55 9 53 ]
[ 81 74 27 38 8 7 45 42 20 6 9 5 65 72 11 14 12 1 18 14 23 4 16 1 1 ]
[ 16 30 35 11 2 46 6 0 18 30 31 8 69 40 87 8 51 0 17 49 4 10 6 28 20 ]
[ 31 52 10 13 2 77 0 13 10 16 17 21 14 4 77 19 29 11 5 10 37 62 64 32 16 ]
[ 17 55 80 36 70 7 60 24 6 3 3 33 19 44 5 2 2 10 23 60 9 11 9 52 4 ]
[ 88 13 29 13 18 17 15 2 11 30 9 4 13 7 57 29 47 34 89 30 0 20 24 27 24 ]
[ 17 7 43 88 20 20 20 5 5 2 14 39 33 6 33 4 13 21 2 6 15 58 48 37 97 ]
[ 71 12 47 34 28 0 3 77 21 33 74 7 44 13 98 13 7 16 17 3 14 15 7 4 7 ]
[ 0 21 9 16 49 55 99 13 39 12 14 38 16 28 35 25 44 34 9 32 36 3 0 14 28 ]
[ 13 6 24 66 44 9 0 33 17 5 4 33 16 35 71 9 41 37 14 58 20 18 15 22 63 ]
[ 0 27 68 1 8 7 82 12 83 5 15 25 5 18 12 57 39 59 11 3 38 14 2 47 36 ]
[ 9 50 54 3 77 39 47 34 70 10 0 3 28 0 33 43 23 32 14 16 7 8 29 25 23 ]
[ 33 44 2 41 61 7 0 28 73 11 5 59 15 13 26 0 10 11 2 3 51 25 46 95 18 ]
[ 56 84 6 8 18 3 38 40 71 37 34 8 22 6 7 6 10 4 31 20 10 7 50 6 98 ]
[ 1 64 31 29 36 11 18 51 4 18 45 24 9 9 31 14 12 62 63 73 25 21 3 6 20 ]
[ 97 5 60 6 6 46 48 23 1 21 14 6 40 4 4 21 12 8 28 35 71 41 3 23 67 ]
[ 8 37 1 6 35 46 5 13 0 98 15 0 10 72 12 76 34 62 8 81 0 14 12 3 43 ]
[ 71 37 98 26 12 20 61 18 12 32 21 13 58 6 2 2 5 23 24 40 10 10 16 15 59 ]
[ 36 1 67 56 6 63 51 19 5 22 12 15 59 4 28 55 27 60 4 7 15 8 50 12 10 ]

