Timer (generate): 214ms real	170ms user	20ms sys
[ 30 98 61 44 45 23 25 61 61 27 64 4 78 24 93 1 20 83 86 6 68 88 90 39 65 ]
[ 52 1 59 91 89 99 73 87 12 17 85 36 94 46 49 21 63 6 51 87 99 4 59 34 43 ]
[ 65 54 31 56 46 96 60 99 8 51 89 59 24 28 71 41 13 7 87 12 9 9 75 15 12 ]
[ 14 66 17 74 52 60 91 6 91 99 52 40 60 4 48 63 93 7 88 21 78 81 87 38 69 ]
[ 51 47 30 26 14 42 40 80 11 66 32 71 10 38 15 9 43 55 21 99 3 85 92 62 73 ]
[ 65 40 6 4 30 27 55 77 57 81 91 52 74 23 63 92 55 87 2 46 2 64 41 9 85 ]
[ 40 12 22 32 74 47 49 66 54 54 49 81 9 26 91 43 70 95 69 93 58 13 1 97 68 ]
[ 47 99 32 88 8 69 80 72 92 64 98 39 13 17 45 19 66 27 81 44 70 24 66 65 45 ]
[ 60 75 58 13 73 26 12 24 10 0 85 80 80 9 24 44 8 63 9 77 61 29 43 88 10 ]
[ 87 10 86 6 27 83 18 2 41 31 27 68 43 4 30 95 41 10 27 50 86 23 10 50 32 ]
[ 87 11 13 82 51 75 22 13 13 28 40 96 46 94 38 77 22 58 72 78 40 67 19 51 94 ]
[ 69 37 69 32 39 1 19 2 67 54 5 42 76 70 8 56 10 4 2 57 94 31 31 4 3 ]
[ 9 45 22 28 48 68 49 37 37 81 29 90 53 31 57 59 89 52 35 59 60 43 22 16 45 ]
[ 79 63 28 10 67 83 71 64 5 51 64 73 0 2 62 34 31 52 39 14 62 50 55 14 37 ]
[ 15 26 80 89 42 77 20 57 5 82 77 88 53 41 93 4 6 18 56 60 80 42 43 84 33 ]
[ 57 46 83 13 60 20 80 38 52 21 33 29 41 90 34 23 67 74 28 61 19 32 19 37 40 ]
[ 79 69 35 22 6 68 31 52 4 96 65 76 76 3 29 49 36 10 90 79 45 65 46 71 93 ]
[ 7 91 77 78 80 70 57 50 5 31 8 25 63 60 29 59 25 58 88 81 39 37 17 49 80 ]
[ 48 46 45 95 18 91 54 9 68 33 89 38 42 91 43 74 99 21 89 12 2 48 37 60 88 ]
[ 70 51 26 40 1 58 88 47 3 35 65 94 90 26 15 75 16 53 69 59 49 95 11 22 84 ]

Timer (sort): 56415ms real	50850ms user	380ms sys
The output is sorted!
[ 15 1 41 52 0 24 1 41 4 0 26 25 52 36 64 10 3 36 18 26 51 27 15 28 14 ]
[ 32 2 9 31 4 20 1 40 19 2 79 11 51 38 37 34 6 6 24 17 3 62 46 17 28 ]
[ 7 63 60 2 2 20 1 39 32 4 54 8 94 27 21 6 26 1 2 36 15 9 29 36 26 ]
[ 3 37 39 6 24 27 49 9 40 12 18 14 93 14 37 24 30 0 7 28 9 41 32 18 20 ]
[ 25 17 38 1 21 16 14 13 2 45 39 38 21 54 0 8 13 14 10 93 21 13 15 86 28 ]
[ 37 59 26 0 48 29 13 7 12 40 10 36 3 8 14 2 79 86 7 15 64 41 3 12 2 ]
[ 54 27 21 3 6 8 23 80 6 61 2 8 64 0 41 19 78 1 1 5 82 0 0 36 39 ]
[ 6 62 71 68 23 8 15 11 11 24 14 20 42 11 45 57 13 4 10 11 12 4 74 20 30 ]
[ 18 57 15 10 19 20 97 19 25 1 61 0 18 8 29 1 1 81 4 5 28 51 1 79 35 ]
[ 14 18 18 1 39 29 71 22 27 54 27 5 61 41 3 11 19 36 42 95 6 11 0 16 21 ]
[ 30 2 76 20 47 20 28 13 31 4 1 32 94 26 40 41 12 15 24 14 4 29 56 6 22 ]
[ 32 45 94 10 4 5 42 0 12 28 42 17 4 29 79 80 5 14 2 31 53 6 7 13 34 ]
[ 62 83 37 9 0 41 30 35 5 11 31 13 3 9 59 10 35 8 11 3 37 86 12 37 25 ]
[ 13 23 22 12 28 9 24 79 43 16 56 0 33 6 5 7 27 67 4 2 34 34 41 11 99 ]
[ 16 30 17 38 26 50 71 18 10 1 2 24 17 35 12 16 75 19 42 69 7 32 59 2 7 ]
[ 83 3 65 34 21 42 10 9 7 56 18 34 4 32 55 4 33 32 31 13 7 80 14 6 2 ]
[ 24 46 18 13 3 88 44 14 0 1 6 13 6 28 10 2 87 3 30 8 37 57 58 13 88 ]
[ 25 68 26 6 22 10 26 12 38 34 40 9 23 44 32 48 26 18 30 10 7 59 17 27 40 ]
[ 7 6 5 33 27 17 43 59 24 26 19 28 77 49 15 16 9 36 58 26 6 3 36 26 48 ]
[ 18 4 90 11 92 20 26 4 36 42 38 2 4 6 14 13 10 15 34 45 64 45 24 18 24 ]

Timer (generate): 157ms real	80ms user	10ms sys
[ 39 20 42 91 56 94 86 3 10 90 9 56 32 93 96 39 63 12 32 81 1 19 57 10 3 ]
[ 82 77 40 4 46 75 95 66 69 86 22 64 25 77 26 67 39 34 99 32 83 90 47 95 22 ]
[ 80 48 93 38 58 48 72 88 89 77 34 16 72 0 86 11 75 2 36 52 28 3 91 15 54 ]
[ 76 98 44 23 45 67 4 93 12 94 3 61 66 91 2 43 25 18 68 78 56 79 53 58 15 ]
[ 5 87 70 49 2 24 25 52 68 0 97 87 4 42 52 50 45 65 17 37 67 12 14 37 80 ]
[ 92 94 59 45 52 26 3 91 96 52 45 20 77 97 41 77 46 80 34 88 32 84 34 97 53 ]
[ 23 16 66 89 54 98 82 0 10 79 4 36 82 48 85 34 93 5 63 43 98 93 89 79 79 ]
[ 30 63 15 16 61 69 39 77 87 28 83 85 62 35 95 42 40 32 24 88 69 11 33 74 26 ]
[ 28 25 71 70 56 50 0 19 66 16 80 87 7 10 74 35 45 59 50 81 7 92 73 91 68 ]
[ 13 60 31 46 86 58 27 11 29 97 19 32 49 39 98 65 19 85 24 81 11 11 27 22 61 ]
[ 8 29 53 81 72 74 94 32 5 92 71 15 19 82 45 68 2 77 17 93 27 34 12 64 58 ]
[ 46 27 70 73 49 31 81 31 37 14 3 11 60 88 68 52 59 84 24 93 81 92 47 10 10 ]
[ 40 37 44 5 53 3 51 80 73 24 81 56 57 12 93 71 68 4 31 56 25 35 15 9 59 ]
[ 8 90 52 56 0 62 96 89 58 1 42 61 52 74 86 28 7 43 85 20 36 8 88 93 39 ]
[ 44 18 27 11 79 86 19 69 90 27 21 4 24 10 63 77 4 76 30 30 63 58 37 58 96 ]
[ 57 94 4 97 39 96 93 9 23 4 88 61 76 9 52 3 30 56 27 92 19 57 96 96 87 ]
[ 26 11 97 64 69 45 73 15 50 71 7 46 16 68 21 21 9 82 49 18 34 52 1 91 32 ]
[ 93 62 89 90 10 28 68 73 77 84 42 23 58 10 73 81 17 71 49 85 44 70 94 26 71 ]
[ 65 13 24 66 4 8 11 18 97 53 81 25 22 54 2 6 49 25 16 59 50 49 76 73 99 ]
[ 13 17 21 8 44 93 25 57 69 91 13 77 2 83 74 8 64 51 30 71 5 88 20 83 57 ]

Timer (sort): 56357ms real	53060ms user	80ms sys
The output is sorted!
[ 17 9 20 27 44 12 1 38 40 33 35 66 7 4 88 17 0 28 1 2 38 11 22 31 28 ]
[ 3 80 0 16 37 49 21 22 3 57 29 10 40 43 31 21 34 42 19 22 5 10 15 16 8 ]
[ 12 2 3 27 6 2 15 2 12 53 45 26 15 20 80 14 31 56 38 52 21 46 13 0 44 ]
[ 8 19 50 29 24 24 13 45 26 22 6 49 10 29 64 13 1 16 54 15 55 24 8 9 40 ]
[ 24 47 1 26 31 25 22 44 22 13 2 57 38 31 34 83 5 0 7 18 11 49 8 1 57 ]
[ 41 6 45 66 3 26 28 17 4 27 17 35 38 13 51 59 54 47 2 2 20 4 13 0 40 ]
[ 81 2 7 20 16 10 61 27 19 31 41 32 23 18 3 33 37 3 81 8 4 12 18 74 13 ]
[ 22 46 15 4 56 58 23 8 18 32 54 15 0 28 14 28 1 35 53 10 0 54 46 38 17 ]
[ 2 39 42 82 63 42 18 24 12 4 29 8 12 26 16 53 1 22 42 21 19 25 47 1 28 ]
[ 7 8 10 74 7 17 92 11 9 15 22 76 13 35 55 10 7 31 2 0 33 19 56 39 37 ]
[ 10 6 30 19 25 67 21 68 40 86 7 6 36 5 4 11 4 42 3 49 2 33 16 73 27 ]
[ 0 35 25 3 52 27 21 45 36 26 71 15 28 15 26 11 5 36 23 32 6 14 47 29 65 ]
[ 9 8 72 72 18 5 43 13 21 7 10 33 46 44 54 1 6 44 31 6 8 21 29 35 58 ]
[ 34 81 25 16 20 9 43 89 8 13 21 34 20 20 35 33 49 28 1 10 8 4 6 28 59 ]
[ 2 62 28 32 50 6 21 34 8 58 81 1 40 7 2 45 18 12 12 20 62 6 19 11 60 ]
[ 38 43 9 35 64 71 47 4 11 13 65 1 10 4 9 47 19 22 42 62 2 17 26 33 6 ]
[ 67 25 10 9 47 7 9 13 65 42 49 83 8 16 54 15 27 25 3 55 4 1 0 7 59 ]
[ 1 21 82 33 51 10 42 85 0 23 8 41 14 25 1 22 6 90 32 1 69 4 0 27 13 ]
[ 45 93 2 13 89 27 28 32 1 31 8 15 27 38 9 7 3 21 13 8 5 57 68 27 36 ]
[ 15 2 33 1 39 18 55 24 39 27 14 21 64 32 3 38 10 54 48 5 45 2 42 24 48 ]

Timer (generate): 138ms real	90ms user	0ms sys
[ 17 86 82 26 51 78 0 70 69 88 58 53 48 83 32 35 15 82 8 20 68 15 51 74 16 ]
[ 0 73 21 1 92 89 71 78 71 97 29 50 98 52 71 38 10 76 86 46 8 21 13 43 81 ]
[ 33 11 97 85 38 65 37 63 38 90 55 27 61 85 51 11 14 53 61 18 24 99 81 52 85 ]
[ 27 60 59 40 55 40 26 19 89 63 57 6 0 72 44 42 79 24 4 64 75 15 30 80 76 ]
[ 49 56 27 30 8 12 57 20 23 49 76 16 27 95 57 90 4 16 42 76 60 85 55 36 89 ]
[ 19 63 56 49 43 84 50 99 11 80 7 75 89 28 99 91 4 67 18 51 76 9 55 92 3 ]
[ 31 5 88 38 41 29 9 5 85 58 48 21 61 0 32 41 7 8 31 87 59 22 43 78 40 ]
[ 94 54 1 1 47 5 84 52 45 22 45 75 31 50 12 42 99 34 3 99 66 44 58 26 27 ]
[ 46 37 1 89 15 94 36 22 47 37 69 52 22 73 98 44 18 25 28 21 37 70 72 71 25 ]
[ 23 90 21 81 68 49 79 6 2 69 21 96 5 95 44 42 16 48 16 89 98 13 60 23 41 ]
[ 81 13 63 53 84 40 76 26 61 9 95 62 89 1 17 58 74 13 15 70 9 9 86 10 26 ]
[ 28 8 91 40 84 84 21 97 47 26 33 39 54 60 0 63 7 15 52 8 32 62 34 97 29 ]
[ 56 59 39 95 69 17 23 77 8 15 13 44 36 10 43 14 96 82 68 8 34 31 15 1 36 ]
[ 75 33 50 61 83 80 18 42 71 13 11 88 88 40 48 55 6 44 91 68 87 57 64 69 25 ]
[ 72 3 8 87 5 96 14 90 47 76 25 79 94 67 50 59 30 90 99 23 90 54 29 34 97 ]
[ 97 21 54 62 42 31 86 45 91 74 2 88 40 45 87 16 70 66 10 90 16 21 20 58 20 ]
[ 43 48 74 24 82 23 22 55 77 36 97 60 22 94 52 48 49 40 89 94 27 5 16 45 16 ]
[ 6 13 89 79 71 10 22 19 36 47 53 12 21 60 89 57 57 50 79 51 54 28 52 94 17 ]
[ 98 73 22 15 70 90 73 83 32 52 54 42 27 25 30 26 78 42 99 38 84 56 47 86 35 ]
[ 50 40 15 3 86 84 1 11 7 68 81 49 42 64 81 46 18 75 25 43 58 3 73 52 2 ]

Timer (sort): 55809ms real	51970ms user	810ms sys
The output is sorted!
[ 9 66 0 83 23 10 0 74 13 1 5 26 36 21 10 43 41 8 10 1 12 35 10 35 68 ]
[ 69 7 26 47 0 27 17 30 9 9 3 37 12 17 36 12 58 38 18 2 40 79 1 7 41 ]
[ 21 24 0 15 23 66 3 5 61 24 16 36 9 18 63 13 9 13 15 16 52 80 37 19 14 ]
[ 19 5 29 70 4 31 13 26 6 84 5 35 72 15 35 45 2 8 12 2 47 2 30 44 23 ]
[ 43 83 37 7 47 8 1 9 13 7 26 6 7 1 9 69 84 20 32 9 19 59 15 4 52 ]
[ 8 54 41 9 3 15 30 16 1 11 18 39 29 51 9 2 37 58 54 31 57 34 52 0 16 ]
[ 8 44 13 10 25 41 33 16 2 18 54 69 8 15 2 5 9 14 44 0 86 72 14 61 16 ]
[ 21 31 5 1 9 26 0 51 7 46 1 14 81 9 52 51 6 24 12 16 8 73 26 95 18 ]
[ 31 2 16 29 16 32 22 24 1 21 23 7 84 47 39 1 4 16 61 36 42 20 4 90 16 ]
[ 5 15 0 35 38 19 31 1 53 11 2 39 32 24 29 0 11 32 11 57 45 86 25 24 60 ]
[ 46 14 37 82 0 27 18 19 90 25 7 7 17 26 3 91 0 86 10 1 12 9 15 3 43 ]
[ 3 8 32 25 10 2 10 66 39 88 27 48 21 13 6 1 33 40 72 19 15 14 9 40 49 ]
[ 13 28 6 18 5 79 19 8 1 44 63 46 48 2 22 16 49 28 59 56 2 23 29 16 13 ]
[ 64 65 29 1 12 23 37 18 70 85 1 4 11 14 36 24 21 37 31 1 31 9 54 10 13 ]
[ 9 9 36 17 29 80 15 4 1 94 31 8 22 11 9 35 18 58 29 6 18 55 59 18 36 ]
[ 12 48 29 3 74 6 4 61 51 2 30 20 21 37 9 2 75 4 51 22 40 36 30 1 42 ]
[ 11 93 61 12 2 37 16 24 49 24 2 99 23 15 7 16 20 38 60 2 39 1 8 27 25 ]
[ 7 35 25 7 45 7 24 14 6 87 13 4 4 54 14 16 78 0 56 47 35 71 11 0 55 ]
[ 29 4 45 21 12 32 14 50 10 60 58 2 11 12 15 45 3 8 56 51 61 88 15 10 4 ]
[ 26 15 47 41 15 26 42 25 0 26 39 21 34 28 15 93 3 2 79 24 29 39 16 13 19 ]

Timer (generate): 98ms real	80ms user	0ms sys
[ 67 37 47 15 66 55 14 76 78 35 44 5 58 28 66 55 44 94 61 99 56 8 9 35 58 ]
[ 49 28 90 81 43 96 1 80 96 16 99 3 82 75 33 17 20 90 75 0 8 30 96 2 43 ]
[ 95 11 3 4 46 62 53 26 4 87 69 53 40 50 1 8 49 56 91 76 89 60 48 80 36 ]
[ 48 88 18 96 43 14 43 54 17 47 52 31 53 78 88 92 99 93 32 1 94 92 2 50 83 ]
[ 79 91 44 27 71 32 28 12 2 24 55 16 68 61 86 67 13 17 72 43 5 16 42 98 0 ]
[ 44 44 93 98 46 76 77 38 72 57 61 56 37 25 59 61 80 75 81 93 13 1 6 31 25 ]
[ 1 88 42 96 39 42 92 83 35 90 30 64 68 20 36 77 81 93 14 7 4 27 39 31 61 ]
[ 85 45 62 43 76 87 45 16 81 41 55 24 33 39 11 75 21 75 43 93 64 72 74 9 86 ]
[ 33 13 14 25 44 27 62 89 89 5 17 28 2 34 10 43 89 86 28 80 97 4 53 73 99 ]
[ 46 89 72 73 98 10 58 11 76 35 7 3 97 97 44 55 66 73 57 0 35 53 42 73 81 ]
[ 74 70 37 80 95 37 78 84 61 3 82 23 62 45 0 49 5 55 99 54 0 54 20 25 63 ]
[ 73 12 16 67 85 50 41 55 87 73 3 76 52 87 89 55 22 65 69 19 65 19 24 72 70 ]
[ 78 24 76 51 49 39 24 13 8 91 98 58 84 6 97 58 61 26 10 48 67 17 22 32 87 ]
[ 94 49 58 18 22 28 49 46 4 0 48 95 76 13 55 67 12 13 51 70 63 61 31 41 23 ]
[ 31 8 41 6 41 28 0 42 86 70 64 14 71 63 70 71 63 17 47 76 73 66 40 38 70 ]
[ 10 53 31 93 94 55 77 3 96 83 96 76 35 90 62 57 55 28 29 70 50 0 33 67 0 ]
[ 9 92 18 2 31 88 12 36 72 58 31 79 87 86 27 22 34 3 57 24 17 14 31 45 43 ]
[ 1 47 96 86 66 48 48 59 66 50 42 7 14 78 31 72 61 62 11 47 89 33 33 44 90 ]
[ 58 61 57 89 58 52 43 5 48 29 23 48 77 82 67 27 76 74 94 7 57 66 68 19 78 ]
[ 16 60 11 49 4 54 59 17 11 1 75 63 44 32 64 25 7 12 55 42 79 34 18 5 28 ]

Timer (sort): 51917ms real	51470ms user	0ms sys
The output is sorted!
[ 5 13 6 46 88 77 4 43 24 47 11 2 45 25 15 6 12 19 8 44 33 14 3 2 14 ]
[ 1 31 10 1 0 30 4 10 11 46 18 4 76 29 25 54 1 53 8 73 39 17 66 18 13 ]
[ 45 42 20 3 28 37 38 27 15 22 8 0 5 21 1 91 0 4 47 71 19 5 0 35 59 ]
[ 71 2 1 23 51 82 49 40 6 59 8 5 12 0 49 0 42 9 45 1 10 12 24 50 17 ]
[ 33 20 38 9 82 34 30 16 21 12 1 22 37 37 35 2 41 44 54 37 27 16 17 5 4 ]
[ 52 0 8 20 9 28 13 0 42 51 9 6 19 0 40 94 33 32 64 5 33 12 25 84 1 ]
[ 8 58 27 41 46 42 34 39 0 12 0 1 47 12 44 13 0 9 40 33 74 49 8 48 3 ]
[ 87 25 36 12 72 1 1 13 32 8 4 39 31 17 81 16 1 8 37 49 10 0 63 29 18 ]
[ 41 19 24 68 1 88 27 63 73 46 9 20 9 6 10 16 12 24 13 79 2 4 13 20 6 ]
[ 87 16 14 8 33 14 51 30 0 22 9 82 16 6 10 23 13 24 41 7 31 37 8 42 69 ]
[ 24 26 87 37 5 26 31 17 46 34 86 24 10 24 45 6 2 42 1 15 11 28 0 55 11 ]
[ 22 56 1 58 7 20 4 4 23 5 25 83 28 10 16 3 54 70 20 1 20 4 64 8 87 ]
[ 84 52 54 33 21 2 8 5 4 36 27 3 23 39 17 15 41 7 29 12 6 14 70 36 56 ]
[ 20 5 9 90 21 16 18 31 76 21 2 2 38 19 26 40 35 5 5 43 5 44 65 24 34 ]
[ 74 11 26 16 16 13 80 1 12 31 61 6 19 10 14 16 90 24 27 34 24 25 13 43 9 ]
[ 1 30 4 65 54 50 2 24 53 64 7 18 53 10 77 37 36 4 4 1 10 63 4 0 27 ]
[ 54 1 9 59 8 39 88 19 15 24 6 39 79 44 14 18 34 10 24 0 34 4 57 1 18 ]
[ 16 3 63 25 10 30 23 19 1 5 28 31 18 18 23 23 10 75 17 2 12 99 29 61 60 ]
[ 73 6 25 23 16 26 30 42 2 37 14 0 81 0 6 54 25 54 34 17 20 69 12 3 32 ]
[ 7 8 22 17 38 70 54 47 13 0 14 9 2 22 43 27 11 67 17 22 32 99 21 19 21 ]

Timer (generate): 140ms real	100ms user	0ms sys
[ 0 25 15 61 96 80 52 59 53 66 2 85 68 92 78 61 19 49 16 16 81 47 56 67 73 ]
[ 95 22 59 17 1 1 17 26 68 31 74 49 35 86 54 1 40 40 70 33 70 83 4 71 51 ]
[ 21 52 98 29 20 71 76 94 82 94 95 35 63 74 4 94 48 5 29 86 59 83 27 51 5 ]
[ 12 21 88 16 93 39 89 45 89 19 17 13 95 12 95 41 59 83 5 33 39 99 34 44 81 ]
[ 20 3 16 47 7 21 11 28 9 28 21 0 17 19 89 88 36 2 36 0 50 77 60 33 82 ]
[ 45 24 34 79 68 67 52 23 83 51 30 4 63 59 65 91 32 17 60 51 58 1 40 13 37 ]
[ 92 63 14 4 48 97 50 72 83 81 92 50 33 15 85 85 98 89 0 9 6 43 41 23 55 ]
[ 93 81 56 85 94 93 77 9 8 82 57 57 32 81 40 65 25 42 99 41 27 36 91 68 36 ]
[ 0 74 31 41 97 86 86 78 43 23 25 36 1 34 96 35 44 53 19 77 45 84 3 39 35 ]
[ 96 66 71 87 34 59 39 60 90 80 57 29 19 88 72 42 13 60 95 99 9 30 43 62 1 ]
[ 21 60 86 76 99 21 72 18 45 11 4 4 50 65 47 30 74 76 1 14 0 96 79 12 91 ]
[ 79 21 74 74 36 75 47 96 13 23 47 87 95 17 32 6 22 88 56 39 35 39 13 63 92 ]
[ 80 15 88 59 28 32 38 49 6 65 37 33 12 33 99 36 33 86 83 50 18 90 72 6 98 ]
[ 63 94 89 29 9 82 9 25 22 68 5 54 59 6 12 24 44 98 36 29 97 24 62 83 8 ]
[ 13 1 50 37 59 48 1 53 90 30 15 24 39 92 46 59 97 1 18 55 65 94 99 63 83 ]
[ 81 60 7 43 43 15 8 96 65 98 56 66 51 61 56 81 76 80 72 68 78 83 17 31 54 ]
[ 73 97 48 24 60 31 5 73 39 1 68 54 61 65 72 59 73 38 62 34 94 43 63 26 67 ]
[ 31 4 3 1 36 57 74 85 5 50 97 89 8 70 80 9 91 86 22 56 58 34 81 96 96 ]
[ 15 42 92 78 20 59 62 25 62 63 13 71 89 98 77 39 95 18 47 18 98 8 9 84 31 ]
[ 17 95 17 98 43 13 65 86 5 96 6 17 58 83 31 73 48 3 62 98 32 53 94 2 1 ]

Timer (sort): 57709ms real	53280ms user	10ms sys
The output is sorted!
[ 8 23 54 33 6 3 18 27 8 75 7 57 46 72 0 21 67 36 1 16 1 5 13 20 2 ]
[ 19 19 62 58 8 18 16 65 37 11 69 10 58 9 17 11 47 19 8 3 20 2 24 12 2 ]
[ 33 81 9 43 28 15 16 8 44 35 5 88 22 8 4 44 5 5 21 35 14 6 72 0 13 ]
[ 38 14 10 43 5 15 1 36 30 19 10 25 82 3 71 11 20 72 23 50 19 18 10 24 6 ]
[ 93 45 32 7 2 16 77 6 24 79 30 7 11 2 15 7 5 53 1 21 43 49 31 0 16 ]
[ 15 64 0 98 1 48 5 32 1 11 15 24 23 53 28 10 23 6 31 8 21 1 47 75 33 ]
[ 29 26 38 45 34 20 54 45 9 0 34 88 78 12 15 43 2 1 6 24 17 3 16 7 28 ]
[ 36 32 14 36 46 43 0 31 2 4 28 27 51 18 28 5 39 4 84 74 15 16 12 22 15 ]
[ 68 1 27 25 1 62 16 14 49 11 9 10 20 67 10 6 28 72 37 51 11 16 17 13 42 ]
[ 82 12 81 16 22 47 80 57 3 0 43 14 17 6 20 2 46 35 6 25 2 3 36 26 7 ]
[ 2 12 0 4 47 1 62 7 15 14 10 6 36 17 47 28 13 64 57 9 98 31 59 33 17 ]
[ 28 26 11 7 17 80 1 0 82 28 0 0 22 11 15 42 25 17 15 6 64 48 0 87 58 ]
[ 26 3 6 42 39 95 18 46 0 27 92 62 53 5 14 2 33 35 1 9 26 21 23 13 0 ]
[ 94 26 6 80 36 32 20 10 65 5 2 54 4 16 0 50 17 30 29 7 67 4 14 1 26 ]
[ 22 66 31 13 10 30 6 7 44 28 3 6 3 56 10 59 2 71 8 36 44 35 25 58 23 ]
[ 2 34 17 82 25 15 2 58 17 28 0 71 12 8 4 63 17 15 19 55 65 45 12 28 6 ]
[ 23 11 5 28 19 43 40 55 40 52 30 4 82 4 7 36 17 69 58 15 35 6 6 10 6 ]
[ 60 16 61 98 26 5 29 14 11 38 7 8 14 65 36 8 33 49 3 13 15 6 19 44 27 ]
[ 97 9 16 34 63 10 11 13 18 14 10 41 11 6 1 70 88 68 14 5 3 19 35 4 48 ]
[ 38 7 31 16 3 26 58 17 3 7 53 74 8 85 25 5 0 48 16 7 64 13 5 61 38 ]

Timer (generate): 118ms real	90ms user	0ms sys
[ 81 62 68 97 15 56 29 78 7 32 52 30 88 67 86 70 14 45 10 45 30 21 75 39 46 ]
[ 44 69 82 95 91 87 77 5 56 74 21 64 55 99 71 88 51 53 76 71 40 98 85 85 8 ]
[ 82 15 81 58 6 27 54 75 62 49 66 49 26 24 57 0 45 22 8 96 45 96 48 99 24 ]
[ 71 39 22 8 76 82 90 43 63 0 49 91 54 24 53 4 42 54 30 18 12 83 63 34 91 ]
[ 60 31 39 60 30 63 31 21 37 91 49 19 81 92 82 82 41 25 88 17 30 92 12 85 75 ]
[ 30 97 10 46 83 1 6 14 92 18 97 7 1 70 44 92 20 15 73 64 49 7 6 75 48 ]
[ 75 5 92 39 90 67 70 39 77 16 22 30 74 89 74 92 38 81 93 8 25 85 28 40 10 ]
[ 93 42 70 51 17 18 78 74 10 18 65 30 40 56 59 8 79 90 82 20 64 26 58 98 71 ]
[ 66 23 8 47 16 70 92 58 40 95 27 10 25 1 73 43 18 3 35 75 62 43 6 4 77 ]
[ 26 21 3 36 19 26 54 94 34 1 62 57 45 72 49 92 99 60 18 1 33 13 19 88 49 ]
[ 46 50 92 52 55 70 78 28 25 14 47 4 21 93 90 22 56 47 20 28 97 64 28 9 82 ]
[ 81 42 96 52 30 45 99 32 89 51 39 11 82 67 89 48 66 93 69 60 83 44 16 83 16 ]
[ 44 80 80 24 89 15 5 83 11 10 65 8 9 49 97 12 89 61 46 8 50 47 27 43 68 ]
[ 87 78 12 55 61 80 51 41 13 76 82 28 33 17 91 95 34 99 4 84 48 69 25 9 67 ]
[ 85 11 14 12 54 83 51 33 47 6 94 80 58 88 93 86 22 21 71 92 64 67 26 15 23 ]
[ 62 63 44 87 25 12 25 36 78 37 43 61 89 28 61 47 22 41 5 62 86 43 37 59 67 ]
[ 29 23 34 7 38 9 70 53 54 9 30 66 34 19 44 24 62 58 13 42 71 60 16 64 18 ]
[ 79 50 13 68 9 80 49 84 66 56 74 76 78 79 30 40 10 48 26 81 92 50 95 2 15 ]
[ 37 73 28 53 37 98 84 39 11 52 0 92 1 84 10 10 10 86 40 90 16 32 52 64 59 ]
[ 85 9 61 80 11 29 69 37 9 22 26 7 59 66 18 11 66 62 65 3 73 27 13 11 67 ]

Timer (sort): 58896ms real	53480ms user	1490ms sys
The output is sorted!
[ 14 22 47 9 16 18 4 4 4 35 49 0 33 0 13 2 12 17 53 33 15 43 1 49 94 ]
[ 8 43 68 8 22 5 9 18 40 59 19 33 52 18 51 16 0 4 10 47 21 1 9 14 72 ]
[ 24 17 36 28 21 1 33 48 8 46 6 0 19 8 24 10 63 68 18 51 14 97 11 10 9 ]
[ 5 51 16 4 32 0 8 34 79 7 61 17 19 20 2 30 21 39 26 39 10 25 75 0 52 ]
[ 12 58 52 15 1 16 35 0 18 3 46 75 6 49 13 19 25 11 7 96 31 17 15 32 23 ]
[ 53 60 1 5 19 21 90 1 28 30 59 12 16 23 36 65 9 11 38 14 41 14 6 21 2 ]
[ 7 10 5 10 41 56 12 51 86 50 3 32 2 9 47 36 63 4 47 0 20 15 55 11 4 ]
[ 24 0 5 86 2 34 40 5 16 22 52 32 52 2 70 53 4 61 21 34 3 52 1 10 1 ]
[ 19 27 26 51 24 13 8 10 56 48 41 2 61 24 37 51 3 38 0 15 71 37 0 18 8 ]
[ 23 9 14 36 43 7 45 12 4 32 64 2 16 47 14 96 0 1 13 79 25 2 4 37 63 ]
[ 7 12 6 50 49 21 25 24 46 51 6 22 61 11 59 21 3 36 8 20 16 5 18 70 44 ]
[ 12 1 37 36 31 55 88 31 3 37 40 32 33 3 2 17 42 16 19 52 73 4 6 16 7 ]
[ 19 5 64 78 81 10 51 84 0 2 12 7 13 17 31 3 40 22 13 32 10 40 55 2 5 ]
[ 18 18 14 37 98 43 32 65 15 9 45 54 50 32 15 3 5 4 47 10 35 2 30 9 7 ]
[ 27 7 72 96 12 60 77 4 6 31 1 24 16 30 9 63 3 53 12 2 12 12 30 31 11 ]
[ 1 56 12 74 74 41 11 57 4 0 8 76 22 51 60 13 15 33 1 19 7 22 35 5 8 ]
[ 39 21 11 17 73 4 38 18 17 14 17 49 4 16 30 30 23 57 22 31 62 10 3 25 75 ]
[ 23 73 14 37 11 95 51 27 6 29 3 10 35 91 1 55 20 11 35 32 3 21 7 3 13 ]
[ 5 49 47 39 50 2 30 24 57 19 16 0 9 38 4 26 2 72 39 18 1 36 63 44 16 ]
[ 39 43 55 39 35 14 75 14 4 37 33 11 12 11 5 56 52 4 17 43 56 7 7 38 1 ]

Timer (generate): 98ms real	90ms user	0ms sys
[ 27 95 84 21 75 75 73 46 36 64 34 62 30 11 44 32 65 31 90 1 18 41 2 96 50 ]
[ 82 37 18 22 10 93 2 5 77 23 32 5 96 79 41 60 65 55 90 28 51 74 93 83 17 ]
[ 95 53 10 49 49 61 31 87 79 53 49 24 55 6 54 30 39 59 27 70 52 39 35 59 30 ]
[ 16 10 56 9 45 73 56 99 84 57 0 97 40 39 28 94 88 4 1 95 58 32 86 69 11 ]
[ 56 73 50 43 32 32 59 43 89 21 40 14 29 39 50 87 40 47 27 79 27 73 20 32 27 ]
[ 67 90 11 53 12 74 61 85 24 4 18 9 16 13 50 89 5 64 70 45 15 9 37 14 89 ]
[ 68 42 14 88 74 41 7 16 4 60 80 78 21 66 55 78 36 64 46 1 66 35 6 30 57 ]
[ 3 97 67 40 12 56 61 6 70 1 32 64 9 0 20 21 81 51 95 99 6 73 35 22 19 ]
[ 88 88 6 94 70 63 50 68 82 42 32 38 3 90 61 57 22 77 66 22 97 39 55 48 34 ]
[ 54 6 7 41 80 78 29 20 36 76 43 52 26 63 34 20 95 25 24 37 86 33 59 63 99 ]
[ 33 12 38 89 13 25 95 71 32 37 4 63 66 24 51 42 67 3 20 30 90 41 77 15 17 ]
[ 14 1 50 25 16 1 59 80 91 0 45 16 47 17 1 84 21 16 51 97 67 45 17 23 18 ]
[ 99 13 59 77 28 28 43 29 78 69 97 79 80 29 22 32 75 39 79 44 40 64 65 56 67 ]
[ 14 23 64 31 46 82 31 59 93 60 39 21 3 20 51 24 17 30 56 99 5 88 74 44 20 ]
[ 18 84 36 35 92 3 49 67 67 33 66 2 64 77 95 24 17 17 79 37 68 4 7 51 12 ]
[ 6 56 1 80 52 21 50 36 57 85 80 12 86 47 31 19 13 33 35 43 81 11 60 98 91 ]
[ 97 18 47 4 21 59 10 77 12 42 81 85 44 17 94 29 49 6 16 49 90 87 62 75 23 ]
[ 5 56 34 17 54 77 15 25 24 71 46 36 34 76 48 28 57 34 73 27 28 2 76 87 70 ]
[ 77 77 10 40 52 33 97 9 19 67 15 97 34 92 73 5 91 9 91 67 58 20 76 44 93 ]
[ 55 72 47 84 11 70 61 40 80 1 93 65 51 54 84 70 21 33 4 66 7 9 57 16 1 ]

Timer (sort): 51688ms real	51690ms user	0ms sys
The output is sorted!
[ 24 42 75 43 57 13 5 41 0 0 6 18 54 10 5 9 15 32 6 4 8 32 34 0 19 ]
[ 5 11 13 13 0 37 8 38 61 9 40 2 27 42 3 35 21 9 73 13 15 76 0 11 5 ]
[ 6 1 41 73 4 43 30 0 1 85 12 18 67 12 26 25 50 12 10 24 16 28 11 2 25 ]
[ 13 54 22 4 6 25 5 46 61 19 6 19 28 72 0 6 28 26 36 0 4 69 19 28 55 ]
[ 5 29 4 21 3 1 8 12 23 46 7 52 13 49 3 57 16 0 4 52 28 37 66 82 35 ]
[ 31 16 42 33 9 52 10 5 9 6 16 24 24 2 45 2 79 36 1 34 93 65 12 32 0 ]
[ 76 4 0 16 56 10 76 2 2 10 35 16 17 9 13 56 73 15 74 45 10 4 34 22 3 ]
[ 11 56 19 5 89 39 41 24 64 13 26 24 45 32 15 30 2 9 28 6 3 19 35 25 19 ]
[ 59 89 36 3 0 7 21 62 15 4 12 8 21 32 8 4 31 56 53 38 7 14 30 20 49 ]
[ 18 66 58 56 6 10 8 51 70 71 35 23 7 4 9 0 1 26 19 32 1 33 2 7 67 ]
[ 1 23 24 26 5 20 6 4 63 50 20 23 77 0 0 6 50 2 86 5 20 23 45 10 94 ]
[ 11 24 95 1 28 11 76 22 1 9 41 6 33 20 5 6 67 24 16 69 69 14 9 18 11 ]
[ 4 19 11 20 19 67 11 3 52 53 38 3 1 30 17 3 95 59 45 26 19 6 65 0 22 ]
[ 0 65 4 32 12 62 29 17 29 9 36 10 34 6 3 4 34 96 58 64 1 44 1 22 16 ]
[ 8 66 11 65 10 2 26 20 0 73 21 6 55 20 3 13 85 83 6 7 62 7 3 11 28 ]
[ 28 40 22 75 45 8 20 12 19 30 37 9 3 19 65 29 93 6 13 9 40 2 23 32 13 ]
[ 18 10 2 44 88 22 55 11 17 27 31 3 17 42 21 0 14 66 51 82 10 0 28 18 19 ]
[ 49 18 16 3 65 20 61 13 1 4 1 26 11 93 71 11 20 5 25 48 18 23 2 43 49 ]
[ 7 47 33 45 47 52 31 19 5 41 13 16 20 13 35 17 24 21 6 0 51 30 44 19 63 ]
[ 0 99 54 37 28 45 1 85 73 6 6 82 14 10 22 16 1 22 12 1 29 1 5 38 13 ]

Timer (generate): 97ms real	70ms user	10ms sys
[ 24 12 61 18 86 49 66 83 17 31 79 6 70 31 69 57 96 94 74 33 87 45 0 29 34 ]
[ 95 84 79 95 0 62 71 64 23 89 50 24 7 86 41 39 65 0 61 48 69 19 44 63 93 ]
[ 29 2 90 30 31 24 77 68 55 24 20 17 95 85 40 36 35 17 43 21 10 82 38 10 44 ]
[ 86 31 15 82 94 60 12 48 50 94 32 26 71 52 82 47 72 51 94 57 44 30 93 61 25 ]
[ 66 71 8 5 82 4 91 13 71 74 60 31 38 8 81 32 92 7 55 44 41 2 17 93 96 ]
[ 26 37 78 19 50 3 38 21 63 43 3 19 86 69 90 12 29 73 50 89 54 34 34 14 89 ]
[ 78 55 43 47 0 91 74 89 21 45 39 77 83 61 40 78 16 12 65 37 54 77 18 28 80 ]
[ 8 82 14 94 48 56 72 4 99 72 56 43 98 46 64 43 37 41 79 98 34 57 67 46 22 ]
[ 4 0 0 23 28 32 83 63 46 77 11 2 1 67 2 25 76 97 23 22 61 67 59 55 46 ]
[ 10 89 3 77 87 78 33 39 30 56 20 62 91 83 8 20 46 63 22 66 65 47 42 14 23 ]
[ 16 75 90 27 82 88 89 71 43 18 58 21 52 50 3 60 70 65 52 5 26 72 51 89 46 ]
[ 69 6 46 63 20 69 79 47 11 59 30 99 48 53 94 67 64 68 71 14 71 31 84 37 35 ]
[ 89 15 60 92 4 58 14 10 4 77 82 25 9 29 36 68 11 87 68 65 82 35 81 2 58 ]
[ 95 73 42 31 62 77 72 77 89 64 81 0 78 43 56 8 77 82 17 59 70 85 70 10 53 ]
[ 87 44 41 20 46 51 15 19 93 46 82 23 70 11 12 35 45 64 65 88 21 25 18 55 42 ]
[ 77 25 79 99 87 33 39 31 26 59 29 77 75 49 23 73 83 46 44 46 10 31 91 75 48 ]
[ 32 96 74 50 51 16 79 28 48 78 16 33 17 99 59 29 29 88 4 30 11 29 65 57 25 ]
[ 11 20 8 55 95 9 87 43 83 89 46 51 68 26 99 46 94 32 16 94 43 45 75 84 1 ]
[ 57 95 82 74 5 60 37 25 68 92 72 77 31 67 12 20 13 64 88 39 15 87 34 0 55 ]
[ 80 43 0 7 27 53 64 75 87 90 32 47 27 57 68 20 81 45 51 48 10 24 13 26 12 ]

Timer (sort): 51706ms real	51710ms user	10ms sys
The output is sorted!
[ 0 3 36 14 41 27 5 26 18 38 56 1 45 21 20 51 16 16 49 16 56 13 31 2 6 ]
[ 41 7 14 34 19 21 4 16 3 1 35 53 29 72 9 0 42 32 32 27 4 77 13 5 47 ]
[ 5 22 13 11 3 44 13 29 35 12 25 15 6 10 48 15 9 40 72 28 22 4 99 2 60 ]
[ 60 13 4 69 4 72 44 12 7 1 10 31 7 54 49 28 18 5 7 22 0 4 41 0 86 ]
[ 5 12 4 27 34 12 65 7 41 8 46 58 63 8 1 82 9 34 57 24 6 14 11 16 13 ]
[ 36 18 18 25 11 9 14 10 3 16 94 9 44 51 9 16 35 61 16 0 11 18 61 64 12 ]
[ 11 12 24 30 26 71 6 4 14 7 13 5 10 85 6 62 58 1 58 79 19 54 1 8 7 ]
[ 38 3 6 1 11 40 1 34 6 6 6 25 4 25 5 47 83 40 23 11 95 41 24 8 90 ]
[ 54 20 98 17 36 9 4 11 7 20 13 47 49 13 26 76 11 26 1 1 8 22 49 4 52 ]
[ 72 85 5 57 2 3 3 15 22 22 20 27 18 83 27 17 18 27 65 3 33 8 33 13 4 ]
[ 9 25 12 35 23 12 23 36 8 78 15 13 24 83 39 2 1 11 29 12 62 9 36 76 11 ]
[ 14 29 13 62 1 8 16 39 8 9 1 18 28 5 12 11 71 40 0 47 32 72 27 88 36 ]
[ 52 36 33 40 14 15 16 0 10 27 6 49 67 10 12 31 40 33 41 7 25 0 36 28 59 ]
[ 13 0 12 59 16 1 69 7 14 31 46 27 27 38 10 37 23 48 72 1 6 71 44 12 5 ]
[ 25 24 23 16 16 62 14 5 13 76 26 22 12 64 9 18 13 49 19 9 46 9 35 55 32 ]
[ 3 57 1 66 1 60 12 34 49 41 4 19 69 16 11 38 2 66 79 22 4 12 5 7 17 ]
[ 18 61 2 3 22 27 12 17 92 32 12 1 22 18 56 48 48 11 6 30 6 28 46 26 55 ]
[ 17 31 0 3 33 52 33 88 18 11 0 26 15 71 22 12 32 9 16 12 33 67 54 41 3 ]
[ 31 0 60 8 7 8 21 47 67 8 20 99 22 2 55 50 4 12 10 95 6 0 12 56 1 ]
[ 1 90 29 7 59 73 1 40 16 15 3 18 14 13 12 96 8 56 3 6 31 14 48 37 11 ]

Timer (generate): 98ms real	80ms user	0ms sys
[ 88 5 41 27 56 37 1 37 34 82 42 39 32 55 32 60 65 93 72 24 37 81 40 49 69 ]
[ 41 89 44 46 64 4 86 21 98 13 30 35 14 67 21 48 61 12 81 16 44 93 81 90 17 ]
[ 58 79 98 98 28 20 92 69 64 90 86 20 77 59 18 42 89 5 9 8 26 57 69 90 38 ]
[ 86 35 83 19 77 0 77 56 99 28 85 71 20 6 87 62 92 7 91 52 78 34 93 83 95 ]
[ 2 62 52 71 52 43 9 39 26 29 16 79 58 25 30 86 62 1 58 68 40 73 61 47 64 ]
[ 65 77 98 58 61 93 60 75 98 84 27 93 93 19 19 74 87 50 33 12 80 71 26 33 82 ]
[ 95 73 55 8 73 19 73 50 70 83 63 15 96 38 65 80 18 58 25 37 30 0 76 80 33 ]
[ 41 61 4 67 94 86 62 68 93 22 93 13 47 43 35 31 7 50 27 45 68 59 63 26 84 ]
[ 52 56 84 81 37 69 22 50 26 41 96 64 4 16 58 78 9 23 26 53 58 57 60 60 36 ]
[ 57 28 47 73 7 83 25 63 20 6 52 89 80 54 67 22 51 32 78 67 42 56 77 65 82 ]
[ 30 75 91 42 87 79 51 68 78 24 75 62 2 90 82 60 43 23 41 97 91 15 0 23 93 ]
[ 68 17 1 45 82 36 27 9 79 21 96 59 72 64 37 97 91 51 99 82 33 59 77 57 52 ]
[ 74 0 67 27 75 60 95 92 14 92 26 50 19 35 29 40 31 40 12 48 30 61 39 81 12 ]
[ 73 67 24 50 24 76 77 24 44 4 51 56 99 43 70 91 69 20 62 4 2 2 87 42 66 ]
[ 87 72 80 79 54 92 52 21 16 55 97 45 32 73 89 88 24 97 39 19 20 82 88 92 44 ]
[ 44 94 98 83 89 16 23 61 96 2 67 89 6 40 57 13 89 2 45 62 43 85 38 93 24 ]
[ 57 13 6 97 5 50 93 52 0 77 41 17 52 2 13 54 22 54 12 62 12 26 52 66 23 ]
[ 66 62 9 5 55 33 14 68 92 64 25 42 57 77 43 86 70 12 38 25 25 44 47 80 9 ]
[ 61 44 87 13 62 10 80 24 71 37 79 57 3 99 49 67 25 43 77 54 86 15 25 98 54 ]
[ 2 76 50 49 8 59 10 52 46 76 66 9 8 91 80 45 70 37 0 70 38 20 47 82 97 ]

Timer (sort): 51575ms real	51570ms user	0ms sys
The output is sorted!
[ 99 7 21 37 44 25 23 59 25 45 40 42 1 1 11 2 7 1 16 16 25 12 0 3 27 ]
[ 47 3 85 71 35 14 31 2 11 26 4 0 35 34 43 43 10 18 7 7 33 2 4 13 27 ]
[ 44 34 25 26 6 63 23 11 6 14 61 51 10 8 0 29 8 4 11 79 2 1 92 28 8 ]
[ 24 20 17 6 17 21 16 39 49 91 57 26 10 67 10 20 14 9 45 33 20 10 8 0 15 ]
[ 18 19 85 39 8 20 36 25 7 1 48 44 17 85 15 0 28 2 12 8 30 92 6 6 15 ]
[ 25 50 57 35 5 17 98 64 26 15 5 14 11 32 0 31 1 18 9 2 27 54 21 14 39 ]
[ 28 5 32 7 0 95 28 40 68 9 14 16 65 34 75 2 6 34 33 9 2 24 42 0 2 ]
[ 11 19 3 3 34 15 9 22 8 77 9 15 13 4 37 20 14 85 66 14 10 14 93 47 29 ]
[ 79 44 0 12 28 18 30 2 28 27 3 42 5 17 4 28 28 53 23 20 17 92 28 5 38 ]
[ 30 23 24 15 8 22 6 1 11 84 17 4 7 64 58 11 37 1 60 60 6 18 70 26 8 ]
[ 13 17 75 68 25 16 2 18 25 16 1 87 12 2 10 0 18 6 25 26 45 15 77 32 45 ]
[ 49 35 6 36 56 23 50 75 44 21 7 27 3 46 6 2 13 23 7 25 8 19 31 19 49 ]
[ 31 35 4 12 28 21 40 4 62 79 19 17 17 80 10 7 34 15 7 23 50 7 35 9 35 ]
[ 16 56 14 75 34 1 17 12 66 50 6 19 3 25 11 26 55 8 28 57 8 2 20 23 50 ]
[ 16 24 82 52 29 10 1 2 96 27 26 36 8 24 92 11 11 5 24 40 11 18 5 12 21 ]
[ 22 42 19 79 63 23 4 20 20 17 30 29 44 2 8 17 7 37 10 27 37 15 31 52 30 ]
[ 63 53 46 58 15 5 5 20 42 19 3 7 9 17 46 19 16 25 11 77 89 7 15 0 23 ]
[ 19 28 2 99 17 7 27 59 7 8 42 37 11 22 19 18 54 53 45 49 4 17 13 22 13 ]
[ 9 5 67 4 50 6 0 9 58 18 84 42 33 15 12 9 40 1 37 50 2 34 27 22 61 ]
[ 17 6 31 17 7 9 42 38 93 16 35 42 28 3 7 54 13 6 26 52 11 8 0 63 72 ]

Timer (generate): 99ms real	90ms user	10ms sys
[ 22 44 3 79 70 47 9 86 7 94 7 27 31 44 26 76 44 63 14 99 63 7 55 18 21 ]
[ 16 8 79 78 75 6 0 19 61 80 42 60 41 28 67 88 35 47 19 31 73 47 28 89 61 ]
[ 27 52 20 34 22 94 3 30 73 81 5 79 34 77 40 14 19 0 7 47 20 47 34 67 66 ]
[ 17 92 14 45 81 27 25 85 48 59 7 42 14 89 67 96 47 47 30 24 39 96 43 92 55 ]
[ 42 12 3 28 31 21 45 23 35 43 57 15 68 42 15 79 2 9 94 43 76 42 90 75 72 ]
[ 66 15 20 61 7 27 55 71 30 35 2 52 33 25 39 76 82 6 44 77 73 23 31 82 69 ]
[ 26 59 11 17 86 35 35 53 55 49 12 83 4 83 65 40 85 69 73 63 61 49 97 19 45 ]
[ 26 93 20 9 75 90 36 86 1 5 73 37 40 78 44 89 91 79 46 74 45 38 12 66 63 ]
[ 27 79 64 24 99 9 3 92 29 12 19 19 48 58 73 53 83 10 94 61 54 35 52 34 33 ]
[ 27 31 23 91 49 86 18 29 50 42 80 11 45 24 41 58 43 12 58 1 85 12 36 47 58 ]
[ 98 2 45 50 88 79 29 19 54 20 68 41 38 49 43 33 29 55 30 53 48 40 49 60 99 ]
[ 2 98 11 39 45 21 37 99 66 39 87 97 69 58 52 89 79 93 80 28 36 13 10 91 43 ]
[ 15 91 84 64 52 35 67 2 46 58 47 67 95 47 85 34 86 83 55 97 35 45 76 80 25 ]
[ 56 68 90 18 12 85 34 3 69 98 7 4 17 9 2 27 57 21 74 56 7 61 94 90 16 ]
[ 91 77 61 19 9 38 76 77 80 94 41 66 28 45 87 79 52 44 48 62 46 28 71 68 2 ]
[ 79 27 63 25 69 80 17 98 93 36 7 84 64 36 64 59 78 82 39 75 70 70 27 14 71 ]
[ 41 12 99 64 32 1 95 59 17 21 28 97 90 26 90 26 85 74 43 22 91 54 52 73 45 ]
[ 27 95 16 54 9 39 48 74 90 64 6 43 60 18 60 81 98 57 71 77 0 49 62 26 92 ]
[ 36 17 46 88 43 92 15 38 60 70 0 51 70 74 41 34 32 84 94 50 45 27 49 54 98 ]
[ 26 54 0 88 81 92 25 50 91 13 93 35 29 84 47 51 84 50 73 10 91 7 42 27 54 ]

Timer (sort): 51122ms real	51110ms user	0ms sys
The output is sorted!
[ 18 26 33 20 12 12 21 22 36 9 3 41 12 66 26 1 58 2 20 7 40 21 79 9 29 ]
[ 1 7 62 49 54 54 9 29 4 1 30 5 37 70 17 14 10 7 66 3 2 54 7 6 26 ]
[ 39 39 24 50 46 32 5 40 1 2 3 11 27 3 14 16 28 9 57 33 15 8 47 35 47 ]
[ 10 32 30 60 50 45 54 13 3 11 25 3 4 4 16 8 33 14 98 20 8 25 26 15 25 ]
[ 6 24 7 7 24 35 32 24 22 65 17 6 16 0 51 2 1 18 69 19 45 83 3 32 29 ]
[ 21 8 13 3 17 12 33 31 51 12 32 45 87 7 62 94 0 49 14 5 1 4 14 9 15 ]
[ 0 23 6 5 25 35 38 76 12 10 28 43 10 14 43 89 8 2 20 58 2 52 9 12 27 ]
[ 19 64 32 18 17 3 21 22 37 51 3 58 23 8 32 4 1 32 51 57 13 35 28 4 19 ]
[ 22 9 97 51 25 8 12 53 30 30 49 2 7 10 8 12 30 44 51 10 7 6 7 80 6 ]
[ 56 14 5 18 17 14 41 0 4 26 0 77 0 24 77 10 85 2 11 24 9 61 47 38 9 ]
[ 3 69 12 18 93 5 10 10 49 37 63 26 19 6 38 26 32 57 30 30 34 4 7 1 0 ]
[ 4 77 41 16 24 16 8 65 10 51 27 32 0 8 29 63 66 24 40 3 28 0 1 30 27 ]
[ 88 42 93 21 21 5 21 4 21 51 5 16 4 55 16 0 23 97 7 1 23 20 5 51 0 ]
[ 15 75 16 1 10 19 96 62 14 25 6 21 9 18 7 5 32 20 18 25 36 56 47 9 49 ]
[ 36 72 12 19 6 7 9 5 1 16 59 13 80 78 24 19 88 40 19 11 30 22 4 4 18 ]
[ 36 69 40 41 6 17 14 21 26 5 6 36 70 6 6 23 8 3 36 33 79 3 4 44 60 ]
[ 4 49 26 87 5 79 22 22 13 10 11 57 2 9 6 74 0 43 45 41 18 4 2 59 5 ]
[ 5 16 16 70 24 5 9 44 0 63 5 47 4 4 93 2 29 64 12 31 17 16 77 25 19 ]
[ 71 2 8 56 7 11 12 17 7 44 10 36 20 47 16 30 21 0 58 39 16 43 20 66 42 ]
[ 15 54 26 15 14 4 38 21 5 90 50 20 4 16 12 78 23 6 23 21 24 47 27 45 22 ]

