Timer (generate): 12ms real	10ms user	0ms sys
[ 37 36 54 99 98 46 9 10 41 48 32 46 35 49 5 97 88 25 93 12 43 25 65 45 79 ]
[ 24 18 25 7 78 78 44 66 32 95 16 31 5 79 24 5 11 70 40 12 75 89 52 53 34 ]
[ 65 96 60 30 93 91 54 11 69 13 41 47 10 59 31 5 76 14 10 7 38 67 70 9 59 ]
[ 83 36 48 35 89 35 52 38 47 82 83 38 89 47 7 2 88 54 12 0 38 18 76 52 80 ]
[ 35 91 48 5 52 7 40 88 8 76 30 43 80 20 90 63 3 80 4 50 88 6 91 94 19 ]
[ 91 84 89 19 37 21 54 80 69 59 32 29 0 20 89 28 2 32 8 22 74 23 78 54 27 ]
[ 28 94 34 71 41 5 62 77 46 81 14 67 87 46 37 99 78 18 99 51 7 79 5 91 39 ]
[ 28 17 63 58 23 90 86 70 76 10 11 33 72 88 79 6 55 47 45 1 36 44 32 54 95 ]
[ 35 13 74 40 4 14 68 21 29 26 44 71 65 14 48 75 77 33 99 18 13 57 25 12 3 ]
[ 78 48 99 10 54 95 45 67 69 86 23 35 6 44 64 85 40 88 2 7 88 77 36 21 28 ]
[ 54 34 38 31 98 93 10 46 92 20 0 87 18 19 9 56 42 96 62 38 13 99 31 1 1 ]
[ 38 89 30 74 10 59 81 97 49 64 95 42 74 94 34 47 94 74 17 66 83 73 8 31 87 ]
[ 99 44 87 30 45 88 68 34 19 94 97 30 27 94 31 92 89 73 18 83 59 17 30 85 34 ]
[ 48 68 7 8 52 47 7 96 34 37 42 74 57 28 45 4 25 75 31 19 58 75 61 31 46 ]
[ 96 43 63 78 28 98 26 49 57 35 1 4 94 97 90 32 91 65 89 20 10 45 45 38 29 ]
[ 17 48 56 30 80 2 78 75 18 57 3 16 35 52 25 22 5 82 17 3 72 1 94 89 42 ]
[ 66 52 88 64 42 17 81 90 73 63 22 28 41 97 46 50 1 14 86 5 39 60 11 73 77 ]
[ 66 98 78 12 87 21 79 91 61 43 33 78 76 76 3 39 98 31 32 96 29 83 49 43 69 ]
[ 6 35 29 17 8 59 35 6 89 48 46 62 79 37 23 74 23 53 50 99 57 41 97 40 73 ]
[ 45 70 56 46 65 77 53 0 59 22 61 70 58 19 59 6 65 74 37 55 97 11 78 51 61 ]

Timer (sort): 653ms real	580ms user	0ms sys
The output is sorted!
[ 92 30 97 15 62 39 23 2 22 21 21 12 6 18 1 37 41 1 4 3 51 17 0 15 14 ]
[ 0 13 8 31 4 6 20 51 38 43 1 92 88 6 51 28 1 22 2 3 35 10 45 7 56 ]
[ 23 24 7 5 57 0 7 85 0 1 14 68 51 2 16 43 52 11 11 18 6 47 9 58 82 ]
[ 28 5 14 51 58 31 95 31 2 8 4 0 47 7 13 93 15 77 15 24 2 71 2 0 12 ]
[ 38 6 54 79 22 3 18 51 7 7 28 61 1 0 4 6 22 97 11 4 6 70 7 51 58 ]
[ 60 7 12 2 9 34 70 14 18 31 93 6 6 41 49 98 16 10 22 0 7 21 1 79 9 ]
[ 20 2 19 33 22 24 76 3 90 8 45 8 80 13 26 21 43 1 14 4 50 34 14 10 66 ]
[ 84 9 27 17 23 3 1 3 31 1 69 46 8 29 1 45 86 98 8 51 2 7 14 24 50 ]
[ 35 11 11 7 13 33 42 16 3 13 15 18 32 22 73 37 24 38 35 68 15 34 65 34 44 ]
[ 1 4 54 8 2 66 9 12 25 80 14 5 15 57 6 51 63 8 26 75 3 81 69 3 4 ]
[ 94 20 25 16 1 2 15 27 15 1 50 28 94 0 8 99 73 2 20 9 15 13 31 34 54 ]
[ 31 8 16 47 19 26 26 27 35 32 61 6 25 11 97 21 38 43 19 3 9 74 1 22 54 ]
[ 24 0 29 19 0 34 80 37 14 25 73 77 64 2 15 76 60 8 19 39 29 8 4 6 12 ]
[ 10 57 28 25 23 45 88 71 20 7 6 9 2 26 8 42 67 37 13 41 23 18 17 71 1 ]
[ 10 9 53 40 22 55 23 42 23 76 9 37 7 6 26 58 15 49 75 6 11 8 24 30 43 ]
[ 80 24 0 86 29 43 35 73 9 51 67 7 12 33 14 6 47 37 44 1 19 12 21 4 14 ]
[ 85 37 4 25 3 5 36 19 38 19 9 8 9 80 25 47 49 10 52 35 67 66 0 26 20 ]
[ 15 78 35 0 0 36 25 3 25 29 19 25 57 42 53 63 2 35 1 34 12 58 74 23 33 ]
[ 9 20 79 3 15 21 28 1 53 30 42 30 18 34 38 78 28 86 39 9 39 17 12 11 37 ]
[ 3 23 18 6 2 84 55 18 35 62 21 1 31 47 61 66 6 2 33 95 24 34 31 21 0 ]

Timer (generate): 25ms real	10ms user	0ms sys
[ 63 9 42 38 78 14 7 26 4 18 7 29 37 62 77 42 44 44 97 3 12 18 77 5 27 ]
[ 86 89 42 87 59 98 50 20 40 88 98 54 48 24 10 18 83 91 7 97 69 49 41 13 98 ]
[ 97 77 16 74 82 95 61 23 38 48 82 88 50 54 28 38 52 35 38 28 97 56 64 89 15 ]
[ 61 10 64 55 75 62 52 4 30 26 38 26 87 61 16 87 95 4 37 49 84 28 53 71 66 ]
[ 81 69 75 97 10 90 59 20 7 14 47 21 66 51 52 44 89 30 32 2 98 71 97 54 9 ]
[ 98 90 89 51 62 55 84 31 82 34 93 25 93 65 32 59 12 53 25 63 57 69 4 39 53 ]
[ 58 37 77 55 43 86 5 34 75 8 48 82 44 31 17 78 24 42 23 89 26 82 1 79 59 ]
[ 16 89 81 72 28 34 30 18 63 37 61 49 94 47 76 2 95 11 46 26 28 77 50 70 0 ]
[ 91 96 83 44 27 42 60 68 23 84 97 10 66 15 73 3 28 75 49 76 3 51 71 14 50 ]
[ 50 94 27 0 16 79 92 64 62 36 44 57 49 12 32 85 9 94 52 76 20 7 57 95 57 ]
[ 33 50 60 56 17 10 6 11 89 59 80 21 3 44 35 91 88 92 92 53 77 78 14 71 82 ]
[ 91 91 89 48 38 46 33 41 59 89 58 69 48 21 11 59 1 32 62 46 67 53 86 12 98 ]
[ 91 89 76 6 12 58 49 56 99 49 46 46 82 87 5 23 45 26 23 67 89 82 68 21 44 ]
[ 66 41 50 5 53 48 96 94 76 2 6 34 51 14 33 52 61 31 34 48 88 10 46 67 33 ]
[ 13 56 16 33 30 12 52 71 14 57 76 62 5 70 38 60 28 24 63 43 10 16 56 93 50 ]
[ 56 34 12 2 1 46 67 57 14 1 87 78 5 10 93 62 86 55 19 56 46 79 37 22 43 ]
[ 32 84 59 88 30 61 44 64 74 99 65 72 66 74 86 19 14 64 24 24 9 38 11 17 58 ]
[ 19 15 37 8 37 32 40 74 91 28 4 53 25 68 79 24 85 51 42 59 89 14 73 5 38 ]
[ 98 15 29 61 32 87 32 47 76 93 36 61 33 62 52 14 66 57 91 86 88 67 71 91 9 ]
[ 31 80 23 4 38 14 54 53 43 67 37 82 52 36 10 45 24 71 30 87 76 44 5 33 35 ]

Timer (sort): 925ms real	570ms user	0ms sys
The output is sorted!
[ 28 10 18 7 0 25 29 10 6 26 40 19 78 58 61 41 15 15 14 20 10 28 67 23 9 ]
[ 15 62 55 6 41 19 18 29 4 20 47 6 3 51 28 5 60 7 19 27 16 61 0 76 13 ]
[ 3 33 79 17 5 16 9 9 90 8 41 1 74 21 11 5 71 9 5 37 36 29 83 0 30 ]
[ 7 24 14 22 29 43 11 11 74 63 43 8 40 1 41 39 5 64 2 22 32 50 5 56 19 ]
[ 4 11 13 7 11 7 13 20 33 17 54 53 0 12 54 42 22 38 21 41 15 95 72 83 4 ]
[ 12 10 37 40 47 2 47 3 13 35 4 5 45 21 26 23 37 75 41 18 38 35 82 29 19 ]
[ 11 22 52 91 11 18 30 2 45 36 58 29 60 7 26 16 94 25 35 3 9 40 18 6 2 ]
[ 21 14 23 31 6 13 35 17 33 12 58 15 20 7 27 73 17 94 83 21 2 17 26 76 10 ]
[ 9 45 47 57 24 37 32 23 15 89 5 65 15 12 18 1 43 55 38 70 14 2 18 5 17 ]
[ 13 22 1 79 18 10 16 27 28 28 60 20 6 0 92 64 20 80 8 39 22 2 29 9 69 ]
[ 1 3 8 29 3 13 93 47 34 0 87 87 7 56 7 3 45 21 71 74 10 17 34 8 8 ]
[ 19 15 37 0 4 45 72 42 26 12 10 83 36 58 13 1 69 63 21 5 80 14 19 4 24 ]
[ 18 8 5 23 55 61 6 9 19 10 37 83 29 6 79 8 88 0 9 13 32 41 45 57 31 ]
[ 7 0 21 45 9 1 44 30 34 49 32 10 22 13 2 48 80 85 12 70 4 68 25 55 7 ]
[ 66 71 18 43 4 29 34 58 38 23 6 14 74 5 33 8 32 1 57 38 9 32 55 15 13 ]
[ 54 97 25 59 7 19 8 33 15 25 38 71 46 9 12 8 46 25 29 18 4 38 58 20 14 ]
[ 28 20 87 4 69 67 3 37 21 9 95 65 29 0 41 3 81 0 1 3 34 6 7 40 29 ]
[ 25 4 1 7 10 11 25 3 8 84 80 17 23 14 9 69 21 25 48 57 37 52 70 37 45 ]
[ 4 17 81 18 16 9 23 7 61 9 16 63 4 1 49 6 24 28 51 33 86 54 12 71 42 ]
[ 12 95 12 19 77 8 41 96 11 69 36 19 33 37 25 47 17 38 3 23 12 6 16 8 26 ]

Timer (generate): 17ms real	10ms user	0ms sys
[ 32 42 1 19 67 23 15 74 88 71 24 74 32 24 42 25 33 69 82 79 53 26 29 0 48 ]
[ 22 66 14 80 51 23 64 93 76 83 13 0 51 39 40 22 15 66 54 39 61 31 72 30 14 ]
[ 3 35 92 85 87 40 59 53 6 39 57 29 4 50 58 39 15 58 90 6 50 64 21 16 18 ]
[ 60 77 2 85 59 16 88 46 60 25 34 52 84 39 58 24 96 40 80 99 98 71 66 8 62 ]
[ 73 58 26 94 26 97 55 56 99 92 15 67 32 14 27 58 48 79 42 39 37 18 36 29 50 ]
[ 87 27 22 53 35 84 78 93 62 73 72 11 80 28 62 24 95 81 56 9 8 14 9 39 57 ]
[ 1 29 27 89 58 78 76 38 0 81 73 36 60 19 50 85 91 14 17 71 28 41 66 10 49 ]
[ 28 70 64 37 62 73 38 91 0 79 1 30 55 39 82 89 65 70 1 84 21 38 27 87 7 ]
[ 98 15 0 64 25 49 92 96 13 82 58 38 72 1 91 52 54 21 59 46 56 48 11 26 1 ]
[ 95 47 39 22 34 46 20 2 46 36 27 96 81 75 61 63 85 0 87 38 91 91 93 64 3 ]
[ 91 20 3 2 47 5 97 46 44 19 33 91 91 35 37 27 14 85 8 90 47 23 27 47 63 ]
[ 18 90 6 63 54 9 54 75 13 56 74 18 53 20 62 24 53 5 15 88 95 94 3 80 55 ]
[ 45 27 78 24 26 93 42 16 0 5 23 9 11 50 22 67 24 92 72 96 7 96 50 12 63 ]
[ 90 7 10 45 40 65 42 19 95 67 46 89 61 14 89 19 37 50 30 39 25 98 63 17 22 ]
[ 60 24 19 62 89 34 52 48 44 98 88 9 40 60 5 59 6 46 21 72 35 92 62 37 22 ]
[ 1 62 72 17 32 95 77 8 66 39 97 0 43 98 97 93 38 6 86 98 63 45 4 9 18 ]
[ 29 96 10 91 34 33 92 48 57 9 32 52 38 41 70 29 90 23 73 88 20 66 27 26 52 ]
[ 25 42 50 82 51 68 11 0 79 2 86 64 46 34 21 56 19 26 46 60 48 76 50 71 1 ]
[ 91 91 19 70 70 72 95 12 74 29 15 42 92 15 73 46 1 37 93 88 11 1 7 89 47 ]
[ 19 37 23 21 9 24 12 52 44 82 22 68 30 34 42 11 2 36 4 17 62 50 71 51 95 ]

Timer (sort): 1032ms real	530ms user	0ms sys
The output is sorted!
[ 32 23 60 12 18 5 18 21 69 0 59 36 72 17 18 4 24 5 9 10 14 51 67 10 53 ]
[ 0 32 48 0 36 8 72 11 20 0 17 32 26 41 55 71 74 16 6 39 25 10 40 16 15 ]
[ 69 3 20 74 1 10 47 13 3 61 20 37 3 49 44 3 0 90 19 12 19 5 47 65 3 ]
[ 3 59 7 18 26 24 22 24 93 2 5 13 95 5 19 8 39 44 34 54 11 0 61 6 53 ]
[ 0 64 25 76 4 0 35 3 72 24 39 88 5 32 19 67 37 64 1 15 24 11 1 13 15 ]
[ 50 6 56 6 70 59 26 38 66 0 10 24 62 22 0 13 50 30 19 3 26 5 25 0 70 ]
[ 33 28 0 26 62 29 27 29 28 62 40 18 44 43 22 44 43 68 29 25 4 2 37 0 3 ]
[ 6 26 13 13 24 41 35 42 68 44 7 13 5 8 92 11 15 43 25 14 31 12 67 71 23 ]
[ 1 34 4 31 65 70 99 17 45 3 34 7 5 6 22 8 17 34 15 25 85 54 2 56 11 ]
[ 29 83 14 97 39 59 61 8 4 42 14 33 42 42 6 2 5 3 74 13 1 53 7 17 7 ]
[ 2 34 82 15 12 54 27 13 9 81 7 40 4 64 2 60 46 59 20 70 7 11 2 9 25 ]
[ 13 18 15 10 32 43 79 25 23 23 49 98 9 17 7 5 42 2 33 28 1 38 74 60 19 ]
[ 42 2 20 39 4 88 50 41 34 45 61 57 32 7 40 3 28 27 5 19 21 53 32 2 15 ]
[ 7 21 25 54 64 18 99 13 19 31 0 8 20 65 5 7 45 58 14 38 49 80 10 5 17 ]
[ 1 46 86 3 69 9 12 76 5 86 35 67 0 6 36 10 21 0 91 82 8 18 5 2 1 ]
[ 7 26 27 26 54 0 8 11 35 32 52 28 0 15 26 20 14 98 83 32 60 29 7 14 75 ]
[ 46 25 10 59 2 0 26 3 7 3 19 17 33 25 21 32 43 64 48 86 30 84 25 52 21 ]
[ 8 38 90 5 1 31 34 29 21 31 48 31 22 72 63 6 6 1 25 13 67 33 14 63 30 ]
[ 0 38 10 30 0 16 29 9 81 40 2 6 41 15 57 59 76 67 9 48 1 84 0 50 15 ]
[ 4 28 5 42 22 6 0 25 28 31 44 5 56 96 17 67 25 70 24 7 4 56 75 28 19 ]

Timer (generate): 19ms real	10ms user	0ms sys
[ 22 35 57 72 56 66 36 9 83 26 34 87 98 9 68 20 45 35 88 76 40 36 74 99 79 ]
[ 3 58 19 84 39 10 7 74 19 31 31 37 67 92 72 45 26 59 96 36 28 16 33 63 5 ]
[ 9 55 93 36 55 25 39 65 44 23 4 6 82 78 25 13 61 15 33 5 87 78 32 47 74 ]
[ 20 75 43 5 90 0 14 45 93 2 0 18 41 17 15 17 21 21 99 52 99 65 65 14 50 ]
[ 71 53 80 55 0 7 75 27 50 80 17 50 46 63 95 49 15 66 42 85 33 59 58 6 59 ]
[ 62 5 76 28 71 26 51 25 58 6 77 65 33 5 67 65 74 17 63 89 65 64 57 31 7 ]
[ 42 64 66 0 70 77 63 28 5 43 51 83 46 28 42 52 6 7 37 11 27 2 37 44 17 ]
[ 27 61 82 84 92 89 26 8 7 78 31 85 93 11 42 88 62 26 34 43 68 38 49 27 75 ]
[ 12 54 29 49 51 47 76 12 29 12 57 70 38 17 77 69 0 14 62 11 57 51 26 83 37 ]
[ 69 3 76 70 30 3 82 37 33 83 88 32 12 52 13 24 9 83 15 79 12 84 79 79 46 ]
[ 43 36 49 21 71 39 42 74 15 12 56 70 46 93 55 29 81 87 41 34 52 66 95 35 33 ]
[ 74 0 17 6 79 15 49 67 65 70 38 4 12 64 71 76 20 41 22 14 97 51 95 36 45 ]
[ 81 89 63 77 76 96 3 76 13 9 7 80 58 26 45 80 64 1 44 80 24 20 1 18 42 ]
[ 67 15 46 14 3 43 96 92 6 25 69 54 28 97 19 38 57 99 48 83 45 81 0 98 25 ]
[ 80 75 46 33 93 40 0 8 38 15 11 81 63 56 87 88 77 93 16 74 12 6 83 12 7 ]
[ 67 9 88 19 7 65 51 34 11 85 27 4 37 87 42 4 51 24 67 7 63 55 84 57 24 ]
[ 10 69 82 46 33 41 13 42 29 84 2 47 35 36 10 72 64 14 62 51 9 66 2 33 34 ]
[ 61 48 41 97 57 65 8 79 0 54 12 41 19 55 23 55 57 70 90 93 80 15 9 47 77 ]
[ 61 56 95 15 41 29 77 89 71 74 99 88 34 78 40 40 90 82 59 45 57 14 2 79 57 ]
[ 48 11 24 57 58 53 70 66 48 86 7 78 15 49 1 89 48 41 76 26 82 16 68 64 28 ]

Timer (sort): 1301ms real	660ms user	0ms sys
The output is sorted!
[ 46 2 4 7 31 36 52 4 33 39 67 99 35 47 30 34 7 34 14 69 0 6 0 16 2 ]
[ 0 2 30 43 19 8 49 6 11 92 92 44 13 59 47 19 23 58 65 3 11 2 19 2 3 ]
[ 2 4 2 42 8 28 43 86 38 5 83 87 22 27 7 11 15 46 59 5 12 24 2 44 20 ]
[ 7 3 44 68 4 72 56 49 33 24 13 8 44 1 13 19 45 46 29 15 37 21 8 34 30 ]
[ 56 59 41 51 74 37 16 30 86 5 4 40 5 29 35 3 8 17 9 8 3 14 39 51 3 ]
[ 39 18 1 50 14 47 7 16 66 87 42 26 2 86 4 14 6 19 0 42 4 24 52 24 49 ]
[ 1 45 47 17 7 5 8 44 3 9 39 3 31 58 2 29 81 40 82 21 73 33 8 50 4 ]
[ 0 74 62 23 3 34 27 54 5 32 1 61 2 12 1 61 88 11 0 77 12 17 50 36 3 ]
[ 61 99 27 9 48 7 13 13 7 24 36 90 24 27 53 18 27 4 11 3 1 3 76 21 59 ]
[ 99 41 21 40 59 49 27 14 3 11 22 1 9 24 7 1 44 48 1 26 23 57 45 70 22 ]
[ 33 80 34 62 20 25 1 23 93 56 38 25 77 10 0 16 27 32 0 22 9 37 7 24 15 ]
[ 93 17 2 38 56 10 9 7 41 61 78 49 4 24 12 5 2 6 63 18 24 71 8 37 32 ]
[ 2 13 50 6 78 5 10 3 54 9 37 22 67 16 77 43 26 84 29 7 28 11 85 3 2 ]
[ 9 53 21 11 90 9 71 11 15 12 46 10 1 14 63 14 0 45 87 21 3 4 24 62 74 ]
[ 20 5 65 26 48 32 61 72 0 41 33 44 27 3 78 51 4 3 18 89 12 0 19 0 21 ]
[ 63 25 11 62 7 41 1 15 57 20 59 4 22 29 50 0 21 15 17 9 24 34 82 71 36 ]
[ 1 47 22 42 18 12 38 37 29 65 19 24 4 37 39 19 23 86 45 15 34 47 37 2 35 ]
[ 0 37 22 62 3 36 26 14 13 3 21 24 8 40 40 82 44 1 2 30 23 93 5 63 89 ]
[ 1 56 87 3 3 8 96 35 47 46 53 34 13 6 39 2 10 77 51 28 4 14 13 43 12 ]
[ 25 61 56 39 8 6 9 53 64 11 10 32 15 43 40 0 6 77 11 22 4 51 50 6 87 ]

Timer (generate): 11ms real	10ms user	0ms sys
[ 39 63 16 26 90 79 62 78 17 51 30 74 36 40 76 58 3 31 50 77 68 39 38 49 56 ]
[ 34 9 31 2 57 15 94 21 83 20 63 15 82 41 84 85 24 10 73 64 87 83 20 70 85 ]
[ 49 90 24 39 39 33 25 49 64 27 6 32 21 79 67 93 94 34 75 36 19 12 60 29 37 ]
[ 76 68 20 96 91 6 45 81 82 84 73 67 9 22 84 89 80 16 62 12 35 56 6 70 31 ]
[ 94 41 96 6 22 33 83 91 54 79 34 12 77 67 46 13 40 14 23 14 98 64 47 66 26 ]
[ 59 1 82 65 71 14 12 64 62 18 87 95 1 30 1 33 64 65 10 31 12 75 24 78 98 ]
[ 38 76 62 37 42 89 96 95 71 14 19 37 26 83 51 44 70 99 98 52 52 31 16 18 93 ]
[ 0 82 68 76 12 19 14 88 33 52 82 22 0 29 46 66 48 35 92 84 39 89 54 38 87 ]
[ 7 42 70 75 12 63 27 94 83 3 58 2 70 46 36 74 80 10 74 10 8 41 10 96 85 ]
[ 94 35 74 1 25 13 60 67 83 87 32 98 15 78 82 18 37 84 88 83 72 62 16 35 89 ]
[ 78 43 30 40 91 67 35 78 42 88 3 7 48 23 91 35 55 89 2 33 23 21 70 8 61 ]
[ 6 32 76 74 67 65 52 63 47 92 54 14 79 33 8 19 88 16 19 11 59 7 18 0 9 ]
[ 4 24 82 26 84 44 32 16 20 58 36 37 62 99 84 7 53 50 86 86 59 6 27 27 25 ]
[ 38 86 32 9 86 94 13 10 76 39 46 72 24 63 92 82 99 81 45 50 65 52 3 68 90 ]
[ 42 79 48 21 6 26 59 44 10 20 30 4 85 93 33 25 39 5 1 54 50 83 5 31 80 ]
[ 55 49 84 11 17 75 5 96 75 26 54 1 37 98 64 10 28 68 95 73 1 72 65 59 73 ]
[ 71 9 9 29 40 89 36 89 26 47 58 1 4 6 28 82 60 30 72 58 46 82 39 14 77 ]
[ 12 68 50 29 27 75 1 36 84 30 28 26 66 70 52 66 28 5 22 35 33 5 95 15 29 ]
[ 6 61 11 45 28 40 9 48 90 39 75 66 92 63 2 74 43 28 40 13 80 58 42 85 33 ]
[ 29 71 90 76 86 19 82 0 30 27 28 22 37 76 13 28 3 31 20 18 33 94 61 14 86 ]

Timer (sort): 1040ms real	640ms user	0ms sys
The output is sorted!
[ 16 71 41 9 23 6 14 15 8 35 80 32 15 68 5 9 36 68 8 1 53 2 24 48 5 ]
[ 5 9 51 17 73 1 25 16 69 1 17 49 6 42 5 68 15 0 65 14 93 22 2 21 13 ]
[ 10 22 49 0 13 66 38 10 93 13 26 35 6 0 34 21 17 2 58 18 21 12 83 55 2 ]
[ 35 97 39 9 14 4 1 54 9 2 14 66 23 14 28 13 32 79 16 47 34 3 23 2 49 ]
[ 10 99 4 25 47 0 17 12 39 29 48 26 0 28 2 9 89 39 4 77 11 6 17 34 39 ]
[ 0 18 11 25 22 6 59 14 25 31 90 8 27 12 42 10 56 15 33 40 3 65 17 17 80 ]
[ 94 16 53 3 4 63 12 63 52 10 18 23 42 7 26 30 2 64 7 56 19 23 6 27 8 ]
[ 36 41 72 60 1 7 19 46 8 28 79 19 3 12 6 58 29 1 41 40 52 24 7 34 10 ]
[ 57 52 17 9 13 46 10 39 7 29 4 0 41 63 54 33 7 13 25 45 24 62 73 15 8 ]
[ 15 62 12 29 60 9 24 36 20 7 43 60 38 20 19 49 11 29 17 32 31 16 47 45 18 ]
[ 29 39 30 50 2 8 52 87 36 5 3 24 25 48 33 4 61 18 4 1 33 4 51 47 56 ]
[ 14 19 44 2 76 62 33 54 16 2 2 2 36 50 35 9 11 46 5 39 23 9 62 16 94 ]
[ 75 27 61 15 24 28 38 25 31 7 18 33 21 16 60 9 38 11 69 40 23 13 35 10 39 ]
[ 20 43 2 48 1 31 55 54 26 4 31 4 7 11 42 1 96 83 17 15 10 54 6 82 25 ]
[ 21 35 85 44 67 27 18 16 18 4 19 19 18 15 30 91 54 87 5 20 2 1 30 24 20 ]
[ 1 53 38 24 2 29 43 28 73 34 69 27 44 68 2 14 65 1 11 14 25 43 50 7 7 ]
[ 29 15 10 26 83 8 21 28 30 40 2 27 18 10 51 30 7 8 27 78 10 65 68 75 8 ]
[ 31 21 23 10 69 36 83 50 3 72 14 18 8 29 5 4 27 66 21 32 9 72 7 63 2 ]
[ 56 61 97 3 5 24 94 24 22 4 41 27 0 47 0 20 30 47 5 27 68 52 5 7 13 ]
[ 69 2 50 7 49 3 8 13 64 34 34 15 75 26 5 8 29 89 2 0 49 40 50 54 7 ]

Timer (generate): 12ms real	10ms user	0ms sys
[ 16 31 39 31 89 76 72 49 36 35 61 40 32 29 99 99 35 88 98 61 18 24 90 10 4 ]
[ 3 4 83 26 35 46 95 67 86 26 8 14 98 9 2 85 70 43 69 51 94 68 38 34 19 ]
[ 51 52 43 93 15 99 96 71 82 75 58 81 70 25 67 48 85 33 46 94 36 31 16 31 52 ]
[ 19 77 72 57 11 91 8 16 86 2 31 38 50 2 72 77 60 53 47 38 72 95 75 58 93 ]
[ 22 46 76 90 77 28 62 54 1 19 17 44 80 33 31 34 64 21 36 18 93 14 31 47 13 ]
[ 21 71 9 96 29 54 70 75 31 61 4 59 23 10 12 94 28 57 26 61 40 12 78 61 49 ]
[ 96 6 63 27 53 28 0 77 89 97 6 44 67 34 75 80 38 86 55 49 99 2 29 8 28 ]
[ 90 48 41 68 61 42 17 67 57 96 73 85 97 50 75 46 56 19 65 90 94 46 81 32 53 ]
[ 82 83 55 11 91 84 1 39 77 22 0 19 39 20 76 35 93 61 84 43 36 30 51 7 96 ]
[ 42 53 94 75 86 47 57 69 3 68 13 39 69 52 16 43 5 87 82 25 63 70 70 76 54 ]
[ 13 65 37 64 24 33 58 78 27 33 16 26 42 37 29 10 50 68 32 55 36 75 60 23 10 ]
[ 37 38 80 7 67 86 72 84 75 36 8 8 95 86 87 80 54 14 23 92 95 85 42 16 17 ]
[ 97 4 45 9 80 55 98 70 87 57 37 25 29 21 1 18 82 61 65 20 1 45 75 67 20 ]
[ 67 62 6 61 30 75 59 35 72 20 15 79 71 85 66 28 75 44 10 48 97 28 30 58 93 ]
[ 3 59 90 78 78 63 97 41 21 58 23 48 69 58 21 42 25 0 13 63 19 93 38 63 3 ]
[ 38 60 31 21 70 76 24 82 67 2 60 82 51 53 3 61 77 51 31 87 72 25 13 25 38 ]
[ 28 44 31 18 59 87 56 71 18 77 41 47 53 23 14 55 36 48 58 89 51 20 18 2 51 ]
[ 6 27 28 71 52 66 99 96 49 69 55 36 25 26 7 55 19 54 8 95 20 16 31 68 74 ]
[ 72 71 94 91 73 97 49 52 25 20 4 43 71 52 45 40 59 33 17 37 92 72 57 46 33 ]
[ 4 18 49 87 38 23 59 9 70 2 35 67 51 87 45 23 44 40 94 96 85 86 56 71 4 ]

Timer (sort): 1001ms real	520ms user	0ms sys
The output is sorted!
[ 5 33 16 17 41 32 28 7 77 20 21 52 84 4 22 0 23 30 20 10 6 4 35 48 28 ]
[ 34 18 56 34 17 40 6 44 8 46 15 50 0 6 15 6 12 86 6 10 59 5 50 7 49 ]
[ 98 10 18 4 2 4 21 6 58 18 69 70 17 13 40 57 12 32 18 2 16 68 20 10 29 ]
[ 0 29 75 2 32 36 11 68 10 16 26 37 19 30 29 27 22 29 5 2 42 36 17 82 32 ]
[ 30 15 78 54 35 98 18 9 23 24 46 5 7 17 30 13 2 53 7 40 13 6 59 18 18 ]
[ 0 60 95 84 8 25 7 30 6 26 0 28 26 29 7 14 17 20 20 13 40 79 47 28 15 ]
[ 17 13 0 43 11 14 93 4 57 9 9 22 57 15 92 4 11 67 91 10 77 15 0 4 4 ]
[ 52 38 13 21 1 30 12 2 96 6 4 19 44 41 34 27 27 48 25 18 56 6 61 52 10 ]
[ 10 0 9 7 33 49 96 18 12 45 96 17 63 9 1 49 77 48 14 43 0 19 1 7 21 ]
[ 43 52 8 0 4 25 39 52 13 46 33 21 54 7 89 1 8 1 62 82 6 10 15 42 32 ]
[ 31 22 1 88 15 80 45 7 1 8 19 14 7 39 35 49 12 99 75 12 19 35 41 4 0 ]
[ 72 82 32 1 5 37 1 76 92 49 11 0 32 92 45 2 9 16 47 14 0 20 0 5 19 ]
[ 29 30 14 2 7 24 10 39 13 8 67 18 72 27 9 29 18 5 61 60 10 16 80 71 43 ]
[ 1 23 98 52 4 16 26 22 25 33 35 19 41 5 18 63 18 57 24 63 24 0 80 15 9 ]
[ 51 62 3 85 40 11 92 19 44 18 3 13 22 94 9 11 67 31 10 21 3 33 29 6 1 ]
[ 7 19 18 33 59 3 3 43 9 69 15 2 22 86 23 60 56 76 57 21 37 15 13 11 23 ]
[ 9 1 2 1 55 49 59 7 38 4 94 50 16 1 11 25 30 24 54 89 50 60 0 4 47 ]
[ 21 16 29 19 21 59 49 49 37 13 70 11 8 26 9 8 33 99 13 9 84 24 12 2 60 ]
[ 95 41 82 18 4 34 4 29 13 17 14 12 41 30 5 4 76 77 20 24 60 18 14 50 0 ]
[ 28 4 1 32 36 98 9 34 87 58 4 25 12 33 7 42 7 83 23 19 3 20 59 50 8 ]

Timer (generate): 10ms real	10ms user	0ms sys
[ 37 92 92 66 12 34 43 69 76 46 74 72 16 54 84 60 99 87 36 81 42 69 51 69 66 ]
[ 16 35 87 58 18 19 95 63 11 13 75 98 57 97 74 55 71 46 71 77 83 83 28 22 19 ]
[ 9 64 88 12 85 55 29 20 94 87 91 13 34 54 76 48 81 74 57 30 1 64 1 99 87 ]
[ 30 34 70 58 56 89 19 73 30 32 10 37 61 83 31 0 74 96 34 80 72 34 13 99 91 ]
[ 44 52 55 97 51 42 28 38 12 86 94 54 6 19 84 38 30 73 51 13 56 51 39 52 37 ]
[ 71 76 72 84 75 15 80 27 71 78 31 65 6 69 30 44 15 36 2 35 72 40 65 45 43 ]
[ 30 1 94 21 53 32 92 81 56 28 9 71 9 36 94 39 19 12 97 88 42 41 56 30 44 ]
[ 91 2 36 8 47 80 90 0 26 11 5 10 55 86 66 83 95 38 44 84 84 83 3 96 80 ]
[ 44 90 22 0 20 18 43 74 54 51 21 86 93 21 13 4 26 23 59 65 42 42 60 32 87 ]
[ 96 16 70 52 65 3 48 55 77 0 28 95 43 2 1 46 76 40 39 49 53 43 28 28 54 ]
[ 93 22 96 5 54 35 2 23 58 6 88 13 54 95 90 54 75 85 97 30 38 43 6 78 34 ]
[ 7 83 29 35 64 83 80 86 31 38 93 67 92 68 77 98 8 90 52 3 80 6 31 17 55 ]
[ 61 7 50 19 38 84 78 21 13 66 37 96 46 76 79 84 69 98 28 89 75 26 97 17 78 ]
[ 52 49 36 83 18 91 96 26 41 67 64 77 46 37 90 12 75 38 10 51 18 47 72 68 75 ]
[ 61 44 2 58 13 32 10 63 69 46 81 12 94 59 6 62 75 83 60 13 26 72 40 16 34 ]
[ 43 86 81 15 55 57 28 51 11 86 64 43 48 79 64 46 13 77 41 72 35 3 48 18 63 ]
[ 13 44 87 53 13 21 96 99 3 63 54 12 91 5 23 29 22 18 29 1 35 76 14 64 17 ]
[ 39 99 72 39 17 35 52 14 74 57 27 95 5 78 50 20 85 62 11 90 37 92 64 8 21 ]
[ 66 43 97 32 7 66 71 6 38 10 75 25 14 41 99 23 20 47 80 99 97 0 84 12 63 ]
[ 26 1 55 91 9 29 9 4 26 41 11 45 65 69 83 27 97 61 94 38 60 17 59 7 50 ]

Timer (sort): 804ms real	590ms user	10ms sys
The output is sorted!
[ 10 26 28 69 6 18 10 35 82 13 28 4 3 8 22 10 3 86 53 31 3 6 8 21 50 ]
[ 43 16 14 23 1 16 15 57 62 40 1 50 20 48 17 27 5 9 25 79 37 44 0 37 3 ]
[ 6 35 48 28 25 53 14 6 35 45 65 28 22 5 33 0 29 36 54 7 14 28 14 1 63 ]
[ 99 26 12 33 62 3 48 47 12 1 23 9 32 97 25 13 27 7 21 35 0 22 7 36 6 ]
[ 5 11 20 24 96 15 26 44 2 46 30 9 8 0 7 12 35 42 51 69 11 69 16 10 49 ]
[ 25 29 7 1 1 3 73 5 13 6 68 61 62 8 49 3 27 33 23 61 34 57 11 22 26 ]
[ 49 9 1 38 18 15 95 16 26 20 9 91 48 3 3 16 19 67 12 19 33 35 66 22 4 ]
[ 17 52 27 13 18 73 0 6 10 40 29 28 68 4 29 47 25 3 64 8 90 66 3 9 14 ]
[ 29 52 62 26 3 16 10 23 23 91 11 19 54 28 58 62 1 34 4 0 27 1 36 10 65 ]
[ 17 32 35 1 38 78 3 1 22 83 1 19 10 9 60 58 7 50 49 15 69 29 7 30 26 ]
[ 42 6 73 46 15 25 49 24 67 12 48 39 8 37 5 5 59 22 6 72 3 15 44 27 7 ]
[ 5 2 17 36 46 12 6 5 61 35 20 40 12 9 4 48 51 7 29 24 36 59 93 17 83 ]
[ 20 2 8 29 69 74 6 5 19 21 20 34 8 78 19 20 85 49 11 14 5 51 93 1 17 ]
[ 57 28 62 2 15 14 33 9 4 59 17 29 71 39 64 49 3 35 35 59 39 5 9 10 11 ]
[ 22 2 12 34 71 47 4 23 4 56 20 85 38 53 13 19 48 32 70 16 37 28 1 18 5 ]
[ 73 60 79 7 1 24 13 69 44 15 15 21 11 22 26 0 24 24 1 78 35 2 39 47 29 ]
[ 9 21 18 1 38 47 47 82 25 14 34 44 24 18 5 32 81 15 70 38 36 14 7 34 11 ]
[ 20 0 70 49 10 19 52 21 92 20 1 9 15 3 99 21 8 27 8 32 14 9 16 95 66 ]
[ 57 0 69 62 95 17 51 15 26 11 7 2 66 17 32 41 12 10 1 1 32 40 7 8 99 ]
[ 14 15 17 3 41 36 25 18 18 5 89 2 78 2 42 41 22 1 67 40 79 56 35 13 20 ]

Timer (generate): 12ms real	10ms user	0ms sys
[ 56 35 84 59 97 14 3 85 91 55 40 86 26 20 85 49 9 42 95 55 91 62 76 32 41 ]
[ 91 32 3 21 70 21 77 57 5 37 7 19 92 44 63 99 84 49 25 56 86 27 17 28 74 ]
[ 25 72 36 1 56 77 44 40 33 66 10 54 95 19 60 32 26 79 76 70 94 27 6 43 53 ]
[ 14 29 32 32 10 6 57 82 95 10 38 72 54 78 57 72 40 12 68 59 72 52 38 3 81 ]
[ 60 98 8 19 41 13 33 23 45 65 33 4 22 15 51 84 53 23 91 83 33 63 23 45 83 ]
[ 82 17 36 72 72 17 33 70 25 52 64 91 85 87 36 51 20 92 25 87 43 62 92 19 53 ]
[ 75 52 16 98 97 52 32 66 88 5 38 57 38 9 34 42 25 25 27 12 14 30 84 58 8 ]
[ 23 2 70 15 21 23 42 25 91 40 74 43 24 40 83 29 30 92 19 91 27 61 16 4 41 ]
[ 28 70 71 64 29 79 87 31 1 54 4 24 96 29 68 88 55 11 13 95 95 94 25 39 66 ]
[ 17 66 79 85 23 20 66 93 44 30 22 75 70 53 77 76 9 53 73 90 21 13 45 33 78 ]
[ 92 80 73 70 19 91 39 38 70 24 61 43 90 54 87 73 77 62 43 82 91 71 44 45 44 ]
[ 34 66 10 32 51 88 24 83 13 94 55 56 33 45 27 58 6 70 48 12 9 73 41 23 16 ]
[ 76 15 88 20 12 84 6 30 46 38 34 35 63 17 0 57 24 57 43 69 36 53 75 58 53 ]
[ 40 67 27 81 42 43 57 57 83 29 21 20 36 52 18 74 86 53 89 55 6 99 80 63 42 ]
[ 49 99 95 77 57 0 17 76 27 50 18 23 60 28 6 89 49 78 77 53 97 4 91 2 45 ]
[ 47 8 44 27 23 38 28 74 85 5 83 86 74 11 13 25 30 36 37 10 95 78 11 25 56 ]
[ 65 74 12 56 77 57 55 37 2 82 13 92 63 39 78 68 23 16 95 34 29 72 16 18 9 ]
[ 26 13 87 38 90 95 55 65 7 63 94 17 19 83 71 53 96 63 16 36 93 37 11 9 32 ]
[ 45 91 4 14 9 13 40 74 52 30 64 48 37 81 7 1 75 76 20 59 47 25 7 63 42 ]
[ 95 56 79 6 18 11 4 9 67 18 70 80 10 96 32 93 12 32 30 94 92 31 21 68 3 ]

Timer (sort): 948ms real	590ms user	0ms sys
The output is sorted!
[ 14 6 0 66 99 8 27 8 27 43 2 32 12 21 95 7 15 1 45 4 18 16 19 39 5 ]
[ 12 27 47 10 75 41 69 4 16 11 15 10 79 2 40 30 12 4 30 49 30 18 9 18 11 ]
[ 3 35 79 21 17 29 5 75 8 16 30 57 78 40 46 1 21 1 0 32 24 14 33 1 6 ]
[ 72 57 0 4 31 33 6 19 31 10 11 54 77 9 12 96 1 4 52 51 4 1 3 27 12 ]
[ 62 43 39 53 45 30 52 12 0 23 27 21 26 20 2 5 39 30 0 33 5 66 2 49 8 ]
[ 30 87 46 6 5 47 5 7 26 9 36 45 3 29 7 25 24 58 36 24 51 63 19 2 14 ]
[ 19 57 28 12 55 32 5 4 10 14 17 30 54 20 3 29 81 61 22 2 0 34 6 97 45 ]
[ 66 5 49 29 35 8 17 10 45 21 60 1 42 64 17 51 8 95 32 50 6 18 1 7 2 ]
[ 20 8 60 23 2 92 25 12 88 27 93 36 24 19 70 9 1 10 47 1 8 15 17 43 0 ]
[ 17 24 19 1 6 64 37 40 73 18 6 19 42 32 1 15 27 34 33 81 5 38 57 26 41 ]
[ 51 15 95 2 31 9 1 58 7 80 49 36 11 74 0 10 63 11 8 42 43 16 13 18 14 ]
[ 3 11 79 12 10 23 41 17 27 6 41 7 78 33 9 67 19 13 68 44 13 27 26 59 25 ]
[ 5 38 34 9 8 63 5 3 6 52 64 10 14 25 60 0 38 79 16 53 77 34 46 10 10 ]
[ 14 77 56 14 30 8 37 78 22 58 74 23 77 12 47 9 42 3 17 2 8 7 13 21 13 ]
[ 12 45 48 26 34 69 39 13 12 60 18 54 17 27 88 2 3 29 18 51 1 14 27 58 1 ]
[ 27 30 35 9 21 37 20 28 1 51 0 14 40 2 37 58 29 23 41 11 38 63 32 83 37 ]
[ 43 53 24 38 1 24 10 9 18 43 3 32 78 15 47 7 20 5 28 71 2 46 65 57 28 ]
[ 4 11 22 13 6 1 22 25 92 68 78 24 17 30 46 24 59 18 34 36 27 61 1 45 8 ]
[ 14 34 2 5 72 37 72 8 62 29 33 9 97 9 4 8 7 37 16 16 51 3 53 23 72 ]
[ 40 16 15 78 12 36 1 8 39 7 70 21 43 9 10 50 2 77 61 72 44 19 23 21 7 ]

Timer (generate): 11ms real	10ms user	0ms sys
[ 5 47 11 52 64 96 47 82 70 33 0 3 41 81 22 13 92 7 5 94 82 8 88 95 70 ]
[ 54 13 36 24 80 33 81 27 44 33 43 41 33 26 11 66 78 67 7 59 89 72 3 96 30 ]
[ 98 78 90 38 25 12 45 39 48 21 71 81 2 50 78 88 94 19 21 20 82 39 50 49 46 ]
[ 61 38 71 64 86 53 62 16 43 53 42 55 50 33 56 71 4 37 73 54 15 61 0 86 34 ]
[ 72 21 73 22 70 72 83 61 43 48 99 48 62 68 43 67 10 50 17 95 6 88 51 96 14 ]
[ 57 63 75 58 50 10 30 71 35 5 93 7 88 6 50 88 6 50 51 74 93 70 36 44 88 ]
[ 83 50 76 34 98 90 91 62 18 1 64 80 84 87 15 89 80 23 29 39 25 18 97 76 21 ]
[ 71 69 91 59 65 79 94 16 8 28 14 98 71 28 68 25 92 48 9 79 64 50 12 39 79 ]
[ 51 64 49 48 92 70 71 14 14 30 79 45 24 47 53 4 14 4 27 42 72 52 35 73 13 ]
[ 14 89 63 26 28 95 29 44 44 77 89 67 48 3 81 30 82 26 6 82 32 10 96 36 90 ]
[ 38 60 94 25 33 8 92 22 23 70 2 18 0 99 63 29 88 30 78 91 63 60 25 41 67 ]
[ 59 25 29 55 13 19 46 74 14 23 59 74 15 34 97 38 36 16 38 35 31 67 75 13 97 ]
[ 66 28 58 44 69 25 3 95 6 11 8 26 57 34 92 32 94 66 48 80 15 86 16 83 76 ]
[ 4 14 95 79 27 45 98 55 3 94 77 80 49 24 86 60 84 12 69 19 56 2 65 74 50 ]
[ 45 90 88 61 73 16 17 40 11 49 19 56 99 27 11 93 4 91 42 28 78 3 12 42 72 ]
[ 83 51 26 48 25 76 93 67 16 7 41 84 76 81 48 25 52 56 24 79 68 69 83 11 64 ]
[ 63 41 67 28 84 91 11 87 18 12 12 46 57 80 15 64 73 99 93 6 47 70 58 4 47 ]
[ 38 24 16 21 35 80 37 77 99 65 13 43 28 0 13 92 64 11 50 44 26 66 69 78 59 ]
[ 75 77 30 34 33 77 72 57 45 45 45 78 34 74 77 51 39 72 80 91 85 24 55 97 74 ]
[ 52 75 93 21 5 52 49 35 34 83 68 63 7 78 61 52 75 39 87 1 68 38 40 41 70 ]

Timer (sort): 831ms real	570ms user	0ms sys
The output is sorted!
[ 72 3 95 38 13 11 50 8 17 10 0 40 17 57 11 34 5 15 24 2 38 76 12 19 16 ]
[ 10 26 18 51 18 32 94 11 47 22 7 11 25 16 14 9 33 2 5 13 8 62 38 50 68 ]
[ 53 81 7 12 24 56 2 23 30 3 15 98 6 45 10 3 34 59 29 55 11 0 1 16 35 ]
[ 3 39 40 33 52 38 66 9 14 0 9 34 1 60 47 37 7 86 45 42 13 8 5 20 3 ]
[ 5 23 3 0 54 2 3 13 95 14 11 67 4 6 42 2 43 1 91 20 1 19 47 70 83 ]
[ 6 70 2 41 11 1 49 12 76 2 30 7 24 30 44 85 10 67 34 17 9 9 45 48 13 ]
[ 15 30 48 19 8 35 57 1 29 34 23 22 10 10 24 59 18 5 56 2 48 22 6 75 88 ]
[ 29 30 55 16 9 60 76 12 15 31 39 67 5 14 32 3 26 1 7 58 0 37 51 28 47 ]
[ 3 15 44 35 45 17 75 0 2 8 96 79 9 51 28 3 19 4 7 15 9 51 27 36 74 ]
[ 67 18 11 19 69 23 16 12 25 85 63 3 18 3 1 37 88 18 22 60 19 4 30 36 7 ]
[ 61 8 98 44 8 11 0 20 18 24 63 22 2 4 7 22 44 26 69 63 11 73 24 7 35 ]
[ 18 24 16 9 9 16 23 1 82 26 57 55 33 32 5 86 45 75 27 52 44 10 1 11 14 ]
[ 66 19 2 11 45 78 28 0 4 23 15 34 38 29 90 88 47 30 9 33 27 29 10 4 14 ]
[ 16 79 10 4 36 14 5 69 15 70 3 31 68 50 16 22 12 57 0 0 87 88 10 4 12 ]
[ 19 44 13 41 88 21 4 29 58 22 0 30 14 16 40 78 9 5 37 6 44 59 41 46 22 ]
[ 13 1 48 23 61 63 81 5 13 33 51 27 2 44 58 44 4 27 57 25 9 19 4 31 43 ]
[ 96 76 8 42 10 60 47 69 43 44 41 14 18 11 10 17 6 54 8 6 7 49 1 32 20 ]
[ 54 64 57 55 5 13 4 65 24 1 48 35 48 6 60 35 18 46 47 1 10 43 13 23 14 ]
[ 7 90 2 0 48 32 31 61 11 38 2 16 20 29 97 67 97 8 9 9 17 35 35 16 14 ]
[ 0 64 23 23 13 65 19 2 1 52 16 10 1 42 93 56 26 3 51 51 22 30 23 71 36 ]

Timer (generate): 10ms real	10ms user	0ms sys
[ 19 9 36 38 54 79 73 35 5 45 33 48 15 68 86 16 20 38 89 91 29 32 19 99 66 ]
[ 46 56 16 91 68 97 62 77 34 0 31 13 25 18 18 71 51 67 86 72 5 2 92 95 43 ]
[ 83 76 76 54 75 42 0 84 10 91 52 59 53 81 93 5 64 59 31 35 29 2 38 96 40 ]
[ 10 53 43 2 0 38 85 77 14 39 4 8 39 88 70 82 92 30 87 73 75 93 38 34 76 ]
[ 73 64 30 11 12 70 74 18 65 76 18 4 62 47 70 53 52 79 45 40 1 79 85 83 67 ]
[ 58 59 12 48 45 88 73 61 18 37 26 40 11 44 6 87 14 62 1 62 32 7 14 63 4 ]
[ 6 65 83 43 48 2 2 59 14 2 5 54 76 18 24 13 44 17 76 88 23 15 55 85 17 ]
[ 17 69 76 83 33 80 41 98 15 85 98 18 39 58 84 41 15 91 69 33 15 82 78 84 10 ]
[ 18 7 26 25 44 95 42 14 71 77 99 3 71 97 18 8 95 88 47 5 73 40 20 64 10 ]
[ 54 31 44 84 16 55 54 75 33 80 72 28 74 38 51 4 37 6 75 34 76 83 81 65 82 ]
[ 87 38 22 59 54 84 65 85 29 49 53 84 56 81 17 36 53 97 62 91 48 66 80 6 93 ]
[ 66 82 28 47 47 62 86 37 85 46 91 21 11 29 50 13 34 86 21 15 55 9 68 52 71 ]
[ 11 52 90 91 58 83 57 41 64 57 40 26 43 78 63 41 69 85 5 50 35 70 85 22 91 ]
[ 0 77 0 21 82 23 32 34 13 24 45 97 33 38 61 90 78 39 86 56 3 27 78 88 84 ]
[ 28 23 54 65 97 97 66 75 97 39 9 21 71 95 34 47 40 83 81 78 96 71 57 36 57 ]
[ 65 39 37 95 27 21 24 2 28 41 0 25 59 75 23 98 36 96 70 31 82 69 72 66 50 ]
[ 2 14 22 11 2 31 77 41 68 72 20 42 48 23 70 90 23 95 1 50 70 0 86 66 22 ]
[ 17 49 91 41 67 42 44 33 16 55 36 99 84 29 68 57 50 62 57 73 32 99 48 79 1 ]
[ 98 50 53 36 68 27 5 69 18 47 88 12 91 22 80 46 58 80 31 39 0 40 89 62 49 ]
[ 14 94 49 62 73 2 12 75 55 0 44 34 6 65 4 53 54 17 44 76 49 42 86 29 25 ]

Timer (sort): 922ms real	510ms user	0ms sys
The output is sorted!
[ 83 53 19 10 9 24 47 4 12 1 43 30 65 12 40 22 13 10 23 7 4 1 10 8 12 ]
[ 1 20 3 13 6 20 10 33 5 18 50 15 2 15 37 14 43 87 54 76 22 0 2 21 78 ]
[ 63 27 1 96 35 5 37 21 29 35 0 82 31 10 3 8 90 5 34 29 26 0 24 11 8 ]
[ 5 24 23 71 19 4 56 0 5 10 51 17 8 14 11 14 14 71 36 36 13 77 78 43 17 ]
[ 27 15 11 2 69 25 64 26 22 6 18 28 14 74 16 8 2 31 25 63 19 77 4 74 3 ]
[ 12 0 45 10 21 22 4 10 65 6 87 48 36 11 49 22 13 16 64 20 60 63 0 12 28 ]
[ 45 42 31 0 50 28 15 54 7 30 1 73 32 4 89 20 15 18 3 1 73 59 22 3 30 ]
[ 0 9 42 23 37 2 6 78 4 47 31 28 69 14 0 44 23 34 37 16 91 9 13 30 59 ]
[ 28 1 53 18 85 14 32 40 24 15 8 87 18 4 6 23 82 41 39 12 1 48 22 17 29 ]
[ 12 5 54 79 2 29 0 12 4 8 31 89 7 0 14 95 4 30 45 88 38 45 7 20 38 ]
[ 6 37 7 47 46 26 28 13 1 48 46 25 24 2 48 12 30 0 87 18 37 83 62 7 21 ]
[ 3 53 81 26 35 49 19 97 2 40 15 39 5 7 50 93 12 38 9 16 17 21 9 14 12 ]
[ 67 1 53 12 53 42 37 75 3 98 28 37 56 10 42 6 17 22 43 16 0 13 12 2 18 ]
[ 52 22 7 22 2 78 5 8 47 53 4 65 30 20 17 39 59 1 5 68 41 4 20 99 3 ]
[ 99 34 21 3 5 14 29 11 40 21 16 10 57 61 0 20 5 40 10 70 13 31 45 89 29 ]
[ 12 29 30 37 86 10 49 49 40 30 17 15 34 46 23 16 15 40 25 1 62 41 5 42 22 ]
[ 53 73 11 2 79 5 31 28 2 33 28 5 73 79 42 3 27 15 5 23 29 61 13 54 5 ]
[ 2 79 72 2 41 3 23 14 77 10 42 84 20 11 31 30 49 8 14 22 11 34 53 3 44 ]
[ 18 17 10 1 19 4 30 75 15 88 70 6 98 35 40 21 16 12 47 78 11 7 17 19 28 ]
[ 12 7 73 11 0 45 79 2 38 57 32 10 38 62 8 76 46 2 15 23 94 6 23 17 7 ]

