Timer (generate): 357ms real	340ms user	0ms sys
[ 45 92 16 72 44 94 70 78 50 23 8 25 47 89 31 96 69 57 50 13 80 79 5 77 31 ]
[ 42 93 98 83 37 50 28 30 67 53 26 61 23 56 63 99 64 40 46 53 71 43 75 80 45 ]
[ 40 60 24 46 37 7 40 82 5 23 19 8 3 1 27 8 27 40 32 35 3 31 99 43 29 ]
[ 53 66 24 28 46 69 68 58 94 66 47 1 6 29 59 81 0 67 37 2 46 45 81 86 29 ]
[ 17 89 12 16 84 42 21 50 66 49 48 88 70 6 34 36 53 87 95 34 46 28 34 65 17 ]
[ 88 11 63 22 49 44 39 38 57 7 74 51 29 24 69 30 72 57 0 30 43 89 35 31 36 ]
[ 21 29 16 56 47 34 96 10 49 18 60 93 9 50 2 17 25 53 98 49 75 28 74 84 81 ]
[ 56 28 22 92 11 58 13 40 26 21 39 60 18 50 9 88 10 55 98 60 57 15 85 63 13 ]
[ 87 38 93 61 22 26 17 2 48 61 13 58 75 6 85 48 45 97 66 47 7 55 57 62 5 ]
[ 70 71 20 7 34 85 94 24 30 7 99 57 77 1 5 38 67 16 65 25 1 14 70 98 32 ]
[ 18 57 39 27 71 44 49 43 16 57 29 53 3 6 84 11 57 41 88 58 98 78 77 14 96 ]
[ 2 15 62 25 66 94 95 75 86 74 47 82 24 42 51 81 23 4 36 81 88 47 38 29 87 ]
[ 49 28 66 26 42 62 81 10 76 6 28 70 1 3 8 27 2 43 51 96 94 84 20 98 21 ]
[ 1 39 20 40 68 8 89 48 26 67 43 40 48 5 16 6 85 38 59 40 99 87 43 42 38 ]
[ 39 88 75 11 86 48 65 77 68 5 46 28 46 46 54 65 41 94 14 46 62 72 31 1 32 ]
[ 24 52 19 67 94 9 58 82 84 22 20 84 87 98 53 44 96 81 90 94 88 7 36 34 73 ]
[ 34 97 46 18 50 78 42 2 97 9 48 58 19 82 95 41 54 79 28 4 32 72 0 66 14 ]
[ 47 54 74 35 88 47 69 37 93 87 39 71 29 41 20 90 41 79 62 75 74 3 30 53 84 ]
[ 34 38 8 87 4 75 86 10 49 21 50 96 90 88 90 30 27 13 11 21 34 2 14 65 16 ]
[ 90 39 71 20 44 55 6 82 16 45 38 91 31 48 40 52 99 88 95 39 30 25 18 44 36 ]

Timer (generate): 378ms real	350ms user	10ms sys
[ 15 95 40 94 37 12 38 91 51 64 23 53 64 91 82 64 44 94 36 94 67 64 9 84 30 ]
[ 61 8 61 25 65 89 41 13 29 35 2 41 25 94 44 89 17 98 53 60 32 69 57 26 5 ]
[ 51 93 21 12 77 52 73 38 65 99 55 6 92 68 87 79 23 80 4 17 24 45 86 74 98 ]
[ 99 6 19 8 84 77 59 77 98 24 7 2 49 97 67 48 52 25 92 73 12 23 96 44 27 ]
[ 65 69 72 3 43 22 2 2 42 10 86 19 22 64 17 98 23 72 47 20 39 48 24 17 40 ]
[ 97 81 64 93 26 43 10 47 68 14 90 90 68 44 84 31 31 3 5 47 73 3 70 45 2 ]
[ 42 36 50 66 5 43 64 87 59 9 65 2 72 12 70 86 54 13 6 99 97 89 30 1 94 ]
[ 77 26 49 99 23 52 93 59 2 59 65 45 75 4 56 37 69 59 9 81 81 47 35 94 5 ]
[ 86 92 95 16 45 89 45 23 91 44 46 43 37 57 97 49 74 95 76 78 51 13 47 62 74 ]
[ 80 44 73 68 90 79 54 82 26 23 79 67 68 54 58 65 0 1 54 10 99 3 84 46 32 ]
[ 63 97 45 62 60 72 43 4 45 63 94 76 17 29 2 40 60 70 9 15 80 26 67 82 80 ]
[ 77 33 36 62 79 68 77 28 65 39 88 37 34 44 35 49 91 63 67 72 18 7 32 40 68 ]
[ 99 20 46 67 54 27 96 39 63 58 70 83 87 99 48 79 87 86 65 84 73 15 75 88 82 ]
[ 47 6 41 31 46 62 31 19 8 50 73 35 46 13 50 57 83 33 44 34 82 23 22 20 89 ]
[ 58 45 56 33 33 38 32 40 31 63 38 93 46 57 54 96 31 41 95 96 92 52 31 77 48 ]
[ 66 11 24 40 83 65 98 28 21 31 14 11 63 6 42 78 44 88 25 2 42 73 85 83 68 ]
[ 33 27 72 64 57 73 30 68 97 70 4 62 68 32 83 51 98 94 66 4 88 97 1 76 22 ]
[ 55 18 95 40 54 16 73 81 40 89 90 13 20 59 10 42 63 24 63 47 59 66 98 5 33 ]
[ 2 94 30 55 22 4 10 93 51 2 47 67 27 80 8 17 71 73 37 82 84 31 45 8 94 ]
[ 44 20 61 42 25 46 97 19 28 52 42 32 63 35 35 17 34 3 45 66 63 62 89 36 51 ]

Timer (generate): 384ms real	340ms user	30ms sys
[ 28 78 40 30 25 66 0 83 5 0 61 33 48 16 15 26 35 90 58 60 32 30 49 1 64 ]
[ 43 60 55 81 82 84 61 60 76 91 38 94 43 21 0 43 34 85 44 3 0 70 90 43 28 ]
[ 50 75 11 99 28 75 95 89 83 76 71 67 38 84 95 81 22 89 25 95 89 20 81 26 64 ]
[ 84 27 87 75 22 67 77 97 78 77 78 6 72 67 89 0 90 8 90 74 3 24 48 44 49 ]
[ 43 34 21 25 12 86 61 91 73 88 13 92 66 63 71 95 41 77 19 60 66 19 50 26 62 ]
[ 77 29 86 25 73 87 69 59 8 46 72 46 7 63 71 96 29 64 14 92 35 9 33 12 28 ]
[ 93 30 99 95 56 61 72 37 99 50 10 86 71 22 47 17 46 93 76 61 65 24 90 29 38 ]
[ 82 64 99 67 28 27 12 58 79 8 66 92 32 3 92 82 65 30 53 87 77 22 85 23 99 ]
[ 47 88 23 89 69 14 24 85 13 91 13 93 56 23 72 16 41 64 48 44 56 83 9 87 88 ]
[ 49 16 63 34 39 62 33 79 37 23 48 51 99 85 17 90 50 10 98 73 82 14 14 46 15 ]
[ 10 55 50 72 94 38 21 10 53 7 2 15 41 81 5 16 82 8 15 67 25 57 70 35 56 ]
[ 95 69 22 10 68 37 72 23 87 44 69 78 65 31 31 25 33 99 66 67 56 34 1 64 49 ]
[ 20 42 6 90 29 14 86 99 37 48 19 26 20 42 14 17 63 44 34 94 27 59 28 78 25 ]
[ 47 34 59 48 51 60 20 93 19 11 74 33 97 25 22 97 44 49 17 38 15 86 1 59 21 ]
[ 96 86 80 76 17 58 75 51 69 75 54 30 95 47 49 6 74 34 55 99 57 52 96 6 22 ]
[ 34 73 8 88 32 81 36 70 62 64 87 20 39 91 41 14 45 71 61 45 72 20 19 7 75 ]
[ 70 16 80 66 74 54 53 47 14 41 31 96 29 1 10 93 41 82 84 84 23 98 29 47 11 ]
[ 26 19 31 97 78 7 68 46 39 86 20 45 39 19 59 32 50 7 13 52 17 6 45 51 90 ]
[ 29 75 40 10 22 52 37 93 83 34 72 42 2 18 33 41 91 78 32 10 38 17 61 97 30 ]
[ 65 15 37 62 66 79 91 93 20 1 67 24 38 61 59 25 85 2 79 55 35 20 46 66 53 ]

Timer (generate): 374ms real	350ms user	20ms sys
[ 11 60 60 48 15 32 20 51 43 47 92 80 22 46 26 72 32 94 19 18 81 72 23 78 69 ]
[ 92 12 79 76 39 34 39 99 94 40 14 26 60 18 70 8 62 2 82 60 29 54 92 75 73 ]
[ 11 56 97 86 87 67 79 51 98 7 90 32 46 89 26 38 56 4 99 74 26 59 88 29 41 ]
[ 49 10 96 41 85 21 4 42 19 91 81 38 22 32 36 29 23 68 27 64 46 66 72 50 17 ]
[ 98 77 76 87 6 69 36 16 17 77 1 39 34 95 10 77 28 48 99 61 84 28 36 4 7 ]
[ 52 2 25 25 52 42 23 81 70 10 39 40 98 55 57 76 9 48 62 56 58 39 85 58 38 ]
[ 46 94 18 34 50 25 86 52 51 63 57 45 39 38 16 1 78 8 0 85 17 28 94 66 90 ]
[ 51 76 29 88 35 19 34 29 89 20 32 14 58 84 17 22 41 15 61 80 31 62 10 91 14 ]
[ 95 8 42 90 26 32 93 3 13 81 90 84 67 71 73 39 3 40 97 88 57 19 81 24 32 ]
[ 13 55 47 23 98 61 19 7 4 61 33 88 6 88 2 39 78 86 6 2 12 45 5 52 94 ]
[ 45 61 14 27 86 98 40 93 45 64 92 59 35 99 15 96 84 3 2 25 57 41 55 96 99 ]
[ 57 8 96 63 60 90 60 21 56 87 7 7 80 1 52 96 45 63 83 96 78 79 80 82 33 ]
[ 57 91 26 13 87 77 22 95 25 37 7 15 98 81 24 37 88 31 17 41 35 65 86 99 48 ]
[ 82 77 79 15 11 64 72 3 90 37 42 19 60 38 44 97 97 12 95 78 36 85 19 19 54 ]
[ 60 54 20 99 53 20 33 83 0 48 46 16 73 1 7 62 44 78 22 34 23 72 31 35 19 ]
[ 62 23 4 81 42 11 93 48 83 92 54 3 78 37 55 78 35 72 51 37 31 66 81 9 40 ]
[ 67 84 12 98 71 84 60 94 40 93 88 51 87 37 34 31 91 90 9 80 45 88 15 69 91 ]
[ 4 0 57 85 62 50 52 46 62 3 70 98 15 64 39 9 5 42 96 42 77 27 85 19 89 ]
[ 65 64 77 32 86 20 37 86 78 74 0 80 79 99 94 82 69 93 97 85 84 6 90 26 54 ]
[ 84 55 34 21 74 23 86 91 0 71 77 20 8 15 50 82 68 30 61 67 25 95 88 70 93 ]

Timer (generate): 349ms real	320ms user	30ms sys
[ 90 99 71 16 96 37 62 95 11 88 15 83 98 36 14 11 32 69 82 34 81 50 80 61 19 ]
[ 64 47 50 93 16 80 35 68 3 3 64 40 17 11 51 6 26 87 4 14 1 67 46 23 49 ]
[ 32 56 51 12 17 22 29 16 73 74 84 5 10 4 8 13 20 48 31 31 51 89 9 38 45 ]
[ 23 40 12 21 63 13 5 19 16 18 88 38 99 56 63 73 40 68 83 97 76 49 17 76 32 ]
[ 49 28 21 58 66 66 34 6 30 7 21 95 13 92 11 83 80 49 82 88 13 55 81 33 91 ]
[ 78 10 40 95 86 72 44 14 45 55 81 63 41 39 93 0 61 40 13 53 51 96 86 52 30 ]
[ 74 17 86 55 51 29 33 61 69 81 99 93 25 66 38 32 99 53 25 38 98 26 51 38 91 ]
[ 57 89 40 95 41 70 21 11 8 77 62 37 62 75 58 43 26 3 21 92 41 5 91 46 31 ]
[ 82 44 9 33 82 0 42 23 40 37 17 11 59 28 71 88 90 9 2 17 19 98 43 23 71 ]
[ 36 16 76 79 63 59 61 7 68 47 90 69 89 65 9 79 82 72 90 62 44 30 4 5 84 ]
[ 21 24 82 65 47 5 53 16 82 32 79 93 46 86 62 93 28 83 34 46 44 65 28 17 55 ]
[ 91 13 37 95 70 74 69 94 56 34 94 14 39 62 96 23 41 41 69 79 3 62 8 86 49 ]
[ 54 31 14 34 0 22 77 65 59 73 35 33 94 81 42 80 27 56 19 89 4 42 30 97 12 ]
[ 62 1 26 70 39 75 76 22 90 10 74 12 40 39 23 65 26 9 59 8 3 39 87 11 58 ]
[ 29 67 52 59 64 64 21 65 91 43 57 66 71 31 8 34 6 20 74 97 96 39 24 5 98 ]
[ 84 8 37 23 19 47 52 86 99 64 50 64 37 68 7 81 77 25 4 8 34 38 66 6 12 ]
[ 16 54 51 92 59 49 76 19 38 51 90 85 4 76 37 68 79 53 5 99 60 38 28 37 43 ]
[ 88 23 81 55 82 46 23 36 97 15 48 99 43 67 89 94 58 27 98 86 64 18 17 17 76 ]
[ 68 29 14 96 18 9 85 42 43 92 24 89 15 12 38 82 60 89 25 28 79 71 38 6 70 ]
[ 76 22 40 94 91 16 62 20 83 11 38 44 48 32 87 40 8 28 7 21 67 41 81 56 66 ]

Timer (generate): 375ms real	330ms user	30ms sys
[ 89 70 92 40 71 82 83 74 14 78 12 90 90 32 57 5 85 86 89 96 1 44 73 84 58 ]
[ 47 39 73 34 64 17 23 34 61 15 6 95 98 32 10 29 44 52 71 28 61 29 14 47 18 ]
[ 10 48 15 36 32 73 83 24 98 17 88 68 92 74 81 7 32 77 57 64 39 38 61 43 10 ]
[ 89 4 39 3 3 9 66 3 24 2 88 50 37 12 0 6 52 20 98 78 2 57 11 31 14 ]
[ 27 22 53 88 65 15 30 21 6 33 24 15 51 79 40 5 67 42 42 31 42 0 83 63 98 ]
[ 62 17 7 25 48 22 52 70 27 93 87 94 23 8 0 8 84 15 60 63 7 65 83 49 60 ]
[ 14 92 60 98 7 11 12 24 18 89 24 92 41 94 19 86 81 13 9 41 65 18 25 81 30 ]
[ 40 40 95 23 90 7 90 34 68 88 41 79 52 17 97 41 41 90 34 87 61 21 20 27 82 ]
[ 61 92 52 38 25 82 30 18 78 6 8 85 96 94 5 36 35 84 88 4 34 81 45 76 67 ]
[ 84 89 40 4 68 23 17 61 75 55 38 58 37 56 88 43 16 25 39 10 31 75 97 67 15 ]
[ 1 53 96 98 29 16 34 71 56 38 39 31 55 52 59 62 43 69 0 99 9 95 68 34 35 ]
[ 78 17 10 28 37 78 81 90 74 80 72 42 66 43 51 5 82 82 12 87 93 27 30 62 79 ]
[ 29 23 74 49 58 9 28 27 72 8 64 50 89 55 76 21 27 19 88 22 70 93 4 4 57 ]
[ 91 98 84 73 12 63 55 36 38 4 46 99 84 73 71 92 38 21 82 45 98 3 24 69 91 ]
[ 46 39 36 2 95 94 46 93 78 19 58 94 74 94 84 79 40 83 63 65 55 56 55 28 90 ]
[ 0 26 93 76 47 85 22 38 73 77 34 67 23 79 98 42 37 92 69 83 76 48 75 11 63 ]
[ 41 66 71 48 95 61 49 73 7 77 21 92 0 11 17 77 45 85 52 77 83 94 66 27 63 ]
[ 50 55 63 25 66 27 18 33 50 67 80 12 68 5 19 45 78 63 97 90 80 26 87 17 78 ]
[ 64 52 25 83 79 40 33 86 56 10 53 35 81 38 85 0 70 97 68 75 68 65 54 83 15 ]
[ 96 64 41 83 81 72 0 86 49 83 65 89 68 52 97 30 57 32 11 95 18 63 65 67 31 ]

Timer (generate): 304ms real	290ms user	10ms sys
[ 32 21 89 28 19 6 11 38 19 88 17 65 7 31 0 25 58 55 5 60 42 0 50 21 58 ]
[ 77 29 95 5 1 29 37 22 70 17 93 77 28 32 96 69 1 13 76 32 14 54 42 21 59 ]
[ 55 16 59 5 37 69 34 18 17 91 19 98 80 93 68 98 87 45 78 71 93 47 72 7 76 ]
[ 56 73 30 51 46 89 6 62 0 63 0 22 49 18 39 41 90 89 21 83 57 71 22 55 50 ]
[ 93 48 97 17 7 73 26 32 55 77 79 44 35 41 97 98 93 19 47 64 10 40 54 99 14 ]
[ 89 8 37 12 63 87 57 64 37 27 23 62 53 56 18 30 35 14 65 76 11 15 22 30 14 ]
[ 86 92 55 40 91 21 81 0 58 45 15 46 55 79 35 82 55 49 35 11 67 17 98 34 34 ]
[ 26 45 49 48 28 63 34 20 70 26 64 91 60 16 2 5 31 48 60 63 35 42 18 84 29 ]
[ 81 4 46 79 38 32 5 35 33 54 15 97 40 88 19 67 52 63 79 68 65 84 99 65 45 ]
[ 14 0 39 32 36 21 13 40 19 92 78 52 50 66 85 4 81 34 96 69 6 15 21 69 94 ]
[ 41 34 79 93 51 76 7 51 67 92 87 88 5 80 8 50 10 12 0 76 49 56 58 84 52 ]
[ 79 90 68 53 11 62 94 45 93 87 96 21 47 99 89 39 38 29 96 18 89 46 81 1 98 ]
[ 57 51 6 67 87 11 47 29 79 0 40 93 46 37 39 34 33 60 81 84 1 72 74 31 68 ]
[ 45 20 67 26 74 65 83 77 24 3 64 35 50 93 66 2 85 59 48 22 50 82 7 11 15 ]
[ 91 64 39 17 95 8 62 68 75 40 42 92 24 19 16 79 35 3 29 80 69 31 65 81 79 ]
[ 87 31 14 46 94 81 37 59 21 6 6 29 69 74 56 9 16 0 85 87 17 64 74 72 45 ]
[ 54 42 76 71 23 8 58 6 74 4 1 55 93 12 28 52 18 57 21 93 65 82 61 66 20 ]
[ 1 35 84 75 7 82 30 49 10 1 24 18 12 31 92 68 84 0 14 96 28 66 14 38 39 ]
[ 59 3 21 21 21 93 22 56 78 97 16 12 79 65 22 33 42 93 97 73 85 65 57 37 31 ]
[ 5 66 97 71 56 36 31 11 10 4 33 3 78 41 33 75 57 45 7 75 68 92 17 13 89 ]

Timer (generate): 366ms real	340ms user	10ms sys
[ 45 8 21 32 51 88 68 33 68 13 38 1 93 50 88 46 16 27 96 16 65 78 12 11 9 ]
[ 51 73 81 94 46 64 39 54 38 24 57 26 92 91 94 57 29 47 2 31 36 48 0 15 97 ]
[ 16 80 75 28 43 37 31 69 70 26 15 34 17 21 72 41 79 51 85 70 45 94 51 45 96 ]
[ 35 81 97 35 48 94 3 80 21 83 23 58 15 92 80 93 59 15 62 81 39 4 60 42 41 ]
[ 82 40 36 85 85 84 20 18 81 7 66 27 62 46 49 46 21 59 13 66 92 58 25 7 20 ]
[ 6 98 76 66 93 18 0 33 6 86 18 90 6 36 72 66 2 51 28 0 52 74 73 12 87 ]
[ 39 4 45 17 63 18 75 13 94 42 6 12 94 39 18 80 57 9 87 45 33 5 99 36 33 ]
[ 51 89 60 25 1 99 16 57 97 85 72 15 61 37 9 55 44 22 49 35 92 30 45 53 69 ]
[ 90 38 74 42 75 7 93 64 67 18 17 67 87 26 64 72 50 31 33 87 40 88 31 14 38 ]
[ 19 7 20 64 12 89 6 51 63 48 78 22 42 94 90 12 11 9 51 89 25 24 39 56 9 ]
[ 26 48 50 10 63 40 29 22 60 45 86 49 3 37 64 52 67 86 46 61 28 10 24 37 62 ]
[ 13 14 86 4 22 47 31 71 97 93 86 37 74 8 49 19 94 98 74 84 14 26 51 1 24 ]
[ 65 29 35 89 19 97 55 33 35 59 8 34 42 79 32 35 65 21 9 25 23 80 71 73 55 ]
[ 7 88 33 11 89 10 76 70 45 17 89 94 72 75 81 32 83 15 74 14 99 62 79 73 71 ]
[ 56 96 4 79 69 59 39 57 44 50 98 54 78 69 51 95 58 97 20 85 30 4 68 46 30 ]
[ 82 97 92 13 22 16 21 18 20 1 40 31 92 49 75 42 48 82 72 69 33 19 27 83 39 ]
[ 65 13 43 33 11 26 68 9 18 33 83 86 55 54 6 8 94 89 0 95 17 94 95 99 66 ]
[ 64 84 85 44 67 77 9 81 72 94 92 98 62 53 69 48 89 55 3 43 14 63 89 3 15 ]
[ 84 20 9 80 71 27 96 56 64 40 75 93 49 8 66 44 53 16 58 6 37 6 47 93 61 ]
[ 90 59 76 31 62 91 16 35 52 48 6 31 44 14 96 37 90 41 86 98 7 82 3 76 93 ]

Timer (generate): 345ms real	310ms user	20ms sys
[ 95 56 97 93 47 68 59 64 17 12 4 57 64 91 26 11 60 94 66 2 48 85 15 89 1 ]
[ 74 40 49 83 87 89 31 95 86 76 43 54 35 59 71 99 15 80 63 58 58 26 18 52 45 ]
[ 72 1 30 40 42 83 14 34 85 50 73 74 81 69 60 9 64 66 97 75 37 96 90 70 12 ]
[ 48 28 38 18 33 35 91 34 65 83 28 49 97 63 86 99 36 60 32 57 20 42 73 86 39 ]
[ 48 75 35 38 45 99 86 26 38 5 59 73 48 45 91 31 73 92 80 88 78 80 77 38 12 ]
[ 34 10 6 60 48 45 8 75 33 47 73 32 85 99 22 90 10 48 90 55 91 73 80 83 54 ]
[ 21 13 86 98 3 50 84 65 9 44 13 54 5 88 39 52 61 24 37 12 98 80 22 46 70 ]
[ 29 89 44 62 72 50 83 37 88 33 40 90 69 57 99 66 70 6 71 11 45 75 24 21 64 ]
[ 37 20 44 11 18 67 41 8 63 55 32 13 90 22 53 75 14 43 44 72 95 62 42 1 85 ]
[ 5 98 12 30 72 77 67 92 73 30 62 40 71 22 55 78 7 20 68 29 73 43 43 69 40 ]
[ 15 64 2 10 65 40 15 15 52 45 87 81 64 31 55 95 94 47 18 68 55 97 75 75 17 ]
[ 4 49 61 0 18 1 15 34 55 77 51 95 93 66 0 90 6 33 7 37 40 2 83 88 72 ]
[ 4 95 69 79 70 39 36 19 0 36 89 53 51 75 8 81 26 56 74 45 8 16 51 41 23 ]
[ 40 82 77 76 22 50 80 17 71 59 39 10 95 59 62 31 0 15 35 76 76 68 2 84 42 ]
[ 99 92 10 50 85 34 43 19 63 19 93 13 51 62 85 10 2 47 58 13 10 41 13 77 28 ]
[ 41 53 96 44 37 90 95 81 1 46 19 87 41 90 50 60 84 64 11 98 1 73 0 0 83 ]
[ 13 10 25 79 88 53 20 93 2 16 83 92 12 64 93 10 35 32 51 26 83 63 62 99 26 ]
[ 60 52 51 13 52 35 26 15 12 57 55 17 30 48 19 46 31 12 10 48 57 72 35 90 23 ]
[ 61 25 38 75 76 16 36 28 68 49 32 55 27 99 67 37 6 84 67 55 4 65 38 68 76 ]
[ 38 25 48 74 67 24 87 92 14 63 68 31 51 48 51 0 81 6 79 32 25 16 39 9 83 ]

Timer (generate): 288ms real	250ms user	20ms sys
[ 85 84 30 45 14 66 68 16 34 60 96 61 48 57 21 75 71 13 91 7 40 67 33 10 38 ]
[ 71 60 91 52 88 33 38 24 63 83 90 81 4 6 16 64 2 77 64 12 50 39 83 63 83 ]
[ 43 56 50 76 18 40 99 31 83 52 19 16 42 95 32 25 85 65 29 92 33 45 46 62 9 ]
[ 58 13 49 94 28 84 89 84 34 17 3 26 16 86 10 20 5 78 62 52 62 40 37 28 21 ]
[ 29 61 67 76 76 28 86 89 29 32 69 13 21 54 99 38 9 78 7 95 40 79 52 18 94 ]
[ 4 81 34 41 61 55 23 74 74 51 50 3 37 39 84 22 9 50 43 15 49 34 76 27 93 ]
[ 23 19 72 75 38 66 31 71 0 24 32 8 99 6 34 50 57 89 40 48 74 62 9 24 57 ]
[ 76 25 91 52 5 84 75 24 9 2 62 75 85 85 28 62 17 88 61 76 22 12 33 12 4 ]
[ 33 38 66 95 62 75 71 87 67 24 44 3 51 69 64 54 83 92 91 69 72 53 38 60 15 ]
[ 14 34 79 99 46 83 33 36 1 80 98 76 51 38 95 27 34 51 79 3 15 85 39 7 76 ]
[ 8 79 30 98 91 97 13 26 76 12 24 11 97 61 64 77 11 40 81 49 88 8 84 39 87 ]
[ 39 54 24 78 14 1 38 93 83 37 85 32 50 63 60 14 87 71 64 48 35 93 12 27 74 ]
[ 61 15 35 97 54 22 89 61 47 67 75 0 58 20 35 95 57 67 97 20 27 63 8 98 79 ]
[ 8 85 73 20 12 99 34 80 34 83 86 9 72 47 56 92 74 8 50 95 43 97 52 10 46 ]
[ 73 89 9 33 39 89 93 24 14 66 88 13 52 20 0 35 7 9 60 54 17 52 29 25 54 ]
[ 76 20 51 28 82 97 53 71 58 38 10 47 84 86 13 50 26 27 54 47 79 89 54 88 49 ]
[ 60 57 53 89 82 59 17 54 62 46 36 11 51 59 70 42 21 69 26 7 83 28 85 62 82 ]
[ 32 41 71 38 29 73 99 86 78 40 20 38 58 26 0 4 62 12 7 73 34 49 94 3 75 ]
[ 53 86 3 38 48 37 23 41 9 61 70 34 60 8 64 1 80 2 11 6 55 67 20 19 74 ]
[ 93 53 24 39 56 51 92 95 7 83 95 44 6 37 5 19 59 91 32 68 56 85 0 10 96 ]

