Timer (generate): 81ms real	30ms user	10ms sys
[ 92 26 24 9 31 45 4 84 15 0 64 70 89 2 39 69 66 51 30 36 12 86 27 1 48 ]
[ 73 97 27 54 63 3 47 89 27 8 72 24 12 9 40 12 73 62 53 75 53 22 93 56 4 ]
[ 29 69 90 8 22 38 34 20 66 88 35 21 87 25 48 95 49 24 7 58 16 71 31 79 24 ]
[ 59 32 47 4 41 51 86 10 94 46 84 32 80 4 50 21 92 71 8 17 71 4 18 48 63 ]
[ 77 64 35 60 95 11 71 80 58 76 21 62 14 83 56 60 67 40 41 24 43 14 16 66 22 ]
[ 85 38 78 3 86 42 80 2 29 41 98 40 64 78 51 40 99 65 54 82 73 67 1 65 60 ]
[ 25 8 74 41 75 48 78 65 27 82 3 21 62 5 50 55 55 42 20 33 93 12 84 10 19 ]
[ 18 83 86 72 49 46 97 9 20 91 36 68 69 1 47 3 56 68 66 14 70 73 69 13 45 ]
[ 55 58 58 91 69 77 62 4 63 34 53 9 83 15 81 26 51 1 48 5 49 51 61 17 69 ]
[ 27 88 43 49 53 88 56 11 98 47 32 75 61 37 90 47 90 51 31 5 32 9 9 34 57 ]
[ 14 83 9 27 52 30 55 92 25 56 45 14 12 9 64 11 41 40 25 78 82 72 21 34 3 ]
[ 78 66 65 87 52 22 1 35 83 81 40 14 88 32 39 44 78 5 8 87 22 19 80 14 44 ]
[ 59 96 69 80 30 24 58 49 89 46 1 12 99 89 47 32 29 13 20 61 5 16 91 62 24 ]
[ 30 84 96 11 98 92 70 95 61 50 77 86 60 26 75 58 28 39 58 17 39 42 98 52 63 ]
[ 59 57 79 51 20 56 33 56 4 44 55 96 66 50 58 68 79 96 29 6 23 87 86 15 97 ]
[ 55 54 40 53 58 55 12 68 34 15 88 42 1 96 46 45 51 95 12 53 5 80 33 1 9 ]
[ 91 76 49 77 91 46 84 97 38 37 56 93 1 24 80 69 64 22 70 60 21 15 12 16 79 ]
[ 17 21 60 2 22 21 93 50 22 22 42 69 6 39 59 43 47 53 45 71 33 14 87 7 84 ]
[ 48 28 51 12 44 31 81 65 43 84 39 16 77 90 39 0 84 60 6 75 19 2 75 72 47 ]
[ 98 57 13 86 65 49 86 93 52 50 90 35 31 7 78 67 99 95 45 41 34 97 25 46 55 ]

Timer (sort): 12290ms real	8330ms user	10ms sys
The output is sorted!
[ 63 7 40 47 25 38 2 22 29 12 0 52 6 8 7 28 11 25 52 18 29 64 2 13 22 ]
[ 2 15 10 6 26 12 22 24 13 5 42 9 23 21 14 1 85 56 39 54 30 40 9 66 3 ]
[ 8 4 8 41 26 25 87 23 28 56 0 64 16 8 48 4 32 33 6 0 29 16 79 29 21 ]
[ 57 30 25 19 62 31 7 77 17 69 29 2 19 2 39 42 4 25 4 62 19 9 18 18 7 ]
[ 27 28 27 83 10 28 17 8 18 20 16 83 2 79 17 50 33 12 18 41 5 37 4 0 31 ]
[ 80 55 9 44 15 35 13 25 17 5 31 1 45 9 38 6 45 56 16 23 17 49 5 4 58 ]
[ 1 6 53 2 48 11 10 0 15 59 9 22 7 19 48 51 6 63 17 53 9 15 40 79 58 ]
[ 44 33 20 22 46 10 28 13 7 8 27 35 32 22 89 0 80 34 13 21 22 72 14 2 14 ]
[ 11 36 6 23 86 13 26 32 39 6 81 7 7 8 43 24 4 72 31 1 36 10 11 42 53 ]
[ 53 2 19 45 58 41 62 24 1 12 49 66 34 9 15 32 55 37 14 31 5 7 2 6 37 ]
[ 18 0 64 49 4 42 17 0 27 75 23 7 4 83 37 7 37 2 27 25 18 11 8 82 49 ]
[ 15 0 53 1 21 40 24 13 18 82 18 53 1 39 38 22 50 24 21 34 4 30 28 15 73 ]
[ 68 3 0 15 27 20 58 27 50 22 11 43 4 56 15 50 22 49 32 22 2 16 36 59 12 ]
[ 0 19 38 46 20 10 31 6 59 38 64 17 18 36 24 6 18 5 10 70 57 16 30 33 50 ]
[ 25 1 32 27 84 24 34 28 70 51 36 21 22 8 72 2 9 12 18 29 37 39 1 6 36 ]
[ 28 8 56 14 79 92 58 76 9 30 1 33 24 20 47 4 1 19 23 10 6 18 24 13 40 ]
[ 9 42 67 10 43 7 43 55 34 41 12 50 8 87 8 15 17 39 12 71 7 35 16 6 1 ]
[ 18 24 2 23 60 84 26 8 8 88 30 12 12 34 30 25 4 6 12 25 75 3 69 59 2 ]
[ 13 3 42 1 18 15 24 38 9 71 23 78 21 30 6 28 14 68 10 32 52 42 47 22 32 ]
[ 3 17 72 24 18 17 40 19 57 49 34 73 14 58 2 0 10 58 17 20 56 5 26 7 44 ]

Timer (generate): 83ms real	40ms user	0ms sys
[ 67 95 91 13 46 93 50 41 54 53 51 23 10 12 78 0 51 0 88 83 15 37 40 94 54 ]
[ 32 63 12 4 29 91 71 77 82 84 23 76 86 64 82 39 68 5 2 80 84 2 83 36 90 ]
[ 18 51 80 58 97 86 42 12 98 46 42 41 70 19 24 54 94 52 41 10 34 32 78 92 34 ]
[ 10 28 36 93 64 79 11 68 11 69 65 49 64 78 99 10 72 40 80 91 64 87 37 68 28 ]
[ 47 3 60 78 95 47 40 75 83 34 39 14 97 59 25 67 25 26 83 55 25 93 27 66 26 ]
[ 70 82 13 7 51 93 6 6 5 36 53 52 77 28 88 11 19 2 8 79 80 27 56 6 10 ]
[ 11 32 56 90 50 34 60 32 99 19 35 92 77 41 49 66 46 54 43 74 42 6 94 96 66 ]
[ 73 28 46 81 87 8 92 71 64 34 21 50 94 5 49 65 41 93 94 34 95 60 81 49 3 ]
[ 7 43 61 1 91 28 26 20 74 7 7 82 51 30 99 85 51 49 31 8 51 48 49 44 43 ]
[ 36 39 55 69 40 11 76 83 72 30 75 0 8 47 26 68 6 9 19 36 60 57 39 9 40 ]
[ 47 60 89 49 57 84 37 48 39 6 89 50 82 24 23 12 51 75 73 98 2 41 56 63 12 ]
[ 44 23 69 83 84 10 83 97 51 84 6 35 21 54 74 27 95 77 61 72 52 26 23 27 99 ]
[ 74 81 40 82 96 52 27 71 74 62 56 36 45 5 87 29 11 22 50 17 48 29 13 25 91 ]
[ 85 77 17 60 57 16 86 90 8 69 39 12 96 10 86 58 18 22 56 23 61 85 34 83 88 ]
[ 52 84 17 17 9 8 54 39 25 14 96 93 53 38 1 22 77 14 70 40 0 80 58 75 36 ]
[ 82 36 74 68 72 62 72 56 31 41 17 40 95 56 17 62 4 11 15 43 64 89 72 78 11 ]
[ 12 31 91 71 6 28 5 94 54 25 18 68 50 74 99 91 92 91 39 0 9 1 5 72 68 ]
[ 0 36 9 72 15 20 37 98 11 8 56 91 65 50 45 42 69 65 92 95 65 84 39 56 75 ]
[ 40 17 28 97 89 48 97 78 57 21 45 29 58 43 40 18 99 84 83 1 81 26 22 47 70 ]
[ 18 12 6 9 20 81 49 38 9 98 79 57 95 9 66 17 54 95 75 49 88 94 48 72 29 ]

Timer (sort): 11371ms real	8770ms user	30ms sys
The output is sorted!
[ 11 22 3 19 26 33 8 41 82 34 13 0 11 61 22 4 38 9 5 24 68 13 20 18 26 ]
[ 9 23 10 21 7 18 9 44 4 49 9 61 6 47 3 21 73 11 5 12 36 86 8 24 52 ]
[ 21 8 9 9 1 14 48 45 23 9 66 19 8 11 42 3 4 3 13 33 59 29 50 59 73 ]
[ 35 77 30 2 6 36 15 5 35 70 1 29 38 6 90 2 10 14 15 12 1 37 52 67 3 ]
[ 14 29 30 2 73 68 20 2 1 6 30 26 48 66 5 56 26 7 35 57 1 12 52 24 1 ]
[ 45 18 3 45 0 15 40 58 27 40 23 27 44 8 12 30 41 10 61 22 34 9 15 64 0 ]
[ 29 28 45 24 17 26 24 6 13 3 16 94 24 41 38 31 39 11 21 73 28 30 14 11 14 ]
[ 28 7 64 8 28 2 11 13 21 0 44 0 8 35 16 62 75 76 17 9 0 83 72 1 28 ]
[ 29 17 29 35 7 16 29 91 68 92 6 25 0 0 55 6 10 0 23 3 34 20 8 64 44 ]
[ 36 11 13 99 5 16 64 10 14 14 62 1 10 45 50 28 30 20 10 25 40 39 18 40 11 ]
[ 59 25 6 49 35 38 12 4 22 3 24 41 2 14 12 62 38 48 0 23 52 84 13 13 32 ]
[ 89 32 29 0 26 17 4 45 2 75 36 69 25 0 47 3 29 38 2 0 0 34 78 19 16 ]
[ 37 31 73 74 30 32 16 27 24 74 18 11 0 11 56 22 22 26 32 30 9 22 21 12 8 ]
[ 6 9 7 16 59 16 8 72 12 80 11 39 29 87 45 11 23 54 2 69 4 9 13 23 18 ]
[ 49 13 13 26 38 47 8 33 24 28 62 1 38 56 27 21 54 23 21 15 25 1 34 6 59 ]
[ 61 15 15 28 96 8 33 34 0 45 34 15 23 39 61 13 7 38 23 26 30 24 44 0 14 ]
[ 51 42 52 4 50 27 29 14 0 0 47 21 9 40 63 35 40 40 8 23 32 2 17 29 53 ]
[ 37 90 55 5 70 0 66 9 75 27 49 17 0 26 55 15 5 2 11 3 6 12 3 89 1 ]
[ 64 86 12 16 80 9 27 22 87 49 2 34 14 3 7 45 1 20 64 20 27 14 3 10 13 ]
[ 28 83 37 31 8 4 34 32 26 52 15 5 22 16 11 48 7 6 10 40 92 6 18 84 19 ]

Timer (generate): 81ms real	40ms user	0ms sys
[ 5 25 74 72 29 78 71 70 60 46 15 59 49 46 82 56 88 57 89 90 8 5 15 24 81 ]
[ 39 47 95 39 43 60 96 20 86 68 49 64 40 72 76 86 39 35 88 37 18 44 25 75 33 ]
[ 67 36 91 83 12 24 74 59 19 13 54 32 9 75 18 30 24 35 70 48 11 8 87 47 96 ]
[ 25 17 41 2 44 26 70 32 69 5 45 94 79 4 65 45 59 49 6 86 20 36 62 55 58 ]
[ 11 18 67 98 17 63 23 34 56 26 31 83 48 63 52 53 8 98 84 65 16 29 24 17 88 ]
[ 62 37 76 24 44 35 35 15 54 34 32 69 9 19 26 87 50 61 35 65 65 88 74 64 25 ]
[ 39 32 6 15 49 94 77 39 71 53 35 58 89 50 12 23 83 33 84 54 59 72 56 20 7 ]
[ 21 86 48 47 2 73 86 86 79 53 35 26 82 26 97 36 62 7 25 12 71 0 47 4 84 ]
[ 1 16 56 9 36 16 31 74 64 78 28 89 17 14 68 70 2 94 5 80 43 41 42 2 66 ]
[ 55 73 18 54 30 54 8 46 11 17 34 79 48 61 95 79 41 84 96 8 52 18 62 99 23 ]
[ 42 94 64 85 97 82 92 22 52 46 4 7 6 2 70 24 89 49 24 50 44 3 43 28 51 ]
[ 51 32 70 13 83 93 56 78 10 93 27 44 85 1 97 83 6 4 90 8 74 66 49 75 90 ]
[ 99 19 46 95 99 97 46 83 67 12 67 13 68 97 23 13 24 67 98 25 16 33 83 20 75 ]
[ 44 46 41 93 21 84 45 40 30 40 91 79 86 75 47 50 42 60 18 91 35 31 15 54 81 ]
[ 92 71 67 28 91 42 72 38 36 65 11 20 10 52 2 2 43 81 41 70 80 91 64 92 62 ]
[ 55 27 45 70 34 27 15 5 94 43 48 88 67 38 24 32 50 44 95 54 98 97 49 80 90 ]
[ 20 12 82 84 5 44 40 84 89 62 18 68 29 75 14 72 24 3 91 14 27 24 64 24 71 ]
[ 70 22 20 20 54 11 92 67 45 76 24 41 68 8 82 83 79 51 12 54 17 37 78 20 28 ]
[ 45 48 4 9 24 75 32 46 96 52 53 59 96 20 4 72 44 97 93 4 79 76 83 30 40 ]
[ 38 48 77 68 20 58 13 20 62 75 44 90 59 43 38 11 96 97 7 68 53 31 64 50 76 ]

Timer (sort): 11369ms real	8330ms user	0ms sys
The output is sorted!
[ 66 2 17 13 3 0 20 47 7 5 89 94 21 4 13 30 15 0 87 22 30 3 24 16 18 ]
[ 57 14 76 13 1 91 2 32 20 50 34 0 14 57 14 4 33 9 15 10 32 7 9 28 25 ]
[ 30 47 6 7 8 54 34 4 13 30 43 3 6 13 6 15 0 4 36 62 61 54 22 53 69 ]
[ 21 13 1 12 37 17 37 31 35 74 48 38 2 40 10 13 2 11 72 49 38 23 17 30 15 ]
[ 49 1 2 23 14 27 19 64 8 48 41 87 17 4 3 37 7 13 81 42 3 26 12 10 51 ]
[ 28 54 18 47 3 33 21 26 4 5 19 28 46 4 9 7 22 93 43 2 2 1 14 80 83 ]
[ 68 10 13 12 31 41 76 10 87 10 69 11 70 17 4 24 52 22 14 8 11 26 11 9 1 ]
[ 20 6 14 4 13 4 42 28 38 6 72 92 32 11 12 8 10 2 76 45 16 35 11 84 27 ]
[ 81 53 53 48 25 21 4 64 46 30 47 0 7 5 10 53 5 7 2 25 65 26 19 8 4 ]
[ 17 18 5 0 66 11 90 1 10 16 27 42 88 9 31 45 34 53 16 13 52 19 22 16 10 ]
[ 14 30 92 2 18 7 14 12 13 2 25 26 98 19 11 76 33 20 57 85 13 10 10 9 22 ]
[ 54 40 7 58 4 39 62 25 15 7 25 17 38 8 20 13 23 17 11 8 19 56 59 1 94 ]
[ 30 5 11 67 33 2 2 3 66 28 67 7 34 7 14 3 92 41 34 1 10 56 8 82 18 ]
[ 38 39 12 24 36 11 21 47 13 18 18 10 82 35 75 17 8 22 7 26 55 55 3 35 16 ]
[ 5 1 1 2 48 61 20 45 42 44 80 70 29 9 9 15 76 31 2 17 84 1 14 19 2 ]
[ 18 74 31 12 38 23 44 42 15 27 20 51 51 19 26 3 66 8 45 40 26 8 31 2 8 ]
[ 51 18 57 24 60 8 26 2 84 14 47 49 28 7 23 67 64 5 3 7 30 15 15 13 15 ]
[ 49 91 17 10 19 41 14 25 96 30 21 21 12 22 11 10 23 11 17 1 16 55 49 32 40 ]
[ 22 28 19 2 34 17 18 15 21 53 51 14 47 7 10 16 5 36 55 18 28 51 90 34 44 ]
[ 1 6 3 24 46 98 77 9 6 20 0 41 38 38 97 15 12 8 6 39 14 22 27 15 74 ]

Timer (generate): 84ms real	40ms user	0ms sys
[ 93 3 6 90 4 88 94 1 55 8 64 35 8 64 63 18 85 19 47 9 90 5 20 97 16 ]
[ 81 2 41 51 32 13 44 88 71 86 92 59 81 45 66 89 9 1 49 25 17 67 11 88 66 ]
[ 72 78 23 92 75 39 74 77 80 77 62 46 22 50 69 60 94 29 41 39 47 82 48 1 32 ]
[ 74 18 51 37 6 18 9 37 41 53 64 33 79 94 13 57 56 11 31 58 81 91 52 62 85 ]
[ 91 9 67 91 62 51 17 80 3 54 39 21 15 28 14 21 92 99 0 86 65 57 94 76 88 ]
[ 52 9 32 56 23 17 99 85 36 91 47 88 60 80 91 15 19 64 82 99 30 3 91 30 4 ]
[ 78 95 13 24 23 54 77 85 86 33 8 3 33 93 39 76 41 79 36 21 70 3 92 86 38 ]
[ 91 17 41 34 99 97 64 46 11 89 21 65 66 6 51 51 15 6 36 60 97 12 53 77 1 ]
[ 26 99 4 18 86 42 61 55 36 48 54 33 12 0 96 1 73 13 19 80 16 71 47 22 59 ]
[ 59 72 72 13 1 25 39 0 29 10 38 24 71 45 12 19 99 97 84 51 46 85 25 59 5 ]
[ 57 76 28 4 50 87 63 74 11 28 75 36 68 28 18 78 18 94 1 64 6 21 63 55 5 ]
[ 67 1 42 44 61 99 1 89 27 57 39 67 72 14 30 1 41 67 21 69 37 99 88 83 0 ]
[ 52 89 73 67 96 30 86 98 73 30 11 72 83 0 52 92 39 71 65 5 1 18 47 20 39 ]
[ 16 9 38 56 92 90 60 33 64 80 30 94 66 28 19 49 91 92 32 91 96 77 30 19 42 ]
[ 88 20 60 35 93 51 3 2 89 60 47 79 72 80 43 52 10 90 71 90 9 20 81 53 4 ]
[ 72 1 81 55 20 75 43 93 87 78 86 38 33 40 27 93 87 59 18 68 54 70 30 96 93 ]
[ 73 6 65 54 11 22 79 13 55 34 33 31 29 26 18 59 64 9 92 57 88 38 96 47 56 ]
[ 64 54 78 47 50 24 20 8 89 26 20 11 5 33 67 91 18 50 72 97 68 31 61 77 76 ]
[ 70 66 14 67 65 22 83 71 52 30 22 76 50 30 66 29 2 29 34 35 48 78 54 98 50 ]
[ 51 19 82 64 48 58 87 66 24 54 32 98 37 55 50 20 77 27 22 60 45 51 62 26 86 ]

Timer (sort): 11164ms real	9490ms user	10ms sys
The output is sorted!
[ 4 2 0 9 14 4 82 13 1 23 14 33 48 23 91 67 5 44 15 11 50 21 8 0 12 ]
[ 3 5 17 3 11 18 9 18 46 48 88 4 0 45 19 2 38 27 30 97 13 5 72 21 9 ]
[ 58 38 16 64 12 15 17 25 1 8 68 2 42 20 23 22 7 5 34 31 35 64 48 8 21 ]
[ 19 27 3 47 26 61 34 75 4 29 0 33 44 31 10 3 8 13 75 11 47 5 65 10 6 ]
[ 16 53 85 58 2 74 1 19 18 18 11 12 14 30 34 20 39 16 6 29 26 4 47 25 44 ]
[ 9 24 16 28 7 14 64 20 41 8 75 1 55 19 1 1 87 40 18 77 46 1 26 22 12 ]
[ 55 4 51 14 11 18 8 12 16 12 14 6 27 19 37 37 17 6 72 15 35 26 57 78 66 ]
[ 32 6 20 0 75 68 47 42 28 7 15 38 28 32 41 32 68 27 30 5 18 5 18 11 25 ]
[ 46 44 2 22 7 16 3 53 21 16 1 51 24 64 0 58 20 16 22 80 13 49 19 12 63 ]
[ 11 17 17 7 19 22 8 34 28 19 9 12 3 47 14 3 41 53 1 64 70 11 99 91 23 ]
[ 63 2 67 22 7 27 44 4 55 69 39 4 3 7 30 13 45 1 44 51 8 28 53 22 16 ]
[ 58 1 26 20 18 19 78 28 16 22 25 68 8 6 6 78 18 21 8 24 54 10 1 21 93 ]
[ 8 11 40 21 1 30 52 8 31 27 9 41 10 7 1 46 10 5 62 0 81 91 48 13 76 ]
[ 2 52 20 93 58 30 7 86 5 4 16 12 29 15 14 21 10 18 43 39 25 31 4 30 65 ]
[ 1 30 14 52 3 0 47 19 58 68 55 3 20 10 40 4 43 40 3 7 24 9 19 61 99 ]
[ 20 24 97 34 85 17 90 3 0 8 19 27 91 1 21 27 3 9 34 6 6 30 44 37 2 ]
[ 52 20 45 31 20 21 3 19 55 73 25 25 32 37 16 22 42 9 83 13 12 7 34 41 1 ]
[ 5 31 36 13 6 6 6 17 40 28 5 40 4 77 1 18 17 70 1 75 54 95 31 46 17 ]
[ 52 9 0 98 75 36 23 56 36 32 1 3 3 82 36 4 24 2 3 12 28 12 96 11 8 ]
[ 18 22 33 66 11 2 36 51 47 35 40 8 70 7 26 14 7 74 29 53 15 0 6 49 24 ]

Timer (generate): 122ms real	60ms user	0ms sys
[ 75 93 73 81 24 23 13 98 51 87 30 14 13 63 52 78 18 0 18 36 89 69 12 97 91 ]
[ 82 26 62 44 79 5 19 25 78 53 49 53 66 47 56 54 29 71 19 45 75 97 15 75 68 ]
[ 51 64 89 16 61 81 50 40 43 94 19 0 14 44 78 19 45 83 85 93 40 91 74 63 63 ]
[ 19 38 12 34 13 32 38 29 22 54 42 55 56 82 98 51 54 50 17 50 80 88 96 63 25 ]
[ 41 3 69 15 66 32 87 56 96 21 21 29 11 50 51 17 93 6 74 27 56 77 81 6 46 ]
[ 84 86 34 80 49 59 73 5 28 88 23 12 27 80 9 1 1 38 12 4 89 30 49 95 56 ]
[ 76 51 33 10 9 79 46 95 13 26 96 24 51 1 53 91 77 65 19 9 74 20 10 12 32 ]
[ 66 53 14 15 48 70 44 51 55 6 60 34 52 7 99 30 4 76 81 57 29 72 86 46 91 ]
[ 95 73 63 58 37 96 24 91 62 92 91 85 36 95 40 94 7 27 98 15 78 28 71 54 61 ]
[ 80 83 85 67 82 29 62 55 92 20 92 40 97 83 3 89 27 88 77 22 28 71 29 55 69 ]
[ 96 34 97 19 40 10 0 24 95 19 58 24 81 13 17 54 5 57 51 41 12 40 20 0 17 ]
[ 42 81 40 23 88 9 20 74 58 39 15 68 91 39 15 10 49 40 92 62 9 98 19 66 49 ]
[ 12 31 41 32 31 58 74 64 98 98 53 59 70 27 17 9 42 37 1 33 52 63 82 92 55 ]
[ 44 53 53 16 72 54 28 3 95 61 34 5 35 99 3 85 4 62 55 31 31 17 74 68 70 ]
[ 59 21 33 42 65 41 38 19 46 54 91 1 35 94 48 96 80 54 83 31 9 69 35 24 76 ]
[ 19 55 45 45 76 67 4 97 1 98 14 94 89 85 92 43 76 45 78 22 94 26 55 0 10 ]
[ 86 9 31 74 33 59 45 41 5 90 17 72 46 66 25 45 80 71 34 66 64 29 94 61 60 ]
[ 69 55 86 24 55 48 62 17 79 36 50 39 33 43 96 23 60 20 70 26 98 15 59 21 1 ]
[ 77 37 30 71 99 42 40 6 29 16 62 77 79 31 9 67 33 0 1 77 96 24 37 68 46 ]
[ 16 18 13 27 40 14 4 77 97 27 28 39 20 35 20 36 49 50 15 80 59 35 13 11 36 ]

Timer (sort): 13484ms real	11500ms user	40ms sys
The output is sorted!
[ 16 27 25 22 41 48 32 19 25 2 0 2 6 80 2 12 49 44 42 9 78 14 1 2 22 ]
[ 53 18 0 74 10 18 63 1 2 15 10 75 7 53 46 24 13 37 37 38 18 3 11 21 12 ]
[ 61 38 26 0 10 36 42 16 3 17 67 28 18 38 2 0 28 4 19 60 25 41 31 29 29 ]
[ 16 94 37 87 15 54 1 2 22 25 2 2 5 34 46 20 2 6 14 7 67 7 27 10 74 ]
[ 18 13 56 0 30 4 15 73 80 31 21 14 1 1 3 8 22 6 44 26 64 20 63 27 38 ]
[ 27 72 28 13 20 60 37 12 26 7 46 61 5 11 44 94 5 11 19 16 18 0 45 4 1 ]
[ 11 25 1 31 78 6 21 15 3 33 69 87 37 14 23 7 26 1 82 21 3 4 36 38 12 ]
[ 16 10 22 12 5 12 20 11 38 79 3 69 80 1 87 16 2 8 44 84 26 12 27 0 3 ]
[ 25 98 7 82 3 14 23 5 4 4 32 24 19 4 13 57 5 57 2 28 16 59 43 66 2 ]
[ 8 77 29 55 43 1 9 49 0 24 14 55 16 2 17 28 10 4 49 48 49 28 21 33 26 ]
[ 25 33 56 1 25 0 16 93 9 10 16 52 94 4 21 11 3 14 91 29 36 2 43 1 14 ]
[ 10 23 59 20 7 1 20 1 48 8 64 20 22 42 16 38 46 43 42 52 4 39 30 7 39 ]
[ 28 53 98 6 45 25 39 14 0 42 58 21 17 11 39 23 16 10 0 25 7 13 71 39 4 ]
[ 47 1 2 5 65 10 30 5 7 40 25 26 5 13 15 77 16 59 29 62 51 34 63 9 13 ]
[ 34 11 51 13 74 12 26 44 40 25 27 3 7 54 30 15 32 18 46 18 19 48 0 21 49 ]
[ 8 16 2 74 22 34 34 40 19 16 14 96 46 2 58 19 0 3 35 14 64 0 10 33 58 ]
[ 8 50 22 46 33 0 34 19 1 31 10 35 32 7 12 18 6 20 23 67 1 58 67 78 42 ]
[ 1 38 56 25 55 57 26 6 11 7 0 35 69 36 32 67 46 11 3 5 16 71 7 19 27 ]
[ 53 10 7 3 23 57 9 25 78 3 0 53 46 23 30 38 13 19 10 27 93 8 68 6 27 ]
[ 3 77 8 65 11 22 18 81 23 21 20 22 22 9 16 25 5 6 18 9 48 12 88 79 24 ]

Timer (generate): 83ms real	40ms user	0ms sys
[ 74 66 30 32 82 7 91 24 69 34 93 55 75 50 1 8 31 84 57 18 33 76 96 58 28 ]
[ 7 95 22 87 71 18 13 38 0 45 20 7 89 96 29 75 90 84 50 92 38 11 23 22 68 ]
[ 93 7 44 41 65 24 49 13 46 88 84 16 1 74 17 99 46 76 40 43 5 15 85 42 17 ]
[ 29 80 28 4 54 96 97 62 92 90 79 69 91 92 15 79 29 32 33 55 1 32 2 77 24 ]
[ 97 35 39 34 29 8 63 61 37 67 15 85 16 77 30 6 9 99 98 53 66 29 82 98 62 ]
[ 90 51 46 44 81 70 93 16 61 27 97 70 42 58 59 9 73 96 77 3 78 83 64 77 33 ]
[ 17 96 15 52 94 77 42 98 24 86 79 46 31 47 8 58 44 30 0 54 41 61 79 89 90 ]
[ 34 68 73 98 97 59 16 93 74 68 40 3 62 38 79 0 69 26 31 16 86 89 12 68 41 ]
[ 66 9 54 45 98 44 80 18 69 78 68 80 46 61 6 66 53 10 28 43 89 28 12 15 11 ]
[ 80 53 52 92 21 93 10 30 99 56 81 95 88 99 65 18 67 45 17 81 52 83 86 14 12 ]
[ 30 3 92 94 71 4 75 24 8 19 46 2 82 76 53 38 9 49 78 61 66 48 80 63 65 ]
[ 13 67 49 0 81 13 30 85 57 76 56 61 3 32 70 23 78 24 5 7 29 95 16 78 25 ]
[ 29 96 25 10 60 91 23 27 92 23 9 5 5 46 62 34 54 76 37 86 98 12 65 74 69 ]
[ 24 55 16 40 86 41 70 82 67 32 42 10 55 70 2 31 31 59 36 77 73 70 31 1 60 ]
[ 17 99 72 34 25 42 58 81 58 51 67 52 73 1 71 5 44 81 60 66 35 43 97 94 80 ]
[ 26 19 2 57 21 62 26 72 87 13 98 29 71 31 39 74 50 43 47 51 14 52 47 47 65 ]
[ 65 34 8 14 80 40 40 0 95 49 21 9 28 93 96 41 43 77 12 74 69 39 76 12 86 ]
[ 28 79 91 27 78 56 93 13 16 59 45 57 0 45 4 1 18 13 29 64 10 70 59 39 35 ]
[ 34 8 74 62 73 60 42 52 51 70 30 59 15 95 28 74 93 37 26 90 41 28 9 54 57 ]
[ 25 16 28 84 8 63 70 16 89 33 89 49 75 93 53 97 76 64 12 23 92 39 16 81 65 ]

Timer (sort): 11394ms real	9210ms user	0ms sys
The output is sorted!
[ 8 11 0 4 41 50 20 14 50 16 62 7 18 13 24 11 29 68 11 16 56 2 15 24 86 ]
[ 22 45 26 1 0 14 20 52 3 27 29 97 6 1 68 15 30 23 20 2 58 62 37 0 6 ]
[ 99 97 2 2 18 2 30 0 21 3 54 4 47 2 13 39 25 95 8 4 63 25 3 3 13 ]
[ 32 22 32 7 0 5 54 47 78 47 12 48 11 41 2 18 9 39 21 7 55 7 59 3 20 ]
[ 72 11 16 20 18 9 22 12 2 72 1 12 51 66 1 79 16 67 21 27 32 26 19 0 7 ]
[ 60 84 2 16 19 11 0 17 19 93 16 75 12 11 42 43 11 10 7 46 2 24 10 26 35 ]
[ 2 38 87 9 20 6 5 24 24 2 49 21 57 19 11 62 3 35 24 49 14 53 42 40 1 ]
[ 20 4 29 68 28 34 5 77 19 30 0 4 62 16 37 55 21 54 1 15 4 52 31 20 13 ]
[ 1 1 6 1 18 6 16 26 23 31 55 69 68 8 9 22 75 75 69 8 19 13 14 57 10 ]
[ 41 70 27 34 2 25 8 43 9 16 12 18 26 19 40 19 0 35 70 5 7 94 53 23 7 ]
[ 41 31 76 5 20 21 18 17 13 19 74 17 49 47 15 48 34 2 22 19 15 3 46 38 21 ]
[ 6 21 19 16 80 21 38 11 12 33 33 7 84 40 44 58 12 59 29 1 27 27 0 31 3 ]
[ 4 24 92 29 48 35 17 23 4 9 2 16 39 1 46 44 25 11 6 0 42 73 22 63 39 ]
[ 3 5 35 14 30 34 18 87 10 33 71 79 20 15 2 70 19 4 8 4 26 30 65 2 37 ]
[ 85 20 32 7 2 15 14 16 35 66 23 85 30 17 26 2 2 0 10 4 25 88 54 50 14 ]
[ 36 20 36 19 11 0 34 4 4 15 0 11 71 6 11 13 48 6 46 68 63 52 96 45 9 ]
[ 5 28 31 12 2 82 74 28 33 45 0 19 4 29 61 15 47 22 80 34 21 14 0 18 22 ]
[ 38 9 57 41 22 7 32 10 13 20 36 22 79 11 16 82 12 45 16 11 20 11 43 62 12 ]
[ 2 49 45 7 2 61 58 5 2 7 73 81 18 7 20 4 4 6 41 5 27 21 18 99 65 ]
[ 27 64 20 3 28 30 54 17 30 4 81 57 65 3 36 2 62 24 26 16 23 0 4 32 20 ]

Timer (generate): 81ms real	40ms user	0ms sys
[ 39 32 70 14 35 40 11 20 15 44 52 33 6 99 37 52 72 23 66 76 37 1 67 78 36 ]
[ 49 29 65 27 20 31 18 4 1 33 91 94 44 12 9 40 64 94 46 63 31 98 87 7 17 ]
[ 64 44 18 31 74 6 32 56 71 59 28 2 78 32 56 11 75 2 7 87 11 47 3 6 93 ]
[ 19 89 44 6 96 61 70 92 31 54 67 37 86 23 8 46 51 63 76 35 71 87 10 73 94 ]
[ 50 36 93 5 42 86 24 84 82 31 80 43 53 73 26 59 92 63 46 67 24 44 70 39 20 ]
[ 5 62 59 67 87 5 69 23 98 75 18 36 99 2 19 82 82 14 88 7 41 47 99 56 93 ]
[ 66 32 89 36 23 9 93 85 20 13 72 25 82 48 75 57 18 12 9 20 31 43 54 97 31 ]
[ 62 38 79 13 47 24 32 79 14 20 3 75 14 40 96 27 65 21 61 13 97 19 31 61 80 ]
[ 3 44 23 9 41 55 71 32 86 37 79 62 69 10 76 89 65 4 55 6 0 34 71 73 96 ]
[ 36 22 67 19 83 47 22 27 70 31 21 77 55 53 15 44 84 78 13 46 6 54 12 10 10 ]
[ 18 62 44 41 36 40 29 10 59 48 94 6 22 73 29 5 94 58 12 99 74 56 83 4 21 ]
[ 30 62 28 94 25 38 64 87 34 57 75 27 86 86 86 86 32 45 60 57 74 17 4 32 82 ]
[ 3 58 90 39 14 12 21 77 92 67 2 30 31 41 16 88 69 95 26 7 34 12 39 79 72 ]
[ 48 53 41 52 37 23 8 96 14 99 62 78 72 39 70 39 93 52 70 87 68 10 56 16 36 ]
[ 63 50 0 54 29 24 2 34 65 7 71 89 15 19 55 66 82 33 38 73 3 77 19 7 99 ]
[ 6 75 61 62 43 49 77 93 49 31 74 73 85 60 38 92 32 79 59 3 86 25 37 19 15 ]
[ 63 74 44 82 81 95 40 9 56 54 4 5 31 98 54 14 24 79 99 85 18 44 69 49 55 ]
[ 72 88 81 62 7 96 25 34 93 59 67 88 51 28 45 5 33 50 88 31 57 2 7 36 53 ]
[ 92 6 49 61 8 5 86 96 86 0 55 34 77 41 79 88 9 68 39 37 13 44 70 15 32 ]
[ 53 24 86 61 13 39 5 19 89 19 79 94 57 75 32 57 83 18 34 24 98 22 33 18 61 ]

Timer (sort): 9600ms real	8310ms user	0ms sys
The output is sorted!
[ 15 5 32 1 15 48 7 66 2 40 25 84 34 9 48 8 11 36 90 4 5 16 2 36 4 ]
[ 0 7 55 69 42 14 10 41 79 19 39 11 1 24 14 43 25 30 7 59 24 20 24 8 1 ]
[ 39 14 52 34 5 28 13 20 14 66 13 37 46 31 5 18 51 79 32 1 14 25 27 0 4 ]
[ 11 87 6 13 78 47 3 39 18 17 21 7 89 18 21 3 83 5 16 25 5 15 33 9 19 ]
[ 16 23 42 39 54 62 43 23 2 25 17 8 39 4 28 20 78 45 0 6 15 18 30 28 24 ]
[ 17 3 26 33 6 68 6 7 13 13 31 44 5 45 20 45 35 7 35 21 0 85 7 94 27 ]
[ 20 1 49 73 44 34 22 54 1 2 22 81 11 2 20 18 86 13 3 62 17 42 7 6 11 ]
[ 0 22 21 37 23 36 18 15 19 23 80 93 8 5 18 14 2 47 35 4 16 47 19 81 21 ]
[ 25 29 2 42 3 56 9 67 9 12 10 3 33 60 6 49 55 39 18 80 8 39 25 34 2 ]
[ 15 22 88 1 7 68 98 19 22 5 48 27 59 79 20 10 4 1 8 16 23 2 24 25 25 ]
[ 16 14 23 11 24 67 30 15 30 11 7 6 12 22 11 73 19 3 14 98 38 30 86 1 60 ]
[ 22 16 46 4 17 7 68 15 99 21 12 44 49 73 8 11 56 1 40 6 6 53 17 26 5 ]
[ 7 8 26 24 23 66 33 7 15 5 3 23 49 14 38 81 12 58 57 19 7 87 26 34 1 ]
[ 1 7 19 43 26 20 6 25 68 55 31 49 6 7 13 69 29 35 4 86 2 21 29 74 0 ]
[ 25 56 7 44 16 14 4 4 27 8 12 12 96 88 26 18 44 35 19 60 29 7 15 7 53 ]
[ 68 42 3 2 28 8 2 42 34 44 10 66 92 7 38 22 35 18 23 14 10 59 11 8 40 ]
[ 25 11 13 89 9 84 58 19 19 17 74 2 21 50 2 9 32 4 11 17 68 14 42 33 5 ]
[ 3 28 48 23 16 28 7 19 7 74 32 28 2 50 11 0 73 32 48 29 23 0 8 73 71 ]
[ 39 10 35 21 25 25 46 55 13 40 1 26 9 8 43 40 26 29 20 4 3 19 79 72 45 ]
[ 10 10 16 19 46 30 24 19 42 1 38 88 37 6 41 19 70 67 43 9 68 6 18 6 5 ]

Timer (generate): 74ms real	40ms user	0ms sys
[ 15 60 41 37 46 14 61 32 97 95 79 46 45 10 4 95 78 16 90 71 37 47 91 42 14 ]
[ 99 42 74 91 59 5 59 20 98 96 18 64 9 2 61 4 81 59 2 44 15 49 22 83 40 ]
[ 94 20 39 37 15 53 88 57 80 79 16 37 90 88 35 38 58 99 48 60 12 4 94 71 58 ]
[ 38 86 8 60 70 48 6 42 39 95 57 93 83 14 25 15 83 62 57 23 49 96 82 0 96 ]
[ 94 12 52 40 83 11 78 21 71 91 91 71 49 86 10 97 43 3 80 10 80 47 93 42 5 ]
[ 16 43 53 50 43 49 97 55 1 37 38 64 68 12 35 11 55 6 12 41 69 9 37 72 90 ]
[ 47 5 89 92 47 94 60 91 47 11 34 96 8 42 50 97 32 14 65 44 2 28 0 60 41 ]
[ 41 29 50 30 54 92 77 59 82 69 58 76 30 1 24 93 36 72 53 30 74 50 62 41 68 ]
[ 7 43 96 7 3 37 0 85 40 31 39 32 8 98 14 30 56 91 12 58 67 5 46 91 10 ]
[ 76 66 12 38 59 80 97 2 29 4 57 18 5 94 58 88 33 43 48 83 57 78 40 0 90 ]
[ 50 19 47 48 11 9 76 29 22 66 88 54 64 42 35 20 51 54 77 46 64 65 31 7 14 ]
[ 15 65 44 7 17 87 57 37 86 57 48 96 33 29 70 51 17 24 15 11 60 88 14 66 65 ]
[ 60 82 83 92 90 49 7 7 93 66 24 80 23 61 67 32 61 15 65 90 85 68 59 61 36 ]
[ 22 21 24 37 39 41 49 22 24 93 64 73 52 71 67 18 47 99 41 61 66 25 22 81 42 ]
[ 13 18 11 24 80 47 47 53 71 36 93 64 85 67 89 79 31 14 31 54 33 50 53 33 43 ]
[ 14 51 69 37 33 11 2 51 22 78 83 21 25 37 44 61 30 9 99 49 50 78 32 64 61 ]
[ 38 98 11 91 31 55 6 82 76 95 67 39 49 71 62 27 54 35 53 91 80 66 73 41 17 ]
[ 22 91 95 6 7 57 44 5 20 36 88 27 94 23 3 89 42 43 38 13 57 65 20 44 70 ]
[ 11 76 89 37 17 6 11 8 54 18 68 63 62 73 83 50 14 63 44 37 66 85 79 61 23 ]
[ 45 70 41 65 15 63 28 91 4 17 61 11 29 21 17 47 89 80 61 63 15 64 29 78 8 ]

Timer (sort): 11292ms real	9590ms user	10ms sys
The output is sorted!
[ 82 5 69 1 27 3 1 19 4 64 17 33 6 25 9 46 21 10 11 4 8 42 61 5 35 ]
[ 22 32 22 9 1 6 42 81 77 1 0 41 29 86 28 23 30 2 17 4 6 1 19 25 28 ]
[ 19 20 6 24 29 4 20 4 15 6 4 47 26 17 18 71 27 36 68 4 15 47 3 90 13 ]
[ 9 46 36 25 4 2 4 26 7 47 27 3 59 99 51 71 60 0 7 7 67 7 0 16 0 ]
[ 40 50 0 14 35 13 35 9 2 7 21 15 44 63 57 5 98 66 1 12 5 15 32 37 7 ]
[ 53 11 13 25 1 62 2 51 97 5 34 15 13 5 1 4 6 53 68 6 22 21 44 63 10 ]
[ 25 62 81 13 5 4 14 38 5 14 24 10 8 33 35 31 33 91 8 15 66 2 9 41 28 ]
[ 33 48 30 52 42 12 15 35 80 19 28 16 9 49 77 13 6 20 13 32 14 25 17 3 8 ]
[ 79 66 20 12 3 24 31 2 46 35 12 45 8 13 52 26 80 12 18 25 44 15 21 4 25 ]
[ 41 29 18 63 10 88 0 65 7 22 96 6 2 5 55 6 11 8 14 56 12 33 66 10 0 ]
[ 18 2 54 88 38 83 93 12 18 12 8 2 18 6 9 36 20 1 59 36 69 1 11 7 24 ]
[ 14 34 3 42 58 0 38 1 23 84 36 59 7 22 3 5 39 7 82 27 50 30 33 0 30 ]
[ 31 9 18 22 6 4 15 30 22 8 59 19 1 50 70 43 56 4 24 18 3 41 91 49 38 ]
[ 0 86 31 92 3 44 4 12 5 45 10 20 39 48 28 29 4 34 37 14 40 26 23 38 20 ]
[ 0 61 2 22 5 90 25 63 50 2 45 1 23 13 43 25 3 53 3 35 46 44 15 20 44 ]
[ 17 92 31 17 9 12 49 17 10 6 0 16 28 40 18 76 1 73 8 41 30 18 0 38 88 ]
[ 10 32 4 53 36 5 87 16 7 4 43 12 76 31 49 27 2 19 13 70 1 85 8 2 46 ]
[ 4 23 79 0 21 51 2 34 10 17 27 41 23 61 18 37 14 1 98 15 4 39 18 70 31 ]
[ 48 3 23 44 21 10 94 32 19 19 13 22 3 21 38 16 37 33 79 43 25 24 57 9 5 ]
[ 3 55 58 0 6 15 71 41 10 5 25 3 20 76 17 24 12 57 52 71 63 13 14 10 20 ]

Timer (generate): 90ms real	50ms user	0ms sys
[ 43 34 85 54 89 94 41 73 94 82 41 48 63 38 59 75 19 14 11 7 47 11 56 49 96 ]
[ 16 10 20 98 90 84 41 24 21 47 13 16 41 39 62 23 32 10 39 71 69 14 90 35 25 ]
[ 50 82 36 6 84 84 22 46 56 72 36 40 13 60 62 13 25 30 54 64 92 77 97 54 16 ]
[ 20 75 31 62 11 8 12 45 97 19 29 81 93 75 38 66 63 30 31 23 44 44 1 74 98 ]
[ 17 18 28 66 24 96 86 0 79 49 63 88 61 8 85 32 90 18 78 65 8 44 29 39 27 ]
[ 4 35 72 57 10 22 75 80 50 41 5 99 80 57 78 29 20 66 42 28 3 27 70 74 5 ]
[ 36 82 49 17 73 76 73 9 0 83 71 23 58 3 25 51 60 24 31 17 3 12 89 21 7 ]
[ 70 77 34 40 51 39 28 85 40 45 59 68 71 20 69 54 91 44 64 46 21 67 7 46 51 ]
[ 24 1 63 14 74 22 84 3 56 76 6 47 5 92 87 50 3 56 73 75 77 79 18 73 95 ]
[ 64 94 63 71 40 14 48 93 29 14 20 52 50 23 60 26 30 8 31 74 47 34 77 3 59 ]
[ 4 32 39 22 5 34 86 0 97 58 92 63 58 38 45 72 58 97 22 33 9 0 15 17 32 ]
[ 89 65 66 18 20 25 22 53 16 44 10 51 31 62 0 41 7 16 51 45 61 23 55 10 97 ]
[ 40 19 97 56 37 29 97 54 47 16 74 25 90 79 41 35 90 44 18 4 97 11 11 13 62 ]
[ 8 74 37 63 84 34 4 55 83 12 92 65 9 46 12 25 73 89 68 52 83 55 94 79 25 ]
[ 99 76 36 62 41 50 71 67 39 34 3 25 90 59 8 2 51 73 12 50 38 89 23 27 57 ]
[ 27 62 12 22 42 37 73 70 25 35 12 27 6 79 66 93 83 91 83 42 0 38 45 25 2 ]
[ 95 63 91 70 43 1 98 5 65 20 99 55 45 70 80 80 34 60 87 13 26 32 48 70 67 ]
[ 42 22 5 88 47 7 35 63 51 6 6 52 56 63 17 76 15 72 73 85 5 53 19 65 92 ]
[ 84 43 24 33 65 92 75 87 49 15 87 57 51 2 60 9 60 64 65 23 81 93 38 6 66 ]
[ 75 63 71 46 80 64 31 75 88 16 41 32 91 80 82 59 67 91 10 21 3 71 81 67 88 ]

Timer (sort): 9510ms real	8140ms user	10ms sys
The output is sorted!
[ 19 16 9 27 46 11 18 31 11 22 50 14 13 43 0 18 53 55 14 20 2 24 10 40 27 ]
[ 42 23 3 10 3 15 26 65 41 20 26 13 54 4 14 50 13 14 95 15 16 12 27 33 24 ]
[ 29 19 22 17 12 8 26 15 21 11 85 35 8 12 18 29 31 18 33 1 89 15 30 32 51 ]
[ 91 23 17 4 7 0 8 46 24 12 1 13 64 23 7 29 12 11 0 30 14 41 54 82 64 ]
[ 39 7 41 5 66 19 63 4 0 40 16 16 17 6 25 24 33 59 40 20 28 2 11 27 75 ]
[ 87 13 46 4 3 20 29 81 66 21 24 8 2 23 39 4 46 24 4 2 44 75 13 5 0 ]
[ 10 4 19 60 6 2 0 15 58 15 33 9 52 3 48 28 79 55 0 16 43 15 63 1 55 ]
[ 6 8 21 21 88 4 53 3 36 36 16 44 16 4 60 39 15 8 87 9 68 5 11 11 25 ]
[ 36 70 78 20 24 13 20 75 3 17 4 25 43 63 22 1 33 5 47 12 7 13 43 7 18 ]
[ 0 22 6 5 5 0 1 65 60 4 37 1 19 73 35 50 12 60 91 69 33 1 2 29 19 ]
[ 12 32 33 52 62 13 34 5 4 14 26 15 27 39 69 86 16 1 15 12 44 6 58 1 27 ]
[ 88 35 18 14 32 3 27 9 69 10 6 32 9 8 5 34 72 6 55 24 20 38 4 72 16 ]
[ 66 12 14 42 3 2 11 11 18 9 59 14 99 41 21 77 58 11 43 31 10 21 1 30 8 ]
[ 33 21 36 26 24 2 41 77 76 43 11 4 59 6 78 17 12 21 28 0 11 47 28 4 7 ]
[ 88 12 25 29 58 18 20 30 25 17 12 27 17 18 49 28 44 3 34 58 9 21 6 62 5 ]
[ 12 26 38 16 56 10 16 61 2 8 58 24 4 19 9 42 11 23 25 44 49 7 34 36 89 ]
[ 52 39 31 33 28 19 37 37 2 5 42 71 35 17 17 1 75 59 14 35 41 5 4 10 10 ]
[ 23 37 5 1 50 36 6 49 10 11 97 20 59 5 96 38 4 13 16 14 1 33 56 3 37 ]
[ 25 23 15 4 39 25 19 92 23 33 4 22 61 52 39 65 33 81 0 29 22 5 6 4 3 ]
[ 0 18 23 31 97 36 56 42 52 1 7 23 65 1 9 23 63 8 3 7 92 10 2 42 13 ]

Timer (generate): 90ms real	40ms user	0ms sys
[ 69 42 4 20 51 63 25 88 96 56 39 20 90 76 62 49 96 68 90 84 43 77 19 70 17 ]
[ 49 65 91 31 90 68 0 32 25 20 36 40 97 76 36 53 67 8 96 43 23 45 91 91 35 ]
[ 75 86 64 46 9 33 47 74 77 78 16 45 30 0 22 50 88 62 99 64 51 53 31 59 1 ]
[ 27 34 98 18 78 33 46 64 50 92 25 83 92 51 60 70 19 58 1 20 80 3 8 95 3 ]
[ 73 46 8 56 57 9 83 92 59 54 70 44 0 86 94 44 64 78 36 15 90 59 35 48 60 ]
[ 7 81 15 15 76 70 40 74 78 97 31 39 32 23 98 86 45 43 38 32 89 83 96 67 71 ]
[ 63 10 30 50 58 90 57 39 58 25 67 28 65 41 59 14 25 50 99 0 1 37 46 96 76 ]
[ 30 85 11 78 5 82 41 15 13 44 25 55 53 17 13 78 84 94 96 78 5 10 3 55 61 ]
[ 3 8 99 1 4 75 31 90 86 9 47 20 3 14 33 99 39 89 52 8 54 31 45 0 79 ]
[ 23 5 89 78 13 3 33 21 2 35 26 77 66 68 15 28 67 87 83 81 21 82 20 62 86 ]
[ 29 68 69 26 69 48 49 26 90 79 39 93 12 13 95 47 91 24 66 11 91 46 78 78 81 ]
[ 59 51 63 31 65 1 12 34 71 38 55 19 87 81 9 18 73 2 31 38 97 30 29 73 96 ]
[ 40 64 94 18 43 75 77 46 90 60 12 92 73 46 63 11 53 34 51 86 44 69 11 98 0 ]
[ 49 96 31 78 21 79 18 86 26 88 81 1 17 79 44 78 91 36 51 89 51 62 42 85 65 ]
[ 81 81 35 92 80 87 94 28 70 72 49 50 43 87 28 83 20 29 1 0 73 79 91 61 82 ]
[ 81 64 44 75 50 10 8 31 97 53 63 84 47 91 55 19 41 57 14 80 85 98 1 66 51 ]
[ 1 40 82 44 53 64 77 18 60 53 20 22 13 3 19 66 67 56 13 58 11 85 51 20 99 ]
[ 32 5 49 33 71 52 86 63 34 30 69 98 8 87 59 13 59 33 26 62 53 93 29 9 58 ]
[ 88 72 43 91 92 95 75 49 44 8 20 49 46 36 83 77 5 34 37 44 45 50 3 78 28 ]
[ 65 83 73 95 44 32 35 16 75 78 8 70 54 9 67 14 30 16 61 18 51 90 23 85 27 ]

Timer (sort): 9513ms real	8360ms user	0ms sys
The output is sorted!
[ 12 45 32 23 26 61 5 59 18 79 19 4 2 0 82 25 0 26 16 26 22 11 22 25 5 ]
[ 80 27 36 11 3 38 31 15 18 81 97 74 29 20 8 2 5 28 11 15 4 11 1 14 10 ]
[ 3 42 1 69 97 14 8 0 16 32 19 0 36 3 87 44 70 0 46 23 24 21 6 8 3 ]
[ 24 9 9 31 84 9 55 5 97 73 14 9 0 21 56 5 19 14 39 6 10 18 43 4 26 ]
[ 10 15 1 12 45 11 63 28 17 18 12 25 59 30 19 8 77 16 0 20 16 75 26 57 21 ]
[ 45 29 52 8 6 40 11 22 25 39 12 22 3 18 22 28 32 68 45 11 49 19 31 5 40 ]
[ 6 89 0 44 26 17 40 73 27 35 22 10 26 23 96 7 11 1 2 9 5 1 32 55 39 ]
[ 17 78 0 17 33 4 9 7 47 15 37 72 51 46 6 5 6 7 49 22 6 60 45 60 8 ]
[ 4 3 12 17 4 23 26 28 8 65 4 14 26 39 18 59 54 88 25 74 17 32 14 24 30 ]
[ 30 31 59 31 19 11 49 42 93 6 4 24 31 21 1 2 40 5 67 42 6 76 1 12 6 ]
[ 13 14 19 29 70 22 2 77 46 24 5 2 23 5 43 46 12 57 57 33 12 37 9 11 42 ]
[ 45 1 72 14 22 12 18 22 18 60 37 41 96 3 1 15 10 3 6 14 86 37 22 49 11 ]
[ 21 5 14 10 15 11 46 14 58 6 46 32 22 11 18 27 28 50 74 11 14 16 71 15 87 ]
[ 4 9 37 32 58 21 13 51 44 1 11 29 30 30 17 68 5 17 72 52 0 27 21 49 24 ]
[ 7 14 54 26 63 57 19 2 67 58 54 36 26 21 13 37 6 52 1 1 17 11 43 28 11 ]
[ 64 11 18 5 5 2 52 70 15 16 69 31 15 28 6 36 23 52 29 61 18 37 40 10 14 ]
[ 11 2 9 1 90 3 54 41 3 9 11 38 67 6 30 45 8 93 21 7 31 15 10 31 91 ]
[ 71 24 45 0 26 19 6 46 25 40 9 7 42 19 8 1 15 3 32 44 7 79 49 79 34 ]
[ 34 32 5 88 1 67 16 17 5 1 93 18 3 21 56 0 8 28 67 23 35 74 1 25 14 ]
[ 60 6 97 37 8 14 11 8 53 47 24 2 3 36 79 39 29 58 2 10 39 15 30 19 12 ]

