Timer (generate): 695ms real	640ms user	40ms sys
[ 43 58 52 47 26 16 26 82 63 50 51 93 57 79 98 58 63 16 97 99 72 45 40 21 70 84 66 84 52 94 24 47 53 28 94 31 97 21 65 60 23 16 53 32 47 3 91 63 71 88 ]
[ 62 44 85 2 65 56 38 83 92 91 78 16 38 83 45 85 66 42 58 31 54 81 47 59 14 47 63 57 10 34 45 72 78 82 26 95 38 64 79 82 7 9 51 98 92 96 83 10 90 41 ]
[ 41 44 74 40 3 88 87 18 97 97 53 94 21 83 77 47 79 67 12 58 50 71 67 1 69 11 49 4 73 91 97 14 87 24 6 42 12 46 61 62 43 66 56 17 49 33 64 28 1 28 ]
[ 38 3 0 57 56 21 20 57 78 93 48 27 59 35 51 18 29 16 64 90 78 59 56 34 76 58 68 41 86 21 21 77 76 21 34 32 95 7 89 73 0 89 52 12 76 4 30 5 20 94 ]
[ 48 98 5 56 32 82 14 52 75 53 25 96 30 1 70 16 85 65 23 26 90 76 15 42 40 91 46 70 49 66 16 97 16 73 53 49 7 20 53 82 73 79 79 55 32 1 71 70 66 47 ]
[ 96 8 75 64 2 15 7 1 37 56 67 5 5 36 30 11 37 38 31 90 20 4 21 51 59 6 52 82 76 70 29 24 30 56 88 33 23 96 34 12 4 53 69 10 89 0 21 26 38 4 ]
[ 69 10 8 42 62 19 48 66 53 76 37 35 1 19 91 41 52 67 89 86 79 46 92 49 8 33 1 29 60 39 85 81 49 45 23 63 64 24 30 17 0 19 52 53 38 96 47 43 63 36 ]
[ 29 94 34 73 43 42 7 44 23 19 35 8 0 37 53 75 0 69 99 82 39 0 1 43 53 92 91 52 35 54 41 16 49 75 90 44 18 49 41 41 68 76 2 20 65 55 95 66 77 95 ]
[ 0 16 95 2 11 0 46 3 53 81 57 94 97 58 69 39 55 39 88 96 81 8 24 83 28 90 90 24 8 67 19 8 35 14 62 99 66 8 2 71 41 11 65 91 22 87 30 77 26 71 ]
[ 73 59 79 97 94 8 39 85 84 47 4 3 8 92 69 22 91 35 83 45 7 24 56 24 15 78 11 98 55 90 21 80 1 52 30 96 60 69 33 44 69 89 99 77 81 68 51 24 56 34 ]
[ 69 63 59 26 39 26 4 51 76 12 93 97 92 94 50 22 90 62 44 75 59 13 65 58 42 46 27 93 71 83 28 40 98 39 18 37 17 75 40 94 87 85 91 31 80 93 6 22 56 50 ]
[ 98 67 15 15 25 57 61 4 2 84 39 82 77 37 21 95 27 39 70 19 85 9 5 28 41 37 22 99 11 30 1 61 97 16 76 74 25 90 79 27 74 70 10 51 60 83 47 87 74 69 ]
[ 58 59 79 15 88 72 52 62 23 16 92 24 77 41 40 6 67 65 96 98 44 70 69 54 74 29 90 73 68 64 42 26 24 73 94 64 97 98 26 20 14 70 96 44 11 36 50 78 53 46 ]
[ 29 98 68 98 4 42 27 94 15 47 59 10 25 35 83 19 99 33 18 25 5 84 95 2 28 58 38 78 88 44 76 17 42 45 15 46 39 94 41 55 93 52 65 19 87 0 90 86 85 8 ]
[ 63 91 93 10 93 73 68 83 4 8 27 80 26 21 77 93 68 17 40 61 24 33 65 89 4 52 41 95 90 27 55 5 18 0 15 63 74 35 46 30 43 26 10 21 47 40 67 67 57 59 ]
[ 80 81 44 45 22 49 97 15 96 39 42 51 44 12 4 11 27 30 98 26 60 94 52 22 15 51 62 34 19 19 93 99 52 38 97 26 39 46 42 35 86 36 38 82 1 42 46 28 72 44 ]
[ 54 32 38 6 55 6 58 69 40 29 41 86 80 93 76 77 20 15 76 14 2 62 50 92 96 51 35 42 80 59 87 86 44 77 45 51 83 55 20 76 84 61 14 16 7 90 46 79 57 22 ]
[ 93 11 36 95 3 32 47 90 27 79 50 66 65 94 43 62 97 79 17 17 7 1 31 21 70 90 63 16 69 72 90 14 83 26 9 86 10 8 77 89 87 79 55 5 25 51 19 22 30 37 ]
[ 91 89 90 22 10 60 12 25 28 33 97 18 99 32 96 9 18 7 17 47 96 57 26 4 14 51 55 33 73 37 22 65 26 13 39 88 73 4 65 2 89 62 72 89 94 69 50 64 28 19 ]
[ 64 76 28 90 80 42 94 87 28 19 76 50 36 54 63 28 42 89 32 7 43 73 21 15 62 67 84 12 84 64 84 48 41 12 90 21 7 84 61 87 56 37 37 92 92 53 72 86 94 4 ]

Timer (generate): 670ms real	630ms user	40ms sys
[ 59 15 39 1 98 10 31 85 95 64 39 15 11 98 36 59 92 19 36 80 16 73 88 30 93 78 1 25 8 65 69 19 80 61 72 31 71 3 16 67 19 7 34 30 5 71 90 49 42 26 ]
[ 30 58 51 70 41 44 49 94 69 9 60 91 28 92 4 52 23 75 56 40 94 27 47 81 58 5 4 0 54 46 78 36 5 29 59 98 73 60 92 95 21 52 38 1 97 42 53 20 69 9 ]
[ 12 64 89 60 97 47 17 1 99 23 47 77 12 4 6 71 2 31 83 95 78 4 99 16 5 96 10 58 69 80 20 81 96 9 93 93 8 10 94 7 86 93 84 98 98 42 21 0 73 4 ]
[ 47 52 60 99 68 65 95 31 23 64 63 95 98 11 4 91 56 64 54 2 71 40 95 7 90 45 49 11 98 23 67 45 75 27 44 95 92 92 78 67 8 41 63 6 4 19 50 60 84 4 ]
[ 62 7 96 10 15 86 55 16 97 53 39 64 99 66 91 95 14 35 39 92 2 48 86 17 6 90 89 8 3 73 12 65 32 60 27 99 46 83 16 43 36 7 59 87 74 2 83 40 37 74 ]
[ 84 92 74 70 9 81 13 98 89 68 23 54 85 56 14 13 7 13 96 23 56 84 31 68 72 57 70 7 97 60 81 81 52 56 4 61 89 69 12 30 37 87 36 22 95 3 35 3 16 83 ]
[ 26 24 68 57 92 40 14 15 99 63 75 80 45 79 88 49 92 77 18 4 60 7 92 96 29 87 99 17 42 67 52 69 92 20 78 36 12 45 51 11 8 78 44 53 57 32 54 50 62 24 ]
[ 6 22 31 50 70 13 90 22 82 32 89 34 1 33 7 32 70 19 77 73 83 85 52 27 91 61 11 97 63 73 74 70 47 57 20 18 22 10 40 4 95 81 91 48 15 98 80 85 69 57 ]
[ 10 4 95 62 31 38 76 43 35 39 68 61 9 16 19 82 86 41 44 78 46 39 59 89 88 26 39 68 63 8 78 74 13 73 88 96 63 64 91 50 4 60 12 65 28 31 47 14 72 44 ]
[ 92 70 83 51 59 23 78 98 44 41 59 22 15 24 47 4 72 10 20 64 60 24 76 72 90 4 55 89 18 28 33 10 50 69 61 10 44 91 60 88 85 71 10 0 47 9 56 20 71 77 ]
[ 84 84 53 60 8 95 16 64 85 34 44 70 44 94 91 57 56 36 1 17 24 86 40 87 38 88 96 95 8 20 24 44 4 77 56 12 73 72 28 10 6 72 80 2 67 72 11 23 8 12 ]
[ 92 84 98 33 71 37 21 20 84 81 40 8 25 96 85 81 60 10 5 89 20 63 61 53 65 28 77 76 4 37 89 96 21 87 29 45 76 2 65 60 83 57 68 60 5 6 93 65 16 98 ]
[ 6 89 61 68 94 78 48 71 55 52 8 96 1 81 35 30 26 12 85 43 72 20 52 41 33 57 99 26 75 67 77 81 56 90 1 2 69 2 73 76 54 33 72 55 67 7 38 93 19 75 ]
[ 89 92 47 41 85 80 51 84 7 26 51 36 59 60 26 13 62 95 15 88 71 21 73 95 29 40 3 19 86 22 94 75 66 41 68 3 74 19 87 33 97 91 69 9 51 95 22 65 43 89 ]
[ 53 66 10 27 62 39 19 17 10 5 39 56 32 58 98 1 61 24 20 1 57 70 92 26 79 95 73 53 60 68 42 66 35 52 45 49 44 64 66 6 22 57 63 54 15 61 55 29 37 28 ]
[ 30 94 98 74 20 77 69 45 30 29 14 24 95 1 76 40 50 72 57 68 79 79 25 42 33 93 55 89 74 92 17 4 86 67 30 58 96 99 55 78 28 21 2 76 22 30 16 24 3 73 ]
[ 44 34 4 70 28 38 15 35 27 89 27 96 45 65 63 75 75 59 26 82 37 54 4 91 82 78 21 51 3 76 76 99 10 81 69 90 19 36 25 98 77 4 94 22 21 9 49 48 20 75 ]
[ 31 9 82 35 0 16 13 73 67 68 50 44 68 12 25 89 3 44 78 28 42 55 85 88 30 6 49 79 55 69 7 86 30 41 73 30 57 38 3 25 7 5 69 27 18 46 68 21 90 46 ]
[ 1 84 2 86 72 32 45 73 63 0 42 22 38 72 63 63 54 21 1 9 98 60 15 19 39 33 65 8 6 7 54 59 91 8 46 15 40 43 88 56 95 82 78 33 54 42 48 60 15 49 ]
[ 69 65 62 36 84 1 21 1 9 27 8 16 87 51 24 85 66 17 28 6 25 23 88 3 8 94 97 56 6 64 57 75 29 19 64 65 73 85 66 82 13 74 50 52 77 27 37 43 44 17 ]

Timer (generate): 688ms real	640ms user	30ms sys
[ 0 75 21 41 94 82 9 26 82 67 64 7 81 39 64 93 7 85 65 59 46 36 91 14 80 21 57 2 19 69 19 72 44 93 13 39 75 75 17 57 94 82 64 27 21 28 20 80 66 37 ]
[ 92 12 26 35 78 6 56 88 60 28 57 31 0 53 24 65 92 0 92 62 9 86 44 26 13 17 6 85 49 24 23 93 88 1 29 67 7 85 7 19 65 16 50 17 69 27 35 14 79 27 ]
[ 76 88 66 20 66 31 89 25 17 38 49 92 32 38 93 61 57 52 98 64 23 64 32 25 81 1 52 16 15 31 96 43 72 62 63 90 45 4 15 14 43 65 6 27 55 51 88 12 55 38 ]
[ 28 30 2 12 56 36 13 8 52 81 92 0 24 64 14 40 6 60 44 22 74 39 39 33 66 94 84 6 58 92 45 38 22 47 50 78 35 63 39 40 96 31 40 21 47 55 13 53 15 57 ]
[ 27 41 97 66 74 15 12 11 22 70 3 67 60 77 66 10 8 54 26 99 94 22 82 34 95 29 41 8 34 8 18 14 50 67 32 24 82 45 35 56 67 90 75 28 68 94 38 28 48 16 ]
[ 27 42 39 9 28 34 90 70 95 76 78 65 90 28 32 23 53 14 20 40 71 39 31 98 67 51 92 58 79 40 74 6 82 65 67 11 52 57 81 47 85 11 12 28 40 96 51 45 10 23 ]
[ 85 33 62 68 32 82 19 24 40 50 17 66 8 99 32 75 62 84 84 95 83 70 7 95 98 99 43 1 44 53 76 81 39 38 2 23 72 21 99 64 72 16 31 80 68 15 8 82 99 92 ]
[ 78 82 14 37 29 64 36 72 65 32 77 93 65 68 32 67 43 56 41 43 21 65 11 4 45 31 19 5 14 18 98 92 52 64 81 33 29 69 57 46 53 34 40 18 55 24 38 98 80 79 ]
[ 41 1 44 5 57 41 36 76 47 50 94 97 94 98 61 75 31 42 96 88 89 49 75 29 68 30 53 58 28 85 37 22 39 33 79 96 74 15 73 73 18 19 70 12 18 84 40 1 26 36 ]
[ 42 67 86 17 48 6 99 1 64 79 39 53 53 78 86 32 26 60 48 99 86 66 71 56 30 89 92 70 42 71 59 84 38 97 53 87 3 4 40 19 84 31 24 37 9 10 22 88 22 70 ]
[ 87 8 88 58 17 18 99 9 41 94 32 0 30 23 97 36 62 52 40 2 23 76 86 47 66 47 57 88 35 31 10 75 92 98 33 9 68 85 70 9 79 55 61 61 78 58 97 40 62 38 ]
[ 94 85 66 80 32 32 28 41 20 15 25 82 90 17 80 76 78 49 61 0 10 92 55 72 53 33 82 51 73 97 41 68 82 7 0 67 92 80 60 64 96 85 47 86 54 79 62 32 28 75 ]
[ 33 91 67 88 15 73 74 97 76 47 94 69 67 29 28 68 96 20 48 8 37 96 94 84 83 0 63 97 33 44 73 18 87 92 58 2 17 32 99 45 32 46 14 99 27 43 19 23 15 20 ]
[ 83 52 16 29 88 51 30 4 1 63 48 26 33 35 70 91 89 88 24 40 33 8 86 0 7 13 43 79 88 10 99 72 15 67 1 3 71 83 7 72 98 7 50 31 94 20 23 83 8 99 ]
[ 24 94 7 62 94 66 28 89 97 16 51 48 40 66 16 94 22 39 77 81 63 76 89 13 59 35 85 82 71 94 33 47 40 92 9 86 11 89 75 8 6 26 57 98 45 25 92 67 64 22 ]
[ 48 79 50 89 92 9 77 29 92 0 75 77 47 15 22 8 1 33 98 28 41 56 7 50 54 52 75 99 71 91 21 71 70 71 13 14 80 42 44 24 42 19 54 89 87 76 49 40 9 99 ]
[ 69 2 55 28 5 10 32 80 61 3 24 82 26 46 5 91 13 37 33 9 62 75 28 16 16 67 44 18 8 53 17 29 7 73 57 12 35 89 45 96 44 21 30 22 67 35 14 32 72 47 ]
[ 41 86 75 22 54 43 89 98 61 49 3 79 78 11 4 87 75 39 28 72 87 24 93 69 47 13 4 13 45 28 12 87 67 87 9 21 31 98 20 44 0 75 23 78 86 27 18 14 18 46 ]
[ 86 57 71 80 26 18 93 82 31 38 63 43 77 30 83 86 3 66 37 75 10 37 51 86 67 37 13 85 51 84 32 38 41 3 70 20 73 15 2 56 53 65 99 31 95 34 69 99 0 6 ]
[ 26 11 95 77 97 63 15 62 48 18 98 32 8 92 87 30 12 60 45 14 16 51 80 68 34 27 2 3 78 55 62 5 18 57 82 67 20 49 29 21 20 80 5 28 72 93 59 84 53 56 ]

Timer (generate): 689ms real	640ms user	30ms sys
[ 14 65 32 26 11 57 49 13 64 87 88 76 76 20 44 84 49 26 93 33 9 11 96 4 88 75 78 18 13 52 75 79 69 7 57 32 64 6 45 80 94 85 9 70 6 53 6 7 32 99 ]
[ 92 41 63 89 97 51 16 75 21 81 79 96 60 0 3 17 32 20 24 77 52 70 63 61 92 21 15 98 80 99 50 73 92 13 14 90 16 30 17 37 11 49 33 23 49 88 40 82 60 16 ]
[ 11 13 38 26 74 30 99 41 81 80 92 31 53 85 44 19 75 12 49 44 49 12 93 82 87 43 22 27 77 83 44 88 48 82 67 74 65 66 68 46 46 60 29 99 45 25 70 72 37 71 ]
[ 17 86 83 10 20 22 53 42 50 30 77 46 71 77 28 38 52 45 4 20 43 3 32 72 54 78 97 25 50 34 96 67 72 32 30 92 54 83 87 4 66 64 2 37 94 83 27 46 28 31 ]
[ 18 72 86 50 44 41 28 94 66 31 28 62 50 1 46 80 45 1 64 32 57 82 49 60 19 43 43 46 41 71 29 59 95 16 9 92 57 90 86 75 73 14 89 23 67 36 56 13 37 72 ]
[ 97 94 54 46 54 25 41 49 71 82 21 52 93 68 20 55 60 29 45 46 4 70 13 94 45 32 30 1 45 19 25 95 13 79 93 20 4 35 69 27 17 42 32 11 11 52 66 71 82 63 ]
[ 70 38 85 83 32 30 67 14 84 13 33 9 60 99 41 53 19 97 88 40 25 58 83 57 21 46 61 39 69 95 54 39 34 39 74 18 21 42 33 5 7 18 67 19 17 60 72 36 57 13 ]
[ 77 82 71 12 91 92 58 53 83 27 48 37 19 34 76 45 53 49 39 38 7 98 56 74 17 74 34 90 10 91 3 39 26 26 51 69 70 61 22 53 41 23 90 60 9 18 57 62 67 97 ]
[ 52 74 95 9 0 13 83 86 55 45 30 58 85 8 84 88 77 54 50 52 59 43 27 49 3 36 19 12 51 38 9 3 65 5 12 65 70 95 4 25 93 86 35 30 94 19 18 71 25 20 ]
[ 75 84 63 2 85 18 39 4 31 90 42 92 45 7 49 58 25 19 5 81 96 98 67 31 80 13 2 99 84 27 71 12 63 87 14 48 57 53 52 40 95 47 33 41 6 82 51 31 54 8 ]
[ 64 50 7 31 34 39 44 36 90 81 64 62 93 27 1 59 28 58 65 32 99 60 31 84 53 38 66 56 21 72 65 86 75 24 69 9 63 66 45 54 99 61 68 44 41 69 3 69 79 68 ]
[ 1 30 81 33 14 86 23 81 43 44 5 8 30 80 32 52 89 47 18 35 1 17 96 69 61 37 90 16 58 70 85 12 0 66 97 15 4 20 48 47 64 5 7 47 86 39 51 75 39 69 ]
[ 62 40 38 11 62 51 48 52 67 59 74 52 71 27 70 68 42 75 88 42 74 4 47 82 3 85 73 54 13 12 75 75 53 13 86 67 64 87 71 84 46 46 88 69 73 11 37 67 86 77 ]
[ 61 12 33 60 94 37 46 68 43 59 32 71 34 37 84 73 4 1 12 76 37 10 74 25 79 99 36 68 18 74 97 79 87 30 39 33 19 85 53 63 44 86 86 31 23 70 56 80 23 68 ]
[ 8 60 78 82 38 9 33 74 77 51 1 26 30 88 56 21 73 76 7 27 91 3 13 77 86 88 99 42 68 75 10 28 87 40 62 25 1 95 52 30 46 53 56 28 41 13 50 14 41 9 ]
[ 93 32 12 6 61 99 47 12 93 67 87 56 96 27 96 58 52 98 54 4 80 52 57 37 81 50 50 83 17 91 92 10 75 56 69 88 7 16 52 1 83 40 57 31 19 5 90 71 55 96 ]
[ 28 36 0 37 73 33 40 23 16 57 66 60 19 93 17 88 33 24 56 85 25 92 77 82 23 96 40 65 20 95 61 0 31 14 37 4 47 77 79 64 86 97 24 6 42 93 46 75 18 3 ]
[ 13 43 95 90 78 70 39 18 36 11 13 49 11 97 63 48 1 11 78 33 27 64 30 3 22 25 97 69 52 15 24 65 10 19 8 88 41 99 58 77 10 24 27 21 21 42 21 22 53 99 ]
[ 7 80 16 90 84 38 15 81 59 67 96 83 85 58 54 93 47 96 44 5 25 54 29 52 75 50 95 96 25 0 48 84 33 64 74 17 2 41 50 62 61 98 45 46 56 52 91 55 48 35 ]
[ 61 73 89 42 78 16 45 25 12 22 25 60 6 58 24 33 27 79 74 29 93 35 27 90 33 84 42 24 39 90 59 52 16 0 47 94 16 44 71 81 18 96 93 24 7 70 9 86 49 36 ]

Timer (generate): 704ms real	650ms user	40ms sys
[ 43 48 46 51 51 9 14 9 72 62 34 2 46 20 5 52 36 25 51 89 82 84 12 36 68 79 99 83 48 12 89 91 60 87 43 63 96 9 72 20 71 6 23 69 27 80 74 15 57 25 ]
[ 4 91 61 68 28 81 47 79 64 48 91 5 39 3 92 34 66 40 43 91 61 67 97 36 36 76 68 62 43 25 39 99 68 0 68 96 33 67 28 97 15 71 54 7 75 46 41 93 39 37 ]
[ 84 52 56 34 88 44 62 8 7 6 85 46 57 53 99 25 2 32 45 30 82 60 1 36 67 28 35 61 22 74 50 58 26 6 92 66 50 7 74 9 13 59 56 70 64 7 48 66 91 45 ]
[ 96 73 5 50 62 25 78 49 38 52 75 88 11 53 46 55 71 48 62 45 58 27 56 66 50 20 73 98 39 64 95 87 90 0 37 4 77 16 53 15 68 80 55 31 33 53 87 4 2 1 ]
[ 1 60 29 9 26 79 81 51 29 20 15 24 8 57 76 45 61 54 13 66 21 34 46 29 65 31 82 4 87 84 6 88 44 87 49 22 66 31 73 47 51 41 71 11 50 99 9 64 53 22 ]
[ 30 27 8 29 56 26 12 38 30 0 75 88 40 71 27 90 94 93 21 19 92 24 60 63 88 11 63 97 27 68 71 57 95 80 38 3 58 3 94 40 55 69 29 95 40 56 85 86 2 58 ]
[ 6 94 35 66 10 23 29 25 72 56 93 95 66 41 75 56 96 85 59 90 26 66 11 55 62 52 63 99 38 17 10 44 64 45 63 74 20 44 99 44 1 44 39 19 37 67 27 34 52 39 ]
[ 76 78 5 88 85 67 92 1 67 82 18 29 79 82 26 94 8 46 38 59 90 91 4 29 62 93 48 90 79 1 29 56 79 34 96 17 2 40 18 21 22 36 50 1 71 28 47 79 74 86 ]
[ 39 16 29 95 97 92 40 46 82 20 47 11 28 78 45 76 95 99 16 13 20 38 2 22 92 73 50 91 4 76 77 95 44 7 90 42 99 31 40 81 3 39 44 31 17 89 7 65 41 75 ]
[ 30 61 65 84 36 9 9 38 1 14 67 78 9 11 37 52 5 88 35 45 21 90 84 65 21 54 7 80 71 48 7 53 61 72 38 49 82 47 88 83 61 7 13 23 70 51 27 76 39 14 ]
[ 21 61 4 58 78 77 64 85 9 35 33 16 40 47 88 78 96 70 26 36 5 39 43 19 14 14 22 41 42 13 55 63 26 11 73 5 88 89 42 97 76 28 65 17 75 54 95 71 76 73 ]
[ 8 82 13 3 53 27 17 75 21 59 88 28 75 15 40 0 20 80 90 14 30 66 42 95 35 17 49 31 89 78 4 49 60 69 52 65 49 22 40 70 33 28 98 60 95 90 13 67 71 3 ]
[ 82 1 21 24 48 57 42 50 40 83 28 96 84 40 66 36 5 15 10 45 37 96 25 87 56 21 78 69 40 1 24 22 54 98 99 2 7 93 52 47 76 32 95 60 72 61 48 77 28 11 ]
[ 22 65 7 48 5 15 21 83 85 61 36 61 36 42 59 35 96 66 28 49 65 56 33 61 68 6 74 68 83 55 79 6 72 38 6 77 54 79 12 91 92 48 4 28 42 64 15 39 82 95 ]
[ 40 48 51 73 61 71 79 35 40 63 90 71 21 63 62 79 92 68 58 5 59 2 5 63 83 48 79 98 87 14 94 27 62 97 52 75 69 32 62 61 47 5 84 68 20 46 47 12 14 57 ]
[ 17 25 59 75 41 42 23 20 93 62 86 87 41 0 36 93 75 57 77 38 18 24 43 55 92 63 1 91 27 16 48 97 93 60 72 34 2 95 7 95 57 93 34 98 94 23 43 69 80 21 ]
[ 59 51 45 54 6 90 69 7 81 97 75 30 94 69 42 66 55 44 13 62 92 22 56 78 72 2 1 15 23 82 88 35 33 34 89 39 24 59 98 57 8 26 39 54 95 81 72 50 26 85 ]
[ 65 70 7 73 48 31 75 50 46 50 32 35 85 17 21 75 8 97 86 6 54 46 32 94 0 79 75 24 82 53 9 47 23 68 20 72 99 47 22 97 49 6 84 35 75 57 62 83 54 0 ]
[ 89 9 46 74 55 98 5 82 22 87 36 83 34 11 3 6 83 54 5 57 51 55 15 88 90 90 45 4 73 52 4 15 61 50 41 68 0 46 50 74 34 86 57 20 50 12 79 33 66 84 ]
[ 43 69 91 10 57 33 1 55 37 26 7 93 93 20 95 34 88 95 33 90 69 67 29 78 39 79 90 18 64 56 55 7 78 98 70 35 32 23 42 21 49 1 15 95 21 10 29 61 58 62 ]

Timer (generate): 694ms real	680ms user	10ms sys
[ 28 11 38 17 47 75 1 33 59 84 40 98 58 95 48 68 22 72 42 59 2 57 12 75 40 61 80 63 9 73 11 37 84 49 7 32 25 8 17 36 44 57 35 2 4 83 22 27 7 65 ]
[ 38 61 74 50 36 14 63 17 30 24 90 41 61 74 90 20 58 67 29 75 56 25 85 91 28 89 26 50 16 85 67 6 47 42 8 83 8 23 52 38 47 42 79 61 69 22 81 27 41 62 ]
[ 3 97 88 40 88 68 29 66 70 98 52 38 4 99 32 13 34 40 36 87 31 84 81 62 97 50 84 78 30 26 41 85 23 29 25 64 97 54 30 67 52 82 57 9 33 41 22 68 34 10 ]
[ 7 65 46 88 27 43 39 64 74 69 42 15 6 17 96 31 81 93 85 64 12 90 98 22 99 84 63 73 52 97 35 11 14 34 99 94 77 38 58 51 59 52 18 65 69 14 96 3 59 34 ]
[ 19 24 76 69 46 27 53 61 52 57 59 87 68 25 21 68 19 51 58 29 54 18 81 73 35 3 87 84 58 99 70 77 23 46 46 69 73 0 30 77 9 41 64 78 67 38 46 86 89 4 ]
[ 16 95 74 49 68 10 52 8 94 10 59 64 39 82 62 86 3 87 38 85 64 47 27 80 25 46 18 23 32 59 80 0 55 54 2 75 16 6 35 62 69 94 78 8 76 40 46 31 27 84 ]
[ 17 43 84 44 24 61 90 94 37 74 54 17 27 61 23 29 88 40 35 24 2 4 70 81 65 99 73 11 30 53 48 47 96 84 91 72 45 33 67 34 60 73 51 39 86 75 68 74 67 55 ]
[ 50 69 12 21 2 29 20 76 92 50 81 40 98 77 76 41 50 74 27 69 8 87 42 60 26 28 87 46 54 54 53 5 75 17 26 30 98 46 58 91 48 39 31 46 16 8 40 18 82 67 ]
[ 39 42 6 81 2 84 61 41 30 16 47 35 21 23 5 99 5 3 97 63 94 45 2 78 44 70 86 84 41 20 3 80 62 9 14 17 93 75 10 75 91 58 10 64 33 67 63 38 71 60 ]
[ 1 17 58 55 95 2 25 33 86 66 53 89 99 68 50 13 37 43 88 47 18 32 5 80 48 38 0 64 76 71 76 29 88 34 84 84 36 62 69 74 80 75 15 79 43 17 92 32 60 33 ]
[ 79 30 17 37 63 17 27 63 81 56 86 10 85 74 44 22 10 33 84 80 59 64 55 27 44 50 44 88 82 5 73 13 87 90 2 50 8 30 65 41 86 51 51 23 78 48 45 40 81 29 ]
[ 72 92 94 79 19 90 29 64 78 63 21 52 29 8 94 31 11 54 61 76 48 99 80 99 23 58 47 68 98 80 50 23 73 44 2 92 34 32 56 64 47 29 68 76 38 63 60 1 69 73 ]
[ 29 17 73 9 17 48 19 16 68 70 49 18 93 22 62 95 66 48 79 75 65 27 4 33 55 94 48 15 95 18 41 25 35 14 86 52 14 6 21 82 76 70 1 69 44 15 16 10 16 96 ]
[ 37 81 23 42 66 30 88 15 98 84 33 39 61 68 5 47 73 19 5 46 1 81 16 54 2 12 22 19 74 38 15 12 71 90 6 37 20 94 52 70 30 37 9 43 58 14 91 31 33 48 ]
[ 77 87 30 45 93 32 57 15 3 31 53 70 95 24 60 1 14 33 48 18 3 78 56 13 74 14 79 17 97 65 65 74 52 95 71 97 80 80 13 83 63 18 54 59 95 66 12 9 99 60 ]
[ 27 55 91 35 20 65 1 99 82 98 64 47 24 68 95 95 66 27 27 79 62 91 49 16 2 44 35 14 53 86 27 33 41 18 20 61 35 22 13 69 20 77 68 97 98 63 44 64 90 72 ]
[ 95 53 63 44 21 65 89 8 31 94 95 58 79 88 28 0 2 63 74 15 84 46 44 53 43 42 16 88 6 59 12 53 64 75 50 85 92 39 94 75 85 41 34 17 81 14 69 83 78 43 ]
[ 50 62 89 95 67 85 37 84 25 96 95 37 1 59 64 51 96 56 42 42 83 80 83 17 97 65 32 66 0 62 61 51 76 2 46 44 87 35 80 64 83 27 1 85 86 65 36 82 73 79 ]
[ 77 57 59 12 26 8 77 10 26 30 24 87 81 53 89 79 97 29 14 29 93 98 56 47 35 94 12 71 28 86 2 5 95 13 18 73 21 47 84 47 77 60 86 10 13 28 89 62 9 56 ]
[ 91 2 6 99 49 41 93 14 64 22 52 19 79 99 84 97 72 58 97 8 57 26 69 44 37 82 72 78 45 81 86 88 35 92 88 37 85 33 3 2 7 55 73 87 54 57 36 26 15 85 ]

Timer (generate): 620ms real	600ms user	20ms sys
[ 20 12 91 5 12 63 52 87 7 30 83 23 78 55 91 76 61 88 4 11 28 31 15 20 0 42 56 31 44 35 95 16 0 87 21 12 2 25 0 61 8 83 84 86 90 75 14 51 15 70 ]
[ 62 96 1 29 68 53 71 24 36 67 11 32 83 11 71 5 24 25 82 76 87 90 11 23 28 1 51 43 4 18 13 18 14 67 48 82 20 71 58 9 39 70 41 74 81 64 79 57 89 14 ]
[ 85 28 4 96 52 33 97 55 28 1 73 41 72 88 60 20 70 33 43 81 42 34 51 83 9 84 99 40 94 88 54 79 69 11 76 73 44 25 28 72 79 1 65 51 41 26 23 64 59 66 ]
[ 45 1 53 96 36 62 32 35 54 26 75 9 6 44 20 34 69 16 59 97 40 90 51 5 41 92 31 64 56 90 83 1 43 36 49 79 50 82 66 4 60 94 65 18 38 37 52 60 53 64 ]
[ 57 93 54 8 99 96 1 82 12 9 73 95 11 16 31 60 48 33 94 14 38 55 8 3 73 99 93 78 59 46 42 68 92 48 77 91 96 30 25 9 39 98 4 2 67 88 15 67 21 9 ]
[ 33 11 16 94 67 42 93 60 72 4 6 66 24 98 14 1 41 11 83 67 20 75 17 76 77 36 16 92 55 38 54 89 1 22 83 68 16 28 80 88 32 39 54 8 89 69 62 31 32 45 ]
[ 50 4 20 19 80 50 8 97 94 63 87 48 4 40 23 87 61 39 15 41 28 99 80 82 60 70 3 22 53 35 67 55 39 40 74 72 90 34 21 36 50 8 85 54 0 8 94 61 47 9 ]
[ 3 27 61 83 10 21 53 65 43 6 1 62 61 92 54 88 64 96 74 85 33 24 45 18 79 46 78 73 7 77 34 10 5 47 94 67 20 99 84 15 58 85 78 71 30 84 11 94 81 86 ]
[ 32 14 10 77 84 89 23 62 14 83 91 49 93 48 96 39 67 69 91 52 84 49 89 14 72 19 99 84 14 80 70 46 94 80 75 78 70 51 92 84 34 83 85 79 84 82 19 51 3 62 ]
[ 3 87 11 93 2 83 12 1 67 78 33 37 76 27 70 52 57 40 55 49 76 89 84 62 68 68 96 39 20 99 1 75 38 64 68 40 48 33 93 67 63 26 57 40 5 27 44 62 19 99 ]
[ 63 47 40 48 61 8 16 57 0 88 8 1 64 47 66 84 39 66 17 85 85 81 11 94 73 69 21 69 83 92 68 47 40 60 95 1 20 63 11 20 52 71 22 68 70 40 52 10 58 70 ]
[ 47 43 3 10 38 28 79 11 97 63 4 17 62 96 77 9 49 97 72 12 18 76 84 92 44 6 84 97 68 42 19 15 85 22 26 75 50 5 87 99 20 43 16 82 39 45 43 40 42 16 ]
[ 53 12 92 89 56 89 95 92 86 64 34 57 79 72 79 5 99 81 63 86 32 35 81 48 70 72 93 13 13 87 81 66 52 26 7 60 15 2 53 53 66 39 10 46 11 41 3 11 74 18 ]
[ 49 6 54 31 6 76 55 51 89 68 38 71 86 42 97 93 55 64 96 8 17 14 47 79 60 11 20 16 74 94 34 75 0 40 6 6 16 62 57 58 82 47 81 69 42 30 14 97 94 10 ]
[ 57 63 25 4 42 37 67 14 5 41 8 92 17 60 32 75 18 1 89 27 59 24 26 40 93 68 70 59 65 64 70 74 79 47 79 21 36 98 35 94 92 95 86 9 55 18 36 25 19 78 ]
[ 52 30 2 78 70 47 47 40 6 64 56 28 39 35 27 70 8 64 20 95 10 12 90 96 73 97 66 10 22 38 40 26 68 42 5 91 89 4 83 47 20 40 76 11 27 3 33 36 19 54 ]
[ 83 29 66 74 77 40 23 44 2 98 34 42 24 2 36 81 93 77 85 77 24 6 69 0 69 96 4 3 84 75 57 68 5 75 94 82 67 69 78 69 67 12 63 92 67 51 73 60 28 11 ]
[ 89 53 69 10 5 38 59 61 41 95 37 50 15 42 26 9 76 45 79 7 15 98 19 30 90 86 34 16 99 62 27 40 67 96 51 73 86 62 34 80 57 71 30 73 65 8 34 94 54 65 ]
[ 1 21 64 72 3 6 11 37 22 10 52 1 2 19 49 5 44 36 67 31 16 77 54 98 50 72 59 36 66 65 2 19 38 66 91 41 72 54 31 47 16 83 48 19 54 98 76 51 34 96 ]
[ 82 2 73 36 52 75 60 11 11 26 76 13 97 14 31 41 8 4 95 91 3 12 74 51 83 80 49 59 83 35 55 65 37 28 54 42 3 14 53 67 93 82 80 90 48 12 31 8 68 79 ]

Timer (generate): 624ms real	580ms user	40ms sys
[ 72 84 96 54 2 88 57 19 56 80 15 98 2 69 55 69 35 71 99 6 79 97 79 3 60 28 55 73 83 5 96 7 89 45 13 92 33 23 11 42 55 79 92 9 48 47 78 83 70 30 ]
[ 42 50 27 21 53 39 49 60 13 84 65 61 44 7 6 57 99 40 32 62 34 87 41 26 97 42 73 27 77 44 57 19 94 36 40 99 76 41 60 41 78 25 2 22 84 9 31 83 1 64 ]
[ 98 35 3 39 61 0 81 86 80 11 30 37 30 76 74 23 28 2 64 88 43 94 65 45 68 50 6 52 85 59 16 83 46 71 23 7 72 56 46 4 67 76 41 50 5 67 73 33 69 89 ]
[ 73 64 84 38 62 4 88 68 56 26 80 24 9 26 96 84 34 20 41 32 24 60 8 17 10 65 85 35 50 6 25 23 71 61 62 33 65 2 53 74 28 33 98 38 60 94 74 46 66 15 ]
[ 78 90 28 38 8 90 4 93 26 54 51 51 78 22 64 92 55 81 94 9 55 75 94 54 65 54 0 39 52 67 7 30 57 35 69 17 25 25 62 3 31 14 6 61 36 70 53 44 52 0 ]
[ 5 7 27 99 13 92 6 14 31 58 33 90 41 42 25 62 60 3 87 22 6 70 88 13 32 25 35 37 21 87 89 78 47 16 77 12 60 35 78 92 94 11 34 87 54 60 49 14 15 88 ]
[ 88 73 58 77 38 42 54 74 32 27 13 21 5 12 90 34 25 50 70 3 94 16 15 29 3 69 41 52 35 56 40 75 29 50 52 68 93 58 94 25 85 7 98 90 20 88 25 45 91 47 ]
[ 48 85 63 15 66 18 36 7 70 71 15 62 47 97 12 51 17 57 10 11 82 95 18 33 38 90 73 15 35 64 62 36 2 77 3 68 95 40 28 17 63 43 31 62 40 95 14 57 53 76 ]
[ 20 87 23 39 20 61 81 94 76 69 10 90 57 12 67 60 81 14 52 9 83 16 4 14 78 45 10 44 54 15 72 75 2 96 66 75 57 47 69 86 16 79 28 73 44 96 86 25 62 38 ]
[ 86 46 54 42 12 85 39 74 81 94 89 54 21 92 2 39 67 11 86 88 97 55 19 26 80 63 74 66 40 88 5 78 34 11 21 99 48 60 73 30 6 63 36 79 7 38 18 26 49 57 ]
[ 14 99 64 85 77 44 49 3 11 41 91 68 20 78 31 41 77 80 53 2 10 12 17 98 91 76 88 62 2 37 19 68 88 83 54 17 79 55 20 42 96 64 10 16 94 42 9 71 22 15 ]
[ 25 84 27 95 34 70 71 22 32 26 11 3 94 0 38 0 69 18 55 90 60 52 6 23 20 0 17 82 23 91 97 48 75 76 95 9 46 67 31 31 93 42 34 39 94 73 40 64 43 95 ]
[ 6 3 99 64 78 72 64 95 54 87 86 3 87 13 79 83 74 25 2 57 56 47 52 91 86 46 16 26 62 59 74 20 14 25 84 93 49 48 88 3 87 27 6 27 40 85 62 15 63 64 ]
[ 72 71 11 24 14 97 23 30 76 37 41 2 58 56 27 42 1 77 43 41 32 82 68 91 9 61 28 71 76 91 87 0 63 98 25 77 48 0 60 76 37 1 78 95 9 57 90 62 34 33 ]
[ 4 19 15 24 10 77 85 90 48 13 34 88 14 49 38 91 78 86 91 38 14 28 92 92 76 53 50 66 16 36 51 72 7 18 48 17 95 34 60 96 47 94 84 13 43 22 4 21 61 95 ]
[ 12 75 76 4 68 52 9 70 70 77 58 21 49 66 39 50 35 87 36 95 83 35 89 67 49 84 41 53 6 2 1 18 30 29 74 50 81 83 20 3 61 78 24 62 96 15 12 32 2 48 ]
[ 27 85 84 69 4 33 53 98 38 11 0 39 29 82 68 55 32 1 39 52 4 0 83 80 14 79 96 27 63 50 75 91 88 11 12 92 96 65 90 35 29 43 26 10 25 47 66 10 0 5 ]
[ 14 5 57 97 37 71 29 85 50 92 36 78 35 24 89 47 68 86 65 11 73 94 6 99 4 31 98 70 93 99 27 8 56 36 5 93 8 86 79 10 31 67 88 66 43 78 66 11 16 31 ]
[ 22 41 77 28 40 33 12 91 4 5 90 83 13 46 20 71 91 80 9 22 90 40 89 79 59 32 9 77 96 77 60 70 18 37 51 10 70 15 1 26 20 91 10 86 89 30 9 81 10 70 ]
[ 3 52 63 45 31 22 29 92 51 25 69 11 48 87 48 99 98 70 14 99 97 86 43 7 24 32 89 33 65 51 56 69 3 19 66 87 93 95 79 44 73 49 55 21 36 3 72 86 73 86 ]

Timer (generate): 564ms real	530ms user	20ms sys
[ 97 27 15 52 60 57 51 11 74 80 13 77 60 50 26 58 9 62 25 83 76 74 93 99 56 31 91 21 98 73 22 95 0 37 47 13 47 98 24 21 78 90 50 90 40 76 49 1 91 26 ]
[ 84 19 52 29 18 8 61 61 30 59 35 4 6 87 94 53 0 41 4 25 14 34 15 64 77 7 93 26 8 84 4 44 55 56 74 26 16 87 87 98 98 22 3 4 10 49 9 62 90 65 ]
[ 87 56 0 54 20 77 61 65 55 21 1 11 66 57 19 92 83 35 79 22 86 29 97 41 33 59 90 94 21 32 60 61 88 60 15 60 89 29 26 96 50 27 7 68 36 26 60 71 13 91 ]
[ 46 99 20 43 92 5 2 82 0 23 14 60 84 54 72 52 15 61 81 93 9 83 72 16 4 61 94 64 32 7 8 78 59 28 21 51 34 75 86 86 99 52 46 35 7 70 87 74 83 20 ]
[ 67 92 4 91 8 60 52 54 24 37 13 32 15 72 13 89 76 99 16 14 85 15 66 83 51 73 53 90 99 36 11 66 80 67 58 88 27 62 94 3 99 7 88 67 80 1 56 8 52 72 ]
[ 22 89 40 40 72 43 66 77 33 65 65 96 84 45 63 94 85 42 56 79 46 56 86 86 23 18 39 31 78 91 55 0 80 95 93 4 90 59 81 24 24 46 72 8 91 36 2 28 30 59 ]
[ 7 76 67 93 14 90 12 53 21 90 44 28 43 76 76 36 80 66 95 61 42 71 59 15 80 2 51 34 30 33 45 37 10 12 31 24 2 95 30 75 37 74 4 32 3 80 68 83 46 15 ]
[ 97 89 39 8 56 71 11 7 5 41 40 51 31 2 63 14 79 18 61 61 93 98 35 49 31 90 81 51 26 28 19 23 69 58 31 25 29 94 84 34 88 76 37 19 31 53 85 62 71 46 ]
[ 23 16 44 10 66 27 1 47 79 27 27 98 2 48 56 85 25 37 80 9 71 20 38 61 39 69 14 24 83 85 70 6 1 66 16 19 94 69 19 73 48 46 23 50 47 31 36 72 68 68 ]
[ 82 91 88 72 52 79 93 66 55 76 3 77 34 5 95 2 76 89 72 95 14 20 94 37 23 41 20 11 13 88 79 47 80 19 19 32 50 64 51 57 92 54 86 26 11 81 29 88 23 53 ]
[ 35 37 25 29 27 48 22 47 59 36 88 90 35 68 61 7 52 11 71 3 20 64 10 6 42 21 88 23 61 63 76 49 0 2 30 79 2 53 79 62 41 67 52 76 87 66 83 39 29 55 ]
[ 95 50 71 5 8 65 78 48 89 40 11 65 89 64 19 19 43 22 24 74 84 65 41 88 42 80 54 25 20 36 32 67 86 55 72 94 21 2 43 10 42 54 27 83 18 99 55 14 21 79 ]
[ 88 57 45 82 97 39 62 4 16 34 40 49 53 26 56 77 72 29 80 15 91 22 22 19 58 92 18 65 6 91 44 47 0 41 29 97 32 43 53 49 30 93 50 83 71 6 61 44 88 41 ]
[ 11 79 15 85 98 25 78 68 90 36 11 87 83 11 80 64 61 13 60 14 62 90 8 64 73 31 22 86 75 10 79 39 90 95 24 40 20 54 9 63 43 72 50 26 84 30 43 45 95 3 ]
[ 11 9 45 19 73 70 51 96 57 78 6 36 69 96 83 94 37 56 0 98 19 43 70 21 22 6 51 65 3 99 20 15 8 65 34 82 35 37 78 44 68 36 33 37 85 16 83 74 72 36 ]
[ 24 43 79 94 64 53 53 68 70 56 67 90 71 75 7 58 57 95 47 87 39 15 76 24 5 61 41 88 35 65 24 11 61 56 5 25 9 10 45 80 67 12 22 38 40 30 48 49 25 96 ]
[ 89 16 63 65 41 68 26 34 9 13 51 85 76 12 41 81 90 3 92 87 35 11 52 57 1 92 39 50 93 64 98 82 33 61 47 74 82 25 60 91 90 11 76 66 76 70 0 18 73 44 ]
[ 5 60 55 57 17 56 49 57 58 43 73 56 77 58 18 25 32 0 50 44 43 93 56 19 59 84 41 11 2 14 55 7 26 10 65 44 19 66 53 77 61 78 34 39 37 4 64 21 56 66 ]
[ 66 99 11 74 18 71 58 60 82 12 26 90 19 53 0 36 49 71 3 54 49 64 84 35 55 73 91 19 47 47 38 65 46 49 91 16 72 1 28 7 13 7 97 32 12 49 69 61 73 24 ]
[ 67 74 40 3 9 96 29 0 67 76 47 57 93 45 7 84 61 31 85 90 90 98 49 87 82 61 89 3 74 62 79 41 88 20 96 97 68 25 49 35 53 48 93 46 93 52 30 6 35 67 ]

Timer (generate): 660ms real	620ms user	40ms sys
[ 8 56 50 83 61 66 12 25 93 95 16 79 26 71 78 85 67 58 26 28 37 15 35 80 85 31 54 47 46 94 96 7 3 46 42 64 64 6 41 57 1 58 36 79 81 66 64 0 76 90 ]
[ 28 13 58 16 46 95 99 52 42 45 46 38 4 1 36 46 65 0 53 59 9 54 17 97 34 50 64 98 50 92 41 30 58 51 98 4 46 97 56 89 95 54 79 99 56 16 98 73 68 51 ]
[ 32 78 57 1 75 43 51 91 94 53 84 87 36 42 38 34 98 84 84 6 25 79 12 5 30 68 73 28 94 93 31 78 71 89 80 99 84 83 42 78 89 78 65 25 72 3 59 70 40 95 ]
[ 28 65 74 41 22 5 61 47 85 7 41 17 86 64 58 18 15 42 1 58 73 42 36 38 67 9 94 79 31 34 74 60 51 1 53 74 58 66 21 43 74 14 12 12 79 70 30 94 65 83 ]
[ 52 38 26 41 76 93 50 22 24 81 56 99 93 8 0 98 34 58 65 55 53 39 22 66 51 1 36 33 47 1 16 52 39 94 93 68 88 95 90 12 28 99 63 22 59 15 20 93 73 37 ]
[ 0 27 76 22 93 79 75 81 12 23 83 81 75 74 75 68 42 15 15 85 80 43 84 43 65 43 59 38 88 84 75 88 11 4 63 56 83 38 38 48 61 73 29 88 99 56 8 94 72 23 ]
[ 79 52 67 15 47 84 10 58 22 98 43 50 38 6 6 1 63 89 92 53 89 5 78 70 94 29 27 54 23 51 78 2 55 97 69 2 81 79 61 56 29 4 58 68 62 64 21 25 5 13 ]
[ 30 95 19 60 17 13 90 96 67 13 47 97 68 2 94 37 57 28 69 70 36 98 74 94 18 36 10 40 14 15 53 96 62 72 9 80 37 51 76 57 64 76 54 84 30 1 74 87 81 95 ]
[ 57 17 93 83 63 12 72 73 52 38 88 5 86 3 30 95 83 67 46 11 24 63 87 31 99 18 84 73 57 65 68 15 34 14 50 97 78 22 70 82 60 10 39 99 13 69 94 48 89 41 ]
[ 60 13 56 99 96 55 69 80 81 27 45 1 94 31 67 44 28 45 19 50 27 31 13 19 30 26 88 25 75 77 18 87 43 26 86 91 81 56 72 14 35 69 16 29 1 83 25 29 81 44 ]
[ 32 60 76 45 79 58 23 68 35 50 97 53 37 92 31 76 84 13 84 56 79 19 77 95 48 78 31 25 60 12 70 92 72 98 89 4 56 12 72 92 63 21 97 52 14 29 28 50 94 12 ]
[ 58 73 83 35 21 31 66 4 9 26 16 79 70 40 77 11 96 85 23 68 29 86 42 27 39 8 8 19 58 2 32 16 27 15 51 0 99 69 4 8 47 72 39 17 65 68 80 61 5 4 ]
[ 82 35 42 24 14 33 32 22 53 90 76 37 58 55 4 61 56 55 31 60 15 78 85 6 48 50 74 28 11 80 84 93 67 27 69 81 12 1 3 65 43 31 54 1 86 11 63 94 66 46 ]
[ 55 34 24 92 40 24 42 67 53 5 47 89 99 14 68 20 47 81 22 2 98 17 33 53 71 71 16 34 66 34 32 73 68 56 65 9 33 7 28 38 12 75 27 63 41 96 36 40 77 10 ]
[ 42 75 27 27 80 98 98 48 84 64 83 16 89 51 25 54 12 58 13 40 96 78 67 23 93 60 71 29 0 0 39 42 28 19 69 8 17 20 57 54 36 92 70 26 43 47 32 8 5 46 ]
[ 0 53 76 68 29 69 80 0 51 81 1 90 75 29 9 45 89 79 65 98 33 53 90 55 79 86 3 12 46 60 10 46 14 86 66 43 55 47 95 6 28 48 49 3 77 10 0 19 41 17 ]
[ 69 74 71 60 82 50 98 85 14 44 45 24 42 11 10 9 54 18 56 2 76 36 50 77 39 80 88 92 99 29 9 68 56 32 80 38 35 30 75 49 74 72 26 17 84 36 78 90 6 34 ]
[ 92 83 70 43 60 61 23 0 53 74 30 15 42 38 99 75 28 34 5 3 36 32 27 62 1 11 50 79 54 57 65 46 92 35 41 52 48 16 5 54 42 87 21 37 25 20 12 53 7 17 ]
[ 8 43 1 35 57 2 99 7 81 53 16 46 51 8 33 45 13 82 13 18 88 56 5 9 93 82 81 57 87 88 26 95 83 28 82 40 30 81 0 12 86 16 10 90 25 44 35 90 78 48 ]
[ 8 66 56 65 27 49 47 8 6 34 49 85 81 32 13 15 25 43 97 25 7 35 41 18 25 18 14 12 8 44 61 16 62 69 81 41 71 80 49 29 66 50 14 99 83 27 15 60 71 64 ]

