Timer (generate): 391ms real	360ms user	30ms sys
[ 53 10 25 8 84 63 52 67 31 66 96 13 55 15 96 33 68 73 96 94 1 97 97 2 23 82 80 50 2 51 37 55 13 14 15 97 77 68 16 60 34 12 73 89 80 21 23 48 47 71 ]
[ 94 48 20 92 50 43 74 30 45 28 34 34 83 47 1 50 97 30 18 65 91 4 78 64 94 58 86 69 58 85 40 52 33 13 96 36 8 22 18 54 50 4 40 85 4 93 36 1 24 6 ]
[ 66 15 11 96 31 57 6 69 26 16 54 18 21 88 31 69 76 40 92 94 46 94 51 38 80 55 32 16 56 56 22 74 23 85 23 54 42 81 24 68 98 78 39 71 18 22 40 46 62 84 ]
[ 93 60 79 44 99 59 99 83 27 7 91 1 33 66 87 8 20 81 90 96 50 40 27 41 11 97 63 3 44 78 88 37 38 19 33 89 78 32 24 57 91 67 10 24 33 97 33 54 31 75 ]
[ 2 33 15 29 74 78 79 89 33 23 67 21 12 58 40 97 99 70 29 24 79 72 91 90 96 25 39 81 31 70 56 85 3 23 15 77 1 46 67 35 21 86 8 33 44 1 82 44 71 63 ]
[ 20 51 35 11 41 83 88 80 65 71 3 73 57 6 97 24 84 98 70 3 85 91 89 94 76 34 47 58 30 70 21 50 21 8 13 14 91 2 47 56 73 50 30 82 8 79 6 92 29 28 ]
[ 47 15 19 37 61 47 23 8 57 53 78 30 55 52 38 68 18 30 22 17 38 48 19 20 30 28 99 37 72 29 17 20 96 89 9 57 36 32 17 94 37 47 76 92 51 15 12 70 45 35 ]
[ 87 35 83 59 56 13 87 55 2 59 36 20 79 32 9 88 89 97 72 58 43 9 6 20 53 9 35 66 79 32 1 19 67 36 78 23 49 17 31 4 76 67 24 8 0 85 96 41 34 21 ]
[ 0 78 30 58 98 36 67 33 54 99 17 7 70 84 43 0 60 92 17 91 48 45 58 24 53 10 9 2 52 44 23 4 74 5 14 72 41 33 57 47 32 74 54 54 10 97 6 70 42 75 ]
[ 61 90 21 72 15 26 82 76 28 86 72 51 90 46 9 4 18 2 90 27 50 22 53 4 29 64 54 35 86 96 11 0 86 84 72 53 10 6 30 39 45 2 42 87 49 3 44 19 6 34 ]
[ 99 8 56 52 64 37 16 18 73 3 14 36 3 53 20 27 6 30 85 36 21 30 91 16 18 92 19 62 11 25 96 10 85 4 15 50 42 31 68 67 86 83 3 89 88 75 68 94 57 54 ]
[ 83 79 84 74 95 54 18 14 16 81 92 64 44 77 69 59 27 63 90 48 30 29 31 85 70 71 60 39 65 17 45 0 48 81 26 43 36 44 10 4 26 54 69 70 31 38 29 11 1 71 ]
[ 59 83 0 42 68 71 13 80 10 30 97 7 31 98 88 57 93 24 2 3 29 80 9 98 50 41 88 31 4 41 2 15 76 3 57 44 26 22 24 88 52 73 95 35 23 83 93 17 8 47 ]
[ 72 89 27 82 39 29 75 27 60 79 20 14 46 96 17 55 92 95 77 68 83 81 93 78 69 17 14 62 34 22 61 6 63 40 40 2 21 15 81 33 94 53 47 92 49 17 47 93 12 24 ]
[ 61 96 58 54 26 27 23 40 41 9 14 54 68 77 94 8 31 67 24 12 0 70 65 47 63 66 16 10 59 29 87 72 77 45 79 3 24 2 96 65 12 10 19 80 40 65 88 71 84 64 ]
[ 36 84 35 1 83 98 20 0 8 31 29 95 4 58 92 35 13 16 37 9 81 1 20 52 33 12 69 74 83 53 38 19 37 25 73 73 23 45 73 32 76 54 79 32 12 72 19 25 88 57 ]
[ 35 22 10 7 26 96 71 96 70 54 49 60 26 39 86 51 12 9 96 37 93 24 91 25 9 55 97 28 80 37 37 67 11 48 26 38 44 97 86 66 4 35 26 30 26 12 33 90 74 29 ]
[ 27 19 53 18 44 14 25 93 43 6 83 80 25 94 28 4 84 24 1 70 90 57 58 17 39 84 81 72 75 7 1 2 27 7 73 71 21 98 65 64 56 48 45 34 94 25 38 79 50 39 ]
[ 49 92 49 7 9 88 44 43 61 19 50 62 73 77 21 46 1 43 97 66 59 53 66 56 87 60 82 25 91 84 17 93 76 66 52 38 54 96 33 15 15 83 30 41 13 3 87 14 46 36 ]
[ 32 58 90 50 14 29 10 48 7 54 84 76 47 13 94 99 51 48 96 84 16 63 19 98 4 84 1 44 98 0 80 82 58 22 32 24 4 95 25 11 49 9 39 96 22 33 47 25 81 43 ]

Timer (sort): 207979ms real	207960ms user	0ms sys
The output is sorted!
[ 3 47 2 14 59 36 68 23 55 9 7 17 30 23 58 4 86 12 49 58 1 43 17 40 35 58 22 25 20 2 40 75 2 94 41 13 82 9 36 37 18 43 7 0 18 17 5 4 30 54 ]
[ 3 35 45 32 35 35 83 31 28 14 2 23 17 90 13 5 53 0 63 58 23 25 73 15 0 94 10 8 48 52 13 3 39 10 35 26 98 18 10 26 85 12 1 2 2 14 59 8 67 22 ]
[ 27 73 64 32 9 16 3 1 77 40 56 43 11 78 0 0 54 60 53 7 67 12 15 61 6 10 17 5 42 3 17 21 76 34 5 38 50 8 39 27 1 95 22 12 25 74 12 32 34 17 ]
[ 14 24 31 41 6 37 55 56 32 7 14 61 2 99 48 13 1 28 19 18 1 84 51 12 63 29 14 19 7 12 1 73 36 32 14 43 21 21 51 6 28 65 67 31 65 16 44 18 44 15 ]
[ 34 2 11 6 30 85 10 0 26 76 35 33 48 60 23 55 39 26 11 17 29 64 26 6 75 38 3 72 34 16 59 20 18 23 26 0 8 36 1 34 65 36 20 13 48 43 20 88 21 31 ]
[ 13 44 21 42 52 2 22 24 21 0 72 35 38 91 62 34 72 40 59 10 56 22 7 13 9 32 38 14 41 3 28 7 99 49 1 4 3 23 28 24 24 0 59 62 43 22 48 15 14 59 ]
[ 30 39 37 8 12 47 50 12 9 2 76 3 0 4 45 8 93 54 23 12 26 7 28 1 10 57 2 29 67 40 27 98 31 17 6 44 16 9 8 77 11 36 32 11 41 29 72 34 83 95 ]
[ 0 28 89 77 23 0 42 22 19 69 37 17 38 4 47 25 98 45 13 10 23 48 18 42 56 24 16 45 17 33 1 17 13 42 46 36 42 89 11 13 10 0 31 0 4 30 78 54 27 43 ]
[ 10 99 4 25 26 40 25 2 16 35 9 10 6 58 43 9 8 20 41 11 36 58 62 57 37 18 79 11 3 24 11 65 23 15 90 1 7 15 4 24 3 65 86 61 23 29 70 83 49 11 ]
[ 74 17 1 13 75 70 28 1 58 6 36 16 41 9 19 3 8 13 3 53 2 34 62 81 16 34 92 12 4 9 16 30 26 69 43 2 39 23 55 49 30 43 18 23 52 37 78 12 3 81 ]
[ 47 10 4 36 98 33 28 27 57 41 27 51 8 34 33 29 55 31 12 44 21 7 13 9 85 79 49 94 12 66 7 11 29 11 0 27 44 28 54 1 22 33 4 30 20 38 11 75 21 23 ]
[ 14 5 31 34 74 16 36 76 72 93 27 64 27 30 34 20 47 1 11 10 44 2 6 1 28 69 9 3 36 76 29 50 33 13 84 8 29 20 36 53 65 16 17 44 46 3 16 46 4 27 ]
[ 29 3 8 33 21 10 75 14 31 6 50 43 1 21 49 29 3 14 59 5 86 10 50 47 85 2 28 15 82 38 8 11 41 68 44 14 78 19 80 62 77 30 57 31 4 6 12 7 20 23 ]
[ 30 5 55 1 0 20 21 47 4 48 14 50 50 39 4 44 8 25 91 0 15 96 5 62 46 41 11 67 65 67 21 47 24 29 0 24 49 21 24 5 69 38 55 71 29 11 15 38 36 6 ]
[ 9 53 0 8 26 5 10 6 14 17 24 75 34 37 5 40 47 22 32 34 58 58 41 37 90 60 11 21 29 0 43 39 5 95 99 31 0 10 89 66 79 13 41 14 2 47 6 2 21 38 ]
[ 46 36 32 28 53 11 17 94 51 37 26 9 4 53 64 23 5 18 35 12 7 69 51 27 37 17 50 22 11 32 17 57 21 2 37 74 13 54 20 16 44 46 26 48 0 42 23 57 61 11 ]
[ 30 17 73 27 43 4 21 12 3 53 64 2 48 24 3 40 29 46 77 34 90 1 23 29 38 27 11 61 20 12 28 2 82 1 29 25 6 3 89 9 56 5 63 4 29 66 45 10 65 74 ]
[ 8 8 25 5 40 90 2 46 73 31 16 72 63 69 59 13 27 38 82 76 0 64 5 7 28 25 3 18 1 8 37 62 16 14 19 9 4 21 7 30 5 24 54 68 93 13 34 72 3 68 ]
[ 60 29 44 1 96 43 21 21 7 39 14 23 8 2 64 3 47 14 39 46 19 4 48 16 44 29 18 6 75 52 34 36 81 30 37 78 26 10 51 33 2 65 8 10 19 25 65 19 91 4 ]
[ 72 98 27 90 9 37 40 6 17 41 33 14 2 32 14 41 23 51 13 16 69 20 27 50 22 74 9 14 3 8 13 27 6 41 17 67 30 58 25 47 51 58 14 5 43 28 46 66 32 11 ]

Timer (generate): 377ms real	340ms user	20ms sys
[ 32 40 91 51 31 36 60 89 53 97 23 47 48 10 88 97 35 66 0 41 36 43 30 6 95 29 59 12 75 58 92 59 50 83 62 81 71 75 70 24 72 93 72 20 56 12 70 43 30 70 ]
[ 84 66 66 67 72 61 96 32 25 23 42 18 82 93 1 45 74 25 20 97 49 44 90 73 65 98 37 87 41 67 57 78 34 75 45 58 36 93 42 62 17 85 80 51 30 33 96 56 58 68 ]
[ 53 60 13 96 85 30 94 23 17 88 90 26 66 24 54 63 35 42 56 77 4 73 14 36 25 96 22 73 53 32 94 6 92 59 54 30 41 49 53 58 89 95 36 55 72 90 18 7 33 26 ]
[ 84 89 52 51 78 77 47 52 2 0 84 96 59 29 7 13 11 48 14 64 58 3 11 47 10 83 89 80 90 74 7 27 16 59 78 94 88 77 98 42 78 34 91 89 15 98 54 26 47 69 ]
[ 90 5 24 54 4 35 37 94 15 80 68 74 7 84 33 37 30 73 14 28 16 44 63 7 33 78 5 40 57 4 9 99 62 85 53 66 20 91 60 88 71 29 62 30 65 48 67 96 21 33 ]
[ 76 37 78 91 96 63 22 2 3 79 58 64 78 20 50 32 87 22 75 99 10 46 80 25 28 46 73 95 94 46 80 70 36 10 62 32 74 36 86 29 15 45 46 93 65 48 77 4 70 52 ]
[ 4 33 50 36 10 78 82 83 25 76 81 6 99 17 16 13 50 42 49 36 72 64 33 70 9 51 18 87 55 40 39 11 73 42 48 35 20 82 18 98 11 52 4 10 69 72 23 19 67 24 ]
[ 8 91 88 93 61 97 44 79 36 52 19 76 15 45 70 15 80 90 98 51 88 61 3 44 23 24 69 98 96 36 22 4 27 62 49 88 59 94 67 96 98 38 24 13 35 94 29 16 36 79 ]
[ 19 25 92 74 21 15 98 90 65 94 26 87 50 53 49 52 41 60 46 60 8 96 51 32 9 86 78 90 54 15 21 25 92 13 99 65 80 50 56 45 96 34 84 99 88 33 51 81 46 49 ]
[ 94 54 45 45 87 6 83 17 49 38 84 22 63 76 88 15 42 68 17 50 66 13 84 2 12 72 36 15 6 34 64 0 88 9 97 27 68 80 45 17 70 29 91 34 58 79 1 52 0 18 ]
[ 2 66 83 86 68 48 11 56 63 69 90 80 21 31 41 18 58 9 50 55 78 21 85 70 7 95 49 8 47 49 78 49 67 13 87 88 13 50 44 77 19 87 9 40 18 50 10 28 60 61 ]
[ 84 90 82 21 12 41 16 14 1 63 15 31 64 83 44 51 71 58 54 67 87 73 6 96 66 76 46 76 5 58 37 89 1 71 62 13 12 78 27 13 93 95 44 57 78 41 60 1 51 14 ]
[ 20 38 40 27 86 6 3 84 34 60 95 72 1 96 95 63 61 60 93 41 25 86 36 70 95 66 63 8 19 14 74 39 4 14 18 42 72 74 78 7 34 73 31 36 21 78 51 35 38 45 ]
[ 76 64 83 64 86 31 30 1 39 49 15 13 40 71 80 59 13 4 33 91 63 19 17 46 55 38 77 59 25 15 56 1 31 39 17 69 70 47 70 61 48 85 27 89 8 59 0 21 63 33 ]
[ 65 79 52 82 25 60 72 2 71 98 70 27 51 53 18 69 23 41 68 93 2 17 31 81 58 39 40 58 13 56 43 30 35 95 64 12 7 36 67 78 86 37 5 90 42 76 59 65 17 79 ]
[ 11 71 96 42 53 6 33 93 64 98 1 7 28 36 55 92 49 62 81 68 93 19 5 98 9 99 26 20 65 43 0 76 67 48 70 20 55 55 65 71 54 67 79 82 55 86 27 56 48 8 ]
[ 24 41 79 81 92 89 81 18 9 46 14 9 74 81 58 96 53 65 51 70 36 57 89 67 40 45 53 19 1 54 79 26 47 58 59 91 47 40 62 9 38 28 18 64 61 28 60 14 45 64 ]
[ 36 82 21 26 1 13 23 55 32 76 61 11 54 60 22 14 52 69 54 14 78 45 42 49 9 3 29 70 69 75 86 57 9 7 83 10 21 58 17 5 35 30 69 89 91 91 55 43 12 10 ]
[ 9 43 7 3 44 16 6 73 38 27 0 24 84 61 84 20 24 57 78 41 62 65 72 83 55 15 74 10 58 39 72 19 82 79 22 26 48 28 51 86 7 4 63 91 65 47 11 89 56 42 ]
[ 83 70 7 7 54 14 22 80 25 32 19 49 51 53 81 73 31 29 53 35 67 60 39 82 3 56 81 67 46 37 9 81 8 16 88 62 31 62 94 8 94 14 9 97 19 42 70 51 23 75 ]

Timer (sort): 209468ms real	209450ms user	0ms sys
The output is sorted!
[ 49 1 26 42 24 31 23 19 5 35 54 6 34 0 47 39 44 3 56 3 36 15 6 16 18 5 14 16 0 60 9 2 13 35 96 38 67 71 9 24 7 15 82 93 15 29 85 12 32 41 ]
[ 35 80 20 1 44 29 6 5 19 17 65 2 37 10 17 6 16 20 98 26 40 5 97 47 17 25 26 28 48 81 36 36 14 9 37 10 38 43 16 9 13 81 12 50 43 29 8 59 1 6 ]
[ 20 20 2 0 5 23 31 38 11 12 47 21 2 48 96 24 90 90 15 5 43 21 63 3 0 72 50 7 41 38 39 13 59 42 66 16 17 49 6 28 13 5 2 16 6 50 92 96 40 8 ]
[ 9 35 87 58 21 0 38 37 52 10 13 19 14 62 18 44 77 12 79 8 12 30 23 9 17 10 6 10 3 51 63 13 38 51 23 11 51 14 0 3 24 14 74 39 76 92 35 6 57 66 ]
[ 23 3 1 40 31 31 16 8 0 31 42 71 58 24 71 91 11 27 37 62 49 30 18 10 17 62 4 16 39 25 53 14 29 54 6 12 38 22 20 38 6 14 61 16 90 33 8 1 60 97 ]
[ 11 29 32 37 5 44 11 14 37 77 22 10 73 16 15 41 32 0 55 71 41 5 80 34 34 3 31 65 56 15 15 67 44 47 5 1 43 68 16 33 45 38 43 18 6 10 11 39 10 66 ]
[ 53 4 19 26 2 41 24 15 55 1 21 7 11 24 10 77 79 75 17 26 46 40 46 49 4 6 68 41 53 67 2 58 24 73 36 26 15 12 42 22 13 63 29 76 39 39 5 19 14 22 ]
[ 39 6 4 37 2 81 56 49 3 19 19 5 17 10 34 92 19 1 54 4 53 2 9 32 50 8 5 97 49 13 20 88 71 76 77 25 9 85 74 12 56 46 17 26 8 3 18 27 5 24 ]
[ 12 3 7 30 33 83 58 31 43 11 3 26 25 8 7 6 29 36 26 48 14 92 75 56 16 24 23 1 40 34 93 52 37 0 34 23 83 44 6 26 56 10 4 33 18 63 92 47 0 18 ]
[ 13 58 50 41 38 34 48 5 17 6 30 29 14 38 31 1 9 47 13 53 48 4 44 83 81 77 8 5 8 73 31 22 83 33 15 22 19 15 27 36 21 9 18 35 48 1 88 9 48 54 ]
[ 62 4 37 20 47 56 48 42 56 5 31 7 55 34 88 19 8 19 24 41 51 44 20 7 4 50 24 10 23 43 5 85 0 42 6 47 50 6 41 59 11 72 66 18 7 54 38 15 25 14 ]
[ 14 51 15 89 3 73 78 30 0 26 19 58 27 0 55 6 49 0 37 9 68 7 35 55 42 3 17 7 15 4 86 30 55 53 19 10 26 49 40 78 28 11 37 55 12 44 13 61 44 2 ]
[ 4 13 14 9 3 35 12 1 11 11 20 33 73 0 7 42 30 16 59 12 49 13 0 28 36 80 1 54 55 95 6 11 8 20 20 12 55 84 65 66 96 85 0 21 38 59 15 20 75 74 ]
[ 17 7 49 64 17 93 35 51 36 8 0 48 38 64 8 3 61 1 12 22 60 0 43 45 26 12 35 20 27 27 9 44 34 10 8 3 3 95 7 92 55 7 40 93 24 0 48 85 1 61 ]
[ 2 82 43 84 37 12 50 43 45 72 2 37 10 57 10 86 10 39 0 57 17 95 32 18 57 40 7 74 17 40 19 20 23 14 56 12 26 6 7 23 30 9 12 40 18 23 26 28 62 27 ]
[ 9 81 34 40 77 10 70 27 3 24 22 18 55 24 18 1 19 4 46 19 17 43 21 24 24 63 68 35 68 14 21 29 96 7 21 25 17 92 4 20 68 26 90 23 50 8 24 21 13 23 ]
[ 44 11 14 16 63 1 42 8 26 83 17 2 87 18 21 56 28 21 91 0 35 33 93 19 47 50 63 27 10 0 11 7 12 78 23 27 79 17 35 5 1 4 7 88 22 80 44 3 1 87 ]
[ 16 0 61 7 54 85 27 53 16 84 9 45 34 28 38 14 4 96 35 8 78 51 55 40 91 17 24 1 41 3 9 9 55 22 69 9 8 48 14 24 32 23 22 18 3 60 32 59 8 19 ]
[ 0 48 66 69 25 29 54 13 42 32 6 0 9 20 0 43 68 62 12 4 42 7 41 85 64 6 27 1 90 62 24 43 10 42 12 87 24 19 1 18 3 59 19 13 79 71 56 0 33 20 ]
[ 17 76 86 17 5 25 8 47 45 25 21 61 51 0 77 11 98 17 25 47 40 3 15 41 8 54 1 21 76 70 2 45 46 88 15 4 13 23 3 11 0 25 24 52 25 1 63 75 18 40 ]

Timer (generate): 379ms real	350ms user	10ms sys
[ 35 97 23 79 74 94 94 33 57 57 60 12 79 19 21 28 55 58 59 3 20 75 97 29 25 87 16 34 3 24 66 91 73 89 70 47 35 64 80 93 73 40 5 53 59 78 33 66 36 44 ]
[ 21 9 19 19 38 44 58 54 31 14 30 49 5 3 90 75 50 26 92 82 19 65 74 76 70 85 7 55 51 95 0 73 4 19 44 94 16 54 49 99 68 31 0 73 87 90 1 89 16 93 ]
[ 72 87 10 98 16 33 84 75 88 87 70 40 12 27 12 8 73 80 63 74 31 31 6 31 5 45 21 6 34 90 51 58 29 61 57 97 46 93 72 87 32 95 27 45 74 91 53 47 71 16 ]
[ 22 54 0 28 85 5 25 59 63 59 49 14 70 30 27 27 28 74 72 0 61 4 95 40 1 69 32 55 69 55 23 91 10 23 71 47 80 96 6 95 7 7 9 77 38 89 56 66 15 28 ]
[ 66 76 33 14 68 86 35 52 93 4 8 69 47 70 44 18 17 25 66 76 72 74 83 82 51 21 23 8 87 38 88 6 66 73 72 34 60 59 39 53 16 47 22 63 69 67 34 38 44 0 ]
[ 14 16 74 98 50 78 71 73 38 11 63 26 17 29 0 41 16 12 0 55 65 16 54 40 80 23 7 14 13 3 66 28 19 93 78 22 71 1 95 61 12 59 87 81 40 39 22 56 51 23 ]
[ 63 69 91 17 61 71 92 20 37 6 23 56 86 94 49 16 16 72 17 12 33 30 23 72 11 15 12 86 24 15 61 87 36 52 5 97 76 97 17 65 55 40 21 41 87 70 57 3 42 27 ]
[ 67 27 57 42 0 20 58 64 6 82 31 19 69 68 72 26 17 48 76 35 13 31 27 35 25 14 57 82 18 52 9 85 79 18 28 31 91 38 47 49 20 79 69 41 47 41 68 64 41 96 ]
[ 51 54 27 79 41 52 45 51 87 63 55 48 1 86 67 81 18 58 19 65 7 91 96 28 84 43 69 4 60 10 0 63 17 28 94 10 32 40 61 19 55 16 68 56 3 35 89 73 45 60 ]
[ 90 4 51 87 33 88 82 54 92 42 65 93 58 34 21 52 44 5 92 6 25 48 74 93 56 29 80 46 2 77 6 45 33 10 32 66 98 14 21 42 9 38 35 67 72 8 19 68 14 64 ]
[ 26 39 12 1 84 20 82 16 66 37 93 25 82 26 87 14 45 37 80 18 79 89 8 67 8 32 75 80 0 41 44 27 32 8 80 16 28 62 32 47 99 77 24 33 4 11 47 1 0 80 ]
[ 19 79 69 27 46 30 59 74 10 11 67 6 38 0 14 70 16 94 33 1 93 84 30 69 18 86 32 17 87 32 97 58 64 19 85 62 49 96 36 59 8 56 17 98 56 83 69 24 29 54 ]
[ 77 23 90 8 44 8 94 77 78 82 9 75 92 73 46 78 88 95 26 76 6 86 32 23 37 88 6 58 13 36 12 90 11 2 98 55 63 45 32 41 79 94 68 71 19 15 1 7 62 28 ]
[ 84 69 66 68 44 55 57 51 13 22 39 25 12 2 80 63 9 43 60 42 36 39 88 56 10 59 23 12 67 86 92 3 7 10 71 51 66 80 54 79 2 45 57 67 47 89 82 57 32 42 ]
[ 51 20 81 39 28 43 50 52 7 17 38 51 72 97 62 96 48 80 76 3 59 79 48 68 46 48 57 80 5 41 22 8 61 55 99 42 50 49 94 58 19 84 9 91 81 23 87 81 3 64 ]
[ 84 63 95 85 83 93 85 41 73 90 82 47 98 96 2 97 38 4 98 84 62 17 68 24 9 1 47 48 82 51 64 19 66 59 56 1 4 41 42 77 83 77 24 33 25 78 82 15 35 80 ]
[ 99 97 98 19 73 59 20 73 7 54 76 72 73 42 83 81 43 88 22 38 17 57 15 42 90 92 72 72 7 7 5 6 57 3 77 82 14 49 55 21 3 31 45 29 25 29 10 21 69 85 ]
[ 59 86 42 26 80 85 18 5 9 77 64 14 83 73 69 12 56 83 61 11 57 64 95 2 45 20 83 56 41 4 93 52 91 87 30 23 72 0 28 82 77 93 48 12 66 18 24 74 53 85 ]
[ 86 10 2 81 65 99 53 0 55 95 5 0 99 48 88 30 71 60 30 52 94 60 97 43 72 63 13 49 90 66 86 76 29 40 9 46 40 14 46 47 9 51 48 61 51 36 91 23 48 73 ]
[ 75 95 33 24 90 58 39 3 7 29 21 45 57 50 86 18 96 26 33 95 73 42 98 21 55 50 9 46 25 10 72 52 5 57 76 47 15 15 50 74 45 23 20 2 74 58 21 22 84 54 ]

Timer (sort): 210493ms real	210430ms user	10ms sys
The output is sorted!
[ 39 61 7 50 19 16 41 2 31 72 14 18 33 36 16 7 21 34 83 26 14 21 35 5 66 6 86 76 2 16 55 42 77 15 44 48 31 38 2 15 10 17 33 43 5 2 2 26 36 37 ]
[ 20 69 12 28 16 48 3 77 62 42 6 52 11 19 23 84 17 49 2 37 21 51 2 64 24 10 1 8 4 39 47 24 61 59 5 29 60 8 6 74 2 13 78 13 84 2 49 1 3 51 ]
[ 33 70 32 2 93 40 6 90 6 22 46 55 8 22 88 82 2 49 10 45 18 45 15 27 0 43 8 37 29 0 24 15 70 8 17 15 0 23 5 6 97 3 61 58 26 1 40 28 2 50 ]
[ 60 26 11 15 60 35 6 3 33 32 64 18 64 13 17 95 37 12 42 9 51 10 42 14 8 6 3 9 94 11 59 55 89 22 22 49 9 29 5 42 13 69 12 77 34 29 24 24 42 19 ]
[ 7 51 37 68 0 12 26 26 26 5 32 42 22 25 14 95 4 36 55 10 16 59 14 84 41 17 7 30 37 64 78 96 15 15 17 15 80 43 42 58 0 26 1 22 52 67 17 8 3 24 ]
[ 49 52 83 6 18 35 12 50 28 18 38 6 31 38 16 16 63 65 2 45 40 83 94 33 39 31 23 68 28 50 8 29 3 43 36 21 30 0 23 10 18 62 17 1 0 33 17 63 50 20 ]
[ 42 87 23 5 0 2 48 61 12 90 29 27 21 21 26 91 27 36 13 32 20 83 2 41 59 71 19 45 21 27 22 16 15 46 21 67 0 21 28 12 12 9 39 33 31 17 24 10 53 89 ]
[ 49 22 4 78 46 2 16 29 42 23 81 28 54 38 57 6 17 38 3 33 84 16 26 7 79 1 25 48 16 29 45 66 3 50 44 1 4 12 31 98 35 12 26 41 2 36 48 19 74 3 ]
[ 47 35 6 40 16 0 10 39 24 73 99 60 1 8 91 65 32 3 18 7 66 30 25 5 32 44 52 12 16 16 74 15 3 32 56 20 32 18 11 9 92 10 21 45 70 12 62 3 67 33 ]
[ 89 19 68 64 45 14 60 51 12 11 0 7 25 8 0 6 33 31 34 42 79 25 39 7 73 0 71 7 12 29 5 53 0 73 70 98 39 30 49 3 42 1 62 19 10 15 26 43 46 12 ]
[ 70 30 16 91 16 1 16 10 54 13 20 22 4 14 4 19 18 5 19 83 63 43 47 82 5 6 10 42 11 85 33 34 15 2 25 31 3 42 94 9 55 14 31 11 29 36 82 99 93 2 ]
[ 84 56 28 53 21 75 31 2 1 10 49 10 4 4 42 12 3 38 29 11 0 86 66 69 20 33 8 32 98 25 9 34 33 38 40 55 13 23 9 66 33 58 76 38 14 70 2 18 8 31 ]
[ 96 33 9 3 34 59 63 19 23 10 35 50 72 19 13 94 4 57 15 9 71 12 13 0 23 11 22 76 47 9 4 43 42 13 99 76 25 14 48 0 24 83 3 49 2 16 43 58 25 10 ]
[ 82 22 62 40 59 20 1 8 30 25 20 83 27 20 24 69 1 4 17 97 54 0 39 27 12 53 20 74 36 34 45 70 8 7 10 67 80 11 27 10 36 0 46 15 20 22 37 74 27 6 ]
[ 49 4 55 80 25 96 1 45 4 43 59 48 32 13 42 85 67 15 3 4 44 33 60 20 21 64 1 29 53 2 5 2 6 12 34 32 8 35 29 64 30 40 13 62 53 7 0 72 74 3 ]
[ 22 59 26 34 50 40 85 9 33 13 13 20 48 41 40 58 38 3 7 51 16 0 52 6 57 6 12 99 55 44 88 30 55 14 16 5 6 2 15 40 15 80 12 64 22 4 74 12 7 81 ]
[ 40 89 99 1 79 7 6 4 41 51 97 19 93 1 30 49 33 4 21 40 9 12 1 23 9 17 71 47 22 40 4 62 30 56 15 61 15 22 65 8 25 14 27 70 67 10 19 0 14 40 ]
[ 66 18 17 97 17 12 77 3 47 87 65 18 34 10 41 6 12 17 48 76 13 41 13 31 17 23 39 24 53 33 8 19 3 26 68 20 90 46 24 37 33 41 7 19 3 48 25 68 17 25 ]
[ 3 9 84 51 39 66 4 99 12 40 57 30 25 79 51 27 10 2 0 76 52 45 14 11 38 16 44 99 51 6 16 6 15 52 10 6 19 14 5 83 6 14 14 31 93 17 59 55 19 11 ]
[ 29 2 50 7 4 38 35 56 23 19 57 29 80 38 56 0 89 68 23 5 98 27 70 67 6 90 0 49 24 1 36 6 3 38 13 8 77 48 16 0 67 73 29 0 11 37 52 0 5 27 ]

Timer (generate): 388ms real	360ms user	10ms sys
[ 64 7 47 37 12 53 76 28 42 45 92 22 63 8 33 13 53 38 83 85 63 0 98 91 4 7 14 41 20 25 61 36 32 8 26 97 13 2 25 7 48 17 82 63 77 67 76 83 5 11 ]
[ 20 21 64 18 12 20 77 26 62 97 4 23 86 88 83 12 85 49 66 62 8 14 80 90 30 9 57 58 92 15 70 12 36 86 82 48 6 60 27 20 9 83 43 95 71 79 7 9 80 74 ]
[ 71 88 40 3 79 70 13 88 29 57 3 51 22 39 89 4 40 47 16 67 68 26 50 63 73 73 42 33 82 74 59 54 63 99 57 94 22 22 82 3 32 38 6 54 29 95 10 69 42 27 ]
[ 36 10 5 38 74 30 12 68 63 94 95 22 0 58 74 58 4 96 32 38 99 64 76 5 18 6 52 81 27 94 60 16 57 17 54 83 47 18 3 11 65 98 33 65 56 7 75 12 55 60 ]
[ 51 6 24 79 63 95 37 15 76 65 62 36 81 19 53 87 2 52 6 5 63 71 56 49 88 12 8 16 77 64 76 28 70 0 7 86 47 45 1 23 62 63 11 43 34 16 30 88 69 88 ]
[ 46 84 11 2 33 0 14 94 68 91 58 44 71 80 96 31 18 44 28 20 19 90 83 83 85 70 51 15 58 72 56 4 57 67 6 42 19 73 36 87 16 46 83 88 79 80 71 97 76 99 ]
[ 17 95 41 53 30 26 23 82 93 33 54 49 38 63 69 44 6 40 69 42 28 86 41 63 26 20 43 97 69 19 48 87 67 89 92 97 67 67 79 12 0 86 62 90 49 83 35 7 23 56 ]
[ 2 3 42 43 67 68 15 10 17 84 82 17 23 1 58 15 98 25 34 30 38 35 68 52 25 17 87 12 25 10 69 27 66 63 22 33 84 37 95 1 21 29 71 45 30 29 12 81 7 47 ]
[ 11 97 34 79 49 59 48 88 24 25 50 45 4 16 8 26 1 92 63 97 46 37 26 17 34 9 46 46 90 53 93 53 50 79 84 51 39 32 39 15 10 42 60 14 58 68 93 60 61 8 ]
[ 9 7 45 35 24 31 96 22 78 86 76 23 39 26 3 23 30 94 8 21 9 18 63 69 84 22 89 77 34 2 86 43 9 83 30 85 15 27 8 93 13 36 68 5 62 23 28 44 17 36 ]
[ 66 78 6 29 99 91 3 89 68 89 91 54 32 53 38 63 90 5 42 98 98 55 34 18 60 49 42 41 93 11 29 11 90 36 93 41 27 48 82 47 38 74 54 22 79 44 85 69 49 27 ]
[ 20 99 35 54 17 47 55 11 40 49 23 70 12 65 6 57 6 85 6 89 32 44 15 38 66 46 82 4 15 31 83 35 30 70 42 0 18 97 11 10 98 86 80 11 51 38 68 10 23 26 ]
[ 99 8 22 66 46 41 12 81 97 27 12 80 15 95 3 57 95 73 54 6 83 53 45 64 16 96 2 36 6 78 63 57 38 85 23 36 78 35 17 75 15 30 8 30 25 11 87 72 84 93 ]
[ 30 19 98 75 83 14 72 38 51 30 68 66 88 6 3 11 42 82 99 12 9 14 94 17 44 71 80 83 43 16 28 73 36 27 49 71 41 73 9 44 3 77 62 43 35 18 7 30 52 6 ]
[ 42 61 72 88 31 68 59 11 51 54 28 79 27 64 6 28 35 0 53 97 96 9 26 59 52 62 77 11 44 29 17 38 42 89 26 73 57 85 85 60 39 13 92 18 29 50 99 64 50 4 ]
[ 13 99 13 40 58 18 2 87 29 98 68 99 36 62 40 62 36 50 99 73 62 90 38 54 60 67 5 59 83 7 64 97 6 29 37 16 47 91 3 29 89 23 28 77 86 20 91 74 70 90 ]
[ 47 33 32 85 39 92 4 44 4 87 4 20 84 10 49 73 27 49 16 82 78 5 58 58 34 96 78 25 70 49 67 69 34 99 54 73 44 10 70 48 97 74 20 34 36 69 7 15 18 24 ]
[ 50 48 81 8 6 68 56 85 93 26 86 13 47 72 12 1 97 8 63 67 56 60 93 76 94 30 98 54 97 68 30 47 17 63 7 23 31 63 60 77 41 98 90 88 70 54 41 68 63 4 ]
[ 87 19 65 81 48 11 63 98 17 60 66 99 8 83 63 67 59 46 31 71 75 24 70 65 13 40 20 54 60 83 11 48 54 28 29 54 91 44 52 9 4 71 8 64 6 23 84 65 22 15 ]
[ 89 97 39 59 63 4 51 35 11 12 70 22 12 76 50 41 31 41 37 35 2 41 58 11 58 65 86 42 82 8 9 71 6 0 30 21 5 82 56 16 46 26 90 58 54 40 51 85 33 88 ]

Timer (sort): 209320ms real	209300ms user	0ms sys
The output is sorted!
[ 6 61 9 4 0 38 5 30 3 33 45 81 12 93 1 76 2 17 20 57 54 56 55 59 84 90 12 6 0 19 13 7 32 22 11 32 12 16 63 67 1 8 0 13 54 2 42 8 19 14 ]
[ 55 12 75 22 43 29 10 63 18 6 8 29 4 77 16 97 47 2 18 20 2 23 5 26 15 2 71 47 9 42 44 16 7 71 39 50 0 1 13 71 8 22 0 64 51 17 13 50 19 32 ]
[ 94 13 52 13 39 2 29 5 56 33 39 84 0 16 14 24 6 64 20 16 2 39 9 76 26 0 45 61 62 40 4 8 5 8 73 44 11 2 49 19 35 41 3 36 57 17 12 16 33 33 ]
[ 23 6 11 23 3 39 0 23 41 37 2 64 6 65 13 18 10 37 8 42 5 47 58 58 80 98 13 24 9 98 0 32 57 11 8 12 3 8 36 44 46 38 8 4 55 73 23 17 11 83 ]
[ 35 22 16 32 35 25 82 33 20 50 6 15 73 44 24 10 54 2 9 41 9 48 16 96 42 17 27 35 0 57 41 35 31 57 19 19 34 1 52 55 3 10 22 77 7 46 39 61 1 0 ]
[ 35 27 0 46 6 1 69 35 39 36 13 66 42 64 40 60 83 54 2 50 58 31 7 66 1 27 57 86 21 37 0 9 16 0 55 22 53 24 9 45 12 22 11 7 39 4 19 22 58 21 ]
[ 77 19 94 31 0 5 26 0 26 26 1 63 9 1 28 73 35 66 33 9 34 29 17 44 7 9 54 51 32 33 71 62 53 17 45 5 22 23 5 0 49 6 15 58 7 44 84 42 62 17 ]
[ 51 98 12 80 34 58 1 50 77 11 43 3 16 84 78 2 25 2 27 23 6 19 84 6 27 79 9 3 1 19 16 5 17 80 85 3 38 38 6 16 1 49 71 17 33 49 19 10 3 47 ]
[ 3 29 17 69 14 25 29 43 63 9 22 7 42 42 22 6 15 57 0 31 97 54 6 13 17 68 1 33 90 48 68 93 30 37 14 44 62 43 39 26 4 14 33 46 8 8 53 23 17 5 ]
[ 1 28 2 83 1 30 29 0 4 75 2 35 23 20 56 52 32 1 6 35 87 59 29 74 31 72 62 23 39 21 34 40 50 88 24 51 19 5 51 75 32 5 10 55 25 18 8 10 19 14 ]
[ 11 45 29 15 6 31 22 49 29 33 60 29 51 0 28 45 59 9 14 46 33 20 91 2 49 85 20 10 3 3 33 14 1 14 82 59 45 4 8 27 90 20 8 41 21 36 38 32 98 52 ]
[ 16 64 39 4 77 3 34 36 20 22 56 27 53 25 14 28 19 68 41 1 30 80 8 8 10 2 47 1 42 45 17 10 9 56 66 38 12 0 27 32 74 35 11 27 60 78 56 31 46 49 ]
[ 8 6 16 13 4 38 27 31 24 63 38 11 76 39 55 74 65 54 87 32 30 17 63 15 54 0 37 23 1 7 9 10 14 26 75 70 16 2 1 41 17 92 4 93 31 59 20 48 14 7 ]
[ 24 10 64 7 36 78 11 48 2 1 28 76 35 49 73 29 83 55 50 24 57 19 15 56 35 16 2 6 30 40 26 54 2 43 62 38 21 25 38 23 26 18 0 13 19 25 42 3 80 45 ]
[ 33 48 69 2 13 5 36 7 18 36 1 10 56 9 56 98 24 32 23 28 70 16 34 39 5 60 93 2 16 67 5 1 67 26 3 81 83 39 40 1 27 41 64 35 3 72 33 27 4 9 ]
[ 46 17 27 15 40 5 26 3 9 11 48 63 12 9 87 24 44 7 63 22 22 66 7 83 75 22 66 15 36 60 14 34 29 41 2 69 46 28 24 7 39 72 23 4 33 10 28 78 17 43 ]
[ 84 19 41 49 37 72 26 7 56 9 10 12 31 59 80 53 38 2 36 25 27 55 30 2 12 38 13 57 18 94 35 3 13 28 4 2 0 30 9 8 91 20 20 74 31 0 27 69 55 63 ]
[ 50 11 18 33 20 21 11 21 44 24 66 24 0 10 10 32 45 17 20 11 59 26 19 13 21 15 34 66 91 42 1 93 53 19 26 25 92 37 46 36 13 12 12 13 74 23 98 19 40 70 ]
[ 46 87 27 91 14 78 21 3 57 37 0 9 21 10 46 18 37 1 27 11 9 73 5 22 54 17 60 45 21 66 27 20 53 6 11 19 85 84 22 42 21 74 3 42 85 1 12 22 2 39 ]
[ 13 43 58 15 82 40 27 16 1 9 1 62 5 33 32 31 31 86 13 20 34 14 24 82 37 12 11 30 31 11 68 44 54 27 59 37 67 38 5 68 0 59 82 5 92 14 36 24 0 2 ]

Timer (generate): 371ms real	360ms user	0ms sys
[ 61 35 97 62 66 69 79 39 0 2 0 35 27 4 92 64 67 67 31 70 64 93 69 22 33 1 5 12 43 74 64 56 61 61 18 28 82 50 67 35 52 19 70 31 75 14 95 42 33 26 ]
[ 13 49 71 34 71 56 35 29 69 30 3 33 87 65 47 57 45 81 7 64 16 60 35 38 43 11 53 39 53 38 17 18 88 41 53 11 97 40 40 66 71 96 52 58 13 51 15 58 32 75 ]
[ 22 1 87 9 39 30 20 44 21 26 83 91 44 23 32 97 86 29 38 79 96 61 27 0 19 40 51 86 50 35 61 72 36 0 33 76 31 54 72 4 80 7 95 76 30 27 26 69 9 64 ]
[ 0 57 77 27 57 96 67 60 34 69 95 48 93 84 48 26 12 31 80 84 36 12 92 83 89 74 11 15 43 72 31 43 29 8 22 86 56 41 98 90 10 45 90 3 29 39 30 41 22 62 ]
[ 26 58 75 70 94 16 44 5 31 40 29 14 35 58 22 58 96 30 99 94 72 62 39 63 65 21 54 95 62 76 58 40 87 85 10 81 1 55 38 84 95 67 98 82 77 72 40 73 2 92 ]
[ 19 74 54 10 89 19 31 43 67 94 72 77 34 59 62 97 92 15 52 30 99 99 49 97 81 26 21 74 99 75 18 70 1 72 80 91 43 12 86 62 58 58 91 44 17 5 41 61 20 45 ]
[ 91 71 96 40 20 30 66 41 4 17 16 74 39 18 98 20 61 93 84 47 8 94 6 99 90 75 5 84 37 77 29 80 49 78 21 69 8 39 63 64 9 79 38 48 49 36 20 10 81 56 ]
[ 58 89 2 16 89 93 43 46 77 80 23 58 61 24 36 34 46 44 25 9 8 86 40 98 35 90 86 7 52 68 16 62 57 18 78 98 11 22 44 40 54 68 99 67 44 87 53 90 32 79 ]
[ 99 92 65 40 91 52 82 29 12 86 97 28 49 7 46 79 5 10 53 50 50 60 70 1 79 14 89 33 5 73 64 4 65 81 96 8 86 30 38 98 69 87 26 70 94 24 1 0 34 7 ]
[ 2 85 67 72 38 46 86 27 31 43 0 95 0 18 77 48 26 63 79 16 13 0 4 39 70 50 63 23 2 50 30 4 87 97 76 25 96 15 5 27 58 57 75 58 75 4 59 54 67 38 ]
[ 22 32 90 78 71 12 29 86 35 31 36 66 36 23 15 64 49 63 31 6 91 42 63 18 52 39 22 11 93 41 1 67 73 91 46 96 3 75 82 91 58 71 57 46 94 24 11 95 88 94 ]
[ 1 31 36 65 49 89 56 71 52 1 64 54 68 37 45 14 33 1 89 67 92 0 38 1 46 33 77 9 80 65 4 34 96 92 99 45 33 55 68 86 8 32 40 76 21 37 91 6 38 32 ]
[ 74 82 32 64 35 31 97 13 40 30 78 44 64 27 89 15 24 22 22 93 8 30 77 48 6 51 86 49 57 76 34 83 11 18 48 98 49 97 11 90 27 42 86 43 69 75 58 45 98 80 ]
[ 38 58 10 68 7 69 71 45 70 28 73 56 64 84 75 12 83 24 9 46 66 89 88 5 32 9 32 91 55 30 23 45 41 86 65 48 7 36 45 77 17 18 34 81 55 61 93 90 37 54 ]
[ 36 56 43 77 61 76 86 93 19 93 76 94 39 17 80 4 17 39 93 62 17 10 32 3 43 87 16 36 77 53 90 14 9 86 43 70 14 29 16 85 23 44 79 14 61 12 70 78 51 63 ]
[ 92 20 25 24 23 68 64 91 4 93 45 47 59 6 33 2 77 99 32 45 84 7 89 63 21 2 75 91 32 27 55 24 47 80 0 23 49 64 14 5 58 11 4 17 18 89 72 47 88 4 ]
[ 92 72 11 33 36 32 35 63 75 67 90 30 91 90 63 43 65 64 60 79 21 70 43 26 39 61 15 11 8 4 15 52 76 78 85 64 62 20 28 38 39 70 20 30 60 35 25 77 99 85 ]
[ 9 21 7 52 99 47 13 14 58 73 18 26 25 47 56 10 11 19 82 91 9 21 62 81 3 74 17 80 52 68 66 61 41 25 65 40 72 78 7 83 51 25 9 28 24 17 90 88 88 72 ]
[ 79 97 45 93 31 0 68 0 80 72 68 98 85 62 24 50 54 48 80 61 31 83 39 92 11 63 10 1 51 98 25 31 48 22 24 31 74 44 31 6 68 51 5 53 13 81 55 68 81 87 ]
[ 81 13 70 20 57 33 84 19 86 35 70 11 18 18 85 95 49 59 39 32 66 8 83 23 13 49 56 21 17 37 8 98 2 31 71 60 64 55 31 51 42 1 14 61 19 52 56 20 63 47 ]

Timer (sort): 208964ms real	208940ms user	0ms sys
The output is sorted!
[ 84 19 49 6 3 32 27 60 54 2 9 9 5 48 5 35 50 64 14 9 22 44 0 71 4 6 29 14 51 28 83 35 0 32 41 3 17 21 15 23 23 25 32 28 25 37 16 75 54 30 ]
[ 8 11 40 59 82 89 10 9 10 22 17 5 5 7 73 27 18 59 6 90 6 10 50 17 49 18 85 86 6 1 38 15 12 30 26 46 20 36 7 82 10 24 87 15 31 12 42 1 23 49 ]
[ 34 43 88 6 13 52 78 34 10 39 32 5 17 5 31 52 5 30 14 24 80 68 31 15 30 45 6 41 21 69 47 8 12 88 14 26 40 44 12 2 84 45 7 1 2 38 5 7 69 19 ]
[ 56 46 48 15 22 26 82 18 18 62 12 15 35 0 79 2 68 60 34 7 43 62 11 5 16 86 18 64 12 21 9 20 68 9 35 42 35 18 12 5 32 25 20 19 25 52 21 93 12 7 ]
[ 47 20 45 9 22 61 20 82 48 9 91 29 10 9 35 32 23 61 3 8 8 31 47 94 58 21 87 23 16 8 21 63 28 66 24 2 27 44 36 27 6 28 8 16 37 43 1 12 5 56 ]
[ 99 49 2 12 48 50 35 13 55 0 17 28 59 43 8 0 12 30 42 20 63 13 24 47 9 34 18 34 51 89 24 50 38 78 14 39 80 2 52 36 2 21 16 13 16 24 13 28 54 7 ]
[ 69 50 10 35 30 18 14 8 17 2 49 11 7 88 23 77 10 11 27 21 17 10 5 43 0 77 53 38 54 17 6 76 20 16 11 2 86 77 10 3 31 11 67 38 52 90 16 14 53 43 ]
[ 39 76 21 14 84 4 19 63 40 93 14 96 52 2 72 10 30 14 17 3 23 79 33 47 73 44 0 31 33 26 89 24 2 11 39 39 15 10 2 7 4 16 3 8 70 28 18 0 42 35 ]
[ 1 77 6 23 17 14 29 39 39 14 37 42 17 14 27 48 96 17 20 6 39 39 22 97 13 4 56 21 0 33 33 1 10 92 25 27 6 6 18 98 20 55 40 90 21 19 38 17 37 58 ]
[ 7 34 17 24 12 8 26 11 73 11 40 37 93 1 1 52 66 9 32 12 31 54 59 39 26 60 1 24 34 16 73 41 2 90 65 15 51 43 26 24 7 18 14 0 20 15 5 86 76 37 ]
[ 64 58 37 8 3 16 29 2 40 18 22 7 38 35 41 52 53 82 33 49 15 5 13 2 74 15 23 39 38 6 6 54 16 43 14 19 11 44 21 51 14 43 11 52 30 52 57 36 87 42 ]
[ 15 4 40 2 3 14 86 45 32 19 24 25 70 13 25 13 36 48 17 36 52 10 32 46 38 13 44 69 35 41 9 2 46 1 4 1 15 90 98 0 9 74 25 31 88 2 45 76 2 62 ]
[ 7 8 25 0 1 23 9 74 19 0 87 16 7 0 77 25 16 92 1 2 37 14 75 65 11 10 64 50 51 9 48 59 17 25 11 70 49 73 44 68 25 32 36 32 32 65 9 0 57 10 ]
[ 36 34 23 1 23 20 60 34 27 66 16 3 48 0 28 27 10 72 14 7 3 23 71 31 6 5 67 44 15 40 36 4 74 12 57 50 32 18 36 59 36 52 14 84 4 95 11 14 19 77 ]
[ 23 15 45 4 14 37 34 38 4 6 9 95 18 46 70 5 1 12 50 7 44 42 6 65 0 23 53 33 11 2 1 86 17 98 42 31 36 28 21 40 34 82 88 4 80 10 62 33 22 12 ]
[ 34 28 0 15 42 4 80 8 21 75 14 28 27 43 62 36 49 70 26 1 16 78 25 11 78 1 14 80 16 16 53 2 44 53 17 39 10 49 47 31 24 13 12 3 56 26 39 58 48 17 ]
[ 26 12 25 89 16 26 9 45 14 20 10 9 44 1 71 51 47 56 14 1 53 50 23 68 23 15 80 2 61 26 26 39 90 51 29 7 29 90 52 43 10 62 4 7 15 28 10 15 36 24 ]
[ 54 36 22 67 1 27 58 17 31 11 2 8 50 28 41 52 39 13 1 10 39 7 53 37 10 45 24 62 59 49 27 13 37 1 33 38 29 43 55 12 6 57 20 57 37 13 9 76 78 62 ]
[ 90 48 37 24 81 15 22 10 57 35 56 21 9 16 6 35 29 51 31 2 17 5 41 40 21 1 18 48 64 2 64 7 2 2 31 35 69 53 97 26 41 6 48 50 22 6 37 3 57 69 ]
[ 60 1 38 31 5 31 76 96 15 67 9 23 4 90 19 6 57 19 26 33 12 64 48 19 63 29 31 42 41 5 18 2 58 8 33 16 40 61 12 7 80 73 30 36 15 1 42 25 20 20 ]

Timer (generate): 378ms real	350ms user	20ms sys
[ 93 93 97 56 26 17 39 68 97 18 35 73 86 88 49 9 82 33 38 56 13 8 83 88 41 49 3 79 85 14 35 79 60 84 87 86 53 26 6 51 44 42 24 31 82 73 92 64 58 82 ]
[ 72 72 90 7 60 32 9 16 63 94 82 50 73 42 34 12 80 87 38 87 90 35 81 15 66 63 40 10 79 99 92 3 23 35 11 35 19 72 3 82 66 86 84 92 80 18 4 13 57 43 ]
[ 0 48 78 33 15 96 48 7 58 79 58 2 82 81 37 45 69 8 17 72 90 36 10 74 28 91 44 32 4 2 27 56 2 57 41 69 5 89 76 15 68 35 18 2 68 7 0 37 16 17 ]
[ 10 58 5 20 85 33 63 29 18 19 83 97 27 37 7 68 6 12 9 83 28 29 70 46 32 38 53 84 28 21 1 90 80 59 62 65 92 26 94 62 97 30 60 25 67 67 93 26 31 3 ]
[ 61 59 32 31 57 16 21 63 0 49 84 54 91 64 13 54 81 57 32 76 20 29 58 32 54 77 51 48 3 82 3 64 94 87 47 3 4 69 18 56 70 3 62 62 19 75 16 53 85 48 ]
[ 29 57 77 39 89 84 16 40 32 20 74 87 36 68 74 84 24 30 5 42 87 75 97 1 89 69 77 57 22 14 57 3 71 87 42 12 71 10 4 55 82 78 42 19 99 16 55 23 99 60 ]
[ 17 38 35 15 39 77 84 68 34 58 82 92 61 5 79 55 17 2 65 21 57 48 52 99 19 3 67 74 78 66 34 95 4 21 10 44 98 46 64 85 4 47 77 17 52 8 72 70 10 38 ]
[ 43 19 38 47 18 57 50 37 31 28 56 17 24 12 38 86 8 89 33 73 74 89 20 3 7 24 63 79 46 25 69 42 44 7 89 14 16 40 51 47 20 59 64 96 72 55 83 32 44 68 ]
[ 5 70 57 77 73 16 2 36 96 0 61 17 42 5 25 32 71 93 24 74 41 44 34 57 41 58 12 76 90 8 44 48 78 53 77 3 70 79 39 18 32 52 35 74 9 12 6 80 6 82 ]
[ 55 99 79 41 56 72 99 21 48 41 81 44 41 60 97 19 15 19 50 55 37 82 59 25 57 69 89 15 1 95 98 56 94 29 49 3 1 0 76 1 42 9 45 35 69 94 54 37 66 5 ]
[ 92 3 87 51 80 96 72 70 12 74 17 62 82 12 91 32 67 44 32 95 45 26 4 42 62 26 88 16 63 54 73 7 10 61 10 90 9 83 60 21 57 78 35 91 42 78 23 61 74 8 ]
[ 8 19 34 12 13 48 90 2 65 53 56 90 60 66 3 23 57 13 6 69 86 15 99 22 6 93 52 82 54 27 90 62 46 24 27 12 25 17 14 90 23 70 32 35 89 36 58 98 49 64 ]
[ 67 35 31 19 57 38 12 62 72 19 89 62 81 87 38 60 99 63 30 13 5 53 36 38 88 25 74 47 23 23 63 42 10 95 61 20 85 74 82 57 93 71 19 26 10 9 39 10 73 69 ]
[ 75 30 22 63 68 10 40 94 9 15 69 73 58 80 68 71 0 53 97 34 62 90 57 81 69 67 42 60 77 15 29 5 98 51 68 18 13 9 13 23 24 82 48 34 14 16 6 66 21 3 ]
[ 0 83 46 57 16 67 25 58 27 54 26 56 59 24 59 80 42 24 89 7 99 65 42 47 0 56 15 58 75 36 13 75 71 59 85 87 26 62 98 5 16 76 61 28 0 72 8 94 49 49 ]
[ 2 48 66 96 48 18 52 63 76 27 52 90 55 23 49 40 63 28 54 61 85 22 37 99 50 89 71 10 83 20 11 37 21 78 85 69 96 38 32 25 17 84 15 24 60 16 16 23 96 70 ]
[ 84 82 93 21 81 95 62 4 58 97 77 69 87 98 99 72 19 96 10 3 73 80 88 88 4 48 56 73 23 53 43 7 87 88 80 20 84 42 24 42 39 53 63 26 51 63 51 22 11 13 ]
[ 26 84 93 66 72 50 66 80 75 89 33 18 96 72 59 28 92 95 70 17 37 61 70 0 40 74 15 91 96 26 56 22 10 50 40 34 52 6 67 27 95 0 97 91 25 56 19 17 51 41 ]
[ 34 40 55 57 93 47 83 60 90 79 87 46 54 49 48 94 36 0 1 3 79 48 55 29 40 80 37 11 50 41 5 84 81 12 93 26 59 76 87 1 8 26 47 14 27 48 8 63 0 61 ]
[ 18 80 10 26 61 2 58 98 65 8 39 70 45 73 34 38 51 45 67 38 46 75 16 46 89 44 94 49 59 94 63 30 74 25 56 87 27 66 86 44 75 25 67 72 50 1 10 2 47 77 ]

Timer (sort): 209050ms real	209020ms user	10ms sys
The output is sorted!
[ 5 17 54 31 7 15 1 4 9 99 50 11 60 8 32 75 42 51 60 6 38 4 1 33 9 27 9 19 17 83 14 23 52 69 54 11 36 7 67 45 6 17 8 19 77 40 46 19 44 6 ]
[ 17 31 87 47 57 18 6 0 21 0 40 48 19 59 14 27 7 0 60 32 10 57 11 15 17 11 66 20 33 33 93 50 16 33 49 25 3 8 26 25 8 18 25 27 77 91 7 36 43 19 ]
[ 55 4 54 28 37 66 15 24 7 16 28 34 45 9 5 0 4 12 20 53 9 93 11 6 75 33 8 48 8 14 5 63 18 11 44 55 30 11 80 37 28 60 23 25 21 80 26 25 45 46 ]
[ 6 69 5 44 19 1 21 40 15 8 77 14 23 11 21 51 57 46 70 47 29 35 88 93 29 12 20 14 52 43 46 10 12 3 6 31 56 27 24 23 35 1 89 10 12 11 14 22 57 36 ]
[ 72 1 6 75 55 22 7 58 35 42 60 23 53 9 17 98 30 40 59 34 30 49 0 92 60 25 6 18 2 6 11 26 7 18 1 15 92 61 25 79 3 37 2 9 46 19 7 28 11 18 ]
[ 96 20 12 49 3 17 0 21 18 22 56 96 19 21 53 52 20 48 16 10 54 14 35 19 41 19 36 29 10 75 59 59 47 72 8 2 41 8 23 59 82 31 55 1 5 8 6 25 9 22 ]
[ 1 15 43 26 26 26 41 4 56 48 5 14 81 69 38 40 4 6 8 40 14 17 14 26 4 60 8 7 6 56 36 60 23 31 86 2 9 27 6 65 27 11 79 60 33 70 1 37 76 61 ]
[ 6 25 22 16 77 47 21 6 32 62 30 19 21 86 19 17 7 23 38 10 20 3 23 62 7 52 51 65 4 50 29 10 76 4 26 5 51 0 63 35 62 93 6 35 32 26 4 91 1 42 ]
[ 5 52 47 48 24 64 80 80 8 96 12 16 12 82 33 9 82 14 35 69 56 10 6 62 7 10 1 59 19 2 50 24 54 49 24 30 13 4 10 22 0 23 38 13 5 23 74 40 38 9 ]
[ 10 29 53 86 2 12 61 44 21 26 88 10 87 7 7 27 57 9 7 37 46 15 14 21 32 4 45 10 6 37 64 68 19 17 6 21 29 19 66 3 45 6 13 33 65 72 12 22 81 72 ]
[ 75 9 64 18 39 3 30 20 29 17 34 40 72 13 11 52 13 40 34 86 21 9 90 24 54 0 5 63 9 4 14 36 13 30 7 5 86 37 77 15 6 11 7 79 24 18 83 90 11 17 ]
[ 12 13 1 16 82 17 10 89 52 38 10 65 85 8 17 29 62 31 77 1 13 38 8 40 91 40 15 24 6 2 56 18 15 9 34 49 26 96 39 30 35 1 48 20 9 65 1 23 48 30 ]
[ 34 59 27 34 12 17 49 63 28 49 3 27 19 35 8 13 19 10 2 8 45 25 88 80 77 4 18 49 86 12 4 20 23 83 6 88 1 7 51 29 56 6 8 27 41 68 40 13 31 43 ]
[ 12 9 36 17 56 13 4 43 0 24 51 56 7 22 5 39 23 16 16 24 41 43 20 27 92 57 40 81 47 16 26 12 25 62 29 33 27 86 77 27 10 28 36 69 2 41 8 25 9 77 ]
[ 2 2 16 42 11 64 5 22 79 58 1 9 99 7 8 6 23 49 32 47 19 90 6 75 55 23 59 89 8 41 26 11 43 43 5 6 59 10 81 39 68 34 0 19 41 8 25 17 9 58 ]
[ 28 23 0 40 40 24 6 87 35 56 50 51 0 74 69 54 18 52 57 7 39 26 54 39 27 5 18 96 25 2 11 5 25 63 46 18 39 4 57 27 12 59 30 12 33 52 19 4 4 28 ]
[ 31 85 62 47 27 31 71 42 48 42 57 4 16 6 13 40 15 27 11 26 30 66 64 38 9 51 31 18 95 37 7 26 22 21 25 49 4 97 43 53 39 0 57 7 6 23 0 22 2 11 ]
[ 51 29 32 44 11 46 69 12 25 92 20 29 56 27 27 15 78 19 21 3 25 54 20 82 61 9 49 68 45 44 23 48 25 7 44 36 6 14 49 31 6 21 12 15 0 39 30 78 10 3 ]
[ 40 42 43 16 27 80 52 94 93 44 4 16 10 25 27 84 3 9 4 48 45 27 3 31 22 7 79 51 8 3 97 0 45 92 16 72 73 21 18 18 17 23 35 28 0 14 12 3 23 16 ]
[ 61 58 45 28 82 83 2 14 26 1 38 66 36 26 14 13 5 29 28 1 13 62 8 0 22 1 55 45 5 10 8 18 68 53 47 50 88 1 17 67 2 7 33 90 33 47 4 90 29 32 ]

Timer (generate): 373ms real	350ms user	10ms sys
[ 24 39 24 10 2 15 39 37 24 12 25 87 45 7 8 0 97 31 41 5 24 59 94 14 19 83 80 30 33 73 7 9 65 32 19 19 47 11 56 23 23 34 10 68 41 19 68 90 2 62 ]
[ 95 78 73 41 93 44 77 73 74 62 99 34 24 64 18 43 83 65 6 92 40 81 78 51 49 71 70 70 61 24 32 8 3 57 1 96 1 78 21 27 41 72 61 65 36 79 60 72 96 19 ]
[ 64 37 0 94 40 50 65 62 72 26 86 56 86 41 13 87 89 14 18 11 93 11 83 55 76 72 86 88 96 35 7 60 24 60 6 64 62 71 26 34 49 64 90 35 6 55 74 95 69 92 ]
[ 58 62 3 94 69 31 66 8 20 62 95 79 74 19 91 32 83 53 3 61 87 52 25 29 87 83 84 61 79 5 6 37 20 9 83 41 41 1 49 13 15 44 44 41 15 36 73 50 89 76 ]
[ 11 29 28 89 58 67 72 95 81 51 0 87 41 72 48 76 14 89 78 15 54 93 60 51 35 27 87 8 78 28 85 89 9 65 30 20 33 3 15 66 6 67 53 99 40 53 76 54 95 54 ]
[ 69 49 47 81 0 34 9 39 43 87 20 80 28 81 45 11 1 30 14 68 96 72 36 1 24 28 55 0 82 50 6 3 51 5 85 4 40 46 95 35 85 67 15 65 49 60 76 2 43 42 ]
[ 71 39 67 59 93 91 87 0 43 69 2 49 24 53 6 61 9 46 7 5 33 44 24 48 10 73 61 38 76 4 81 99 95 0 58 88 91 45 40 34 66 42 35 42 48 41 4 57 40 63 ]
[ 14 73 8 39 74 70 12 35 60 40 39 93 39 86 93 49 27 84 94 67 18 12 10 5 55 58 47 59 67 39 74 82 12 34 21 86 4 33 73 65 26 64 58 17 51 52 67 78 88 13 ]
[ 97 59 26 59 64 33 17 63 44 37 2 18 19 67 53 40 5 9 25 31 26 3 95 37 21 46 41 88 76 29 53 74 40 31 33 57 64 3 20 8 40 75 79 11 94 84 51 99 93 28 ]
[ 30 72 32 26 61 5 24 2 45 53 83 98 27 76 30 12 33 46 15 53 55 7 80 86 18 74 70 21 74 15 2 56 39 86 34 0 91 11 54 88 64 38 86 91 14 68 55 47 15 71 ]
[ 52 22 30 33 8 49 7 30 70 33 45 24 42 37 10 76 37 1 87 92 89 3 82 28 46 48 48 2 95 63 73 99 37 3 32 97 4 92 27 27 25 25 51 67 62 62 96 51 15 35 ]
[ 43 57 39 77 37 85 25 85 87 72 1 12 72 38 68 56 88 72 48 15 99 26 92 51 45 54 65 41 58 80 77 53 89 68 31 26 53 56 12 41 81 65 5 53 55 73 61 43 46 62 ]
[ 59 45 88 3 48 85 10 13 27 68 46 56 21 35 24 52 62 77 61 26 70 94 91 76 47 46 49 60 90 47 22 1 93 62 4 93 48 14 59 27 34 57 83 56 92 59 60 6 88 73 ]
[ 84 59 67 75 87 66 74 88 79 16 36 1 69 29 16 73 74 16 40 33 43 26 90 78 82 35 37 95 93 25 20 78 36 40 5 75 6 79 64 37 47 0 39 16 81 7 42 55 23 34 ]
[ 41 66 60 83 96 95 70 33 90 64 10 62 42 99 2 99 74 61 31 38 98 78 38 89 47 19 96 89 27 71 23 68 89 83 3 85 78 74 70 20 38 33 35 32 32 37 83 58 50 14 ]
[ 97 49 45 87 90 92 59 39 81 86 10 56 6 52 39 9 89 70 35 60 42 25 45 77 9 77 67 93 35 17 59 84 18 4 72 9 96 31 0 29 69 62 85 75 14 77 36 4 47 72 ]
[ 16 89 97 61 19 7 90 86 0 77 55 11 62 74 16 86 35 64 69 87 94 38 49 79 13 16 56 49 20 55 73 88 97 71 49 16 30 91 54 30 68 9 41 82 35 9 68 70 74 37 ]
[ 57 68 27 59 99 40 75 8 42 47 15 67 35 12 38 36 80 68 27 86 50 95 96 44 78 31 53 98 54 79 36 63 47 15 22 99 8 97 59 50 44 74 17 31 39 8 67 19 28 94 ]
[ 6 79 42 54 75 20 37 28 18 43 8 6 7 7 22 81 58 30 79 17 32 75 92 1 7 31 61 26 2 90 21 60 69 63 14 96 35 4 24 5 47 84 64 6 44 86 88 2 68 19 ]
[ 20 52 94 12 53 53 95 67 80 97 57 53 58 78 68 24 74 55 28 50 60 28 35 24 86 31 62 74 33 30 93 53 34 40 17 40 93 12 7 25 62 64 30 20 94 50 96 68 5 77 ]

Timer (sort): 208443ms real	208410ms user	0ms sys
The output is sorted!
[ 0 36 40 4 19 15 87 1 35 3 32 60 27 32 67 24 10 4 44 80 23 57 54 7 24 64 14 37 43 24 8 44 12 48 0 31 16 39 32 51 42 16 12 22 0 79 46 11 35 43 ]
[ 58 52 86 90 1 9 83 3 17 30 21 29 35 30 48 0 28 0 33 64 16 22 29 14 14 61 31 34 9 0 14 19 4 53 9 5 62 44 60 31 26 33 12 61 15 13 62 44 13 47 ]
[ 71 11 25 36 45 6 12 53 37 20 16 2 8 27 4 46 38 0 28 2 22 0 83 63 92 45 37 54 9 95 25 33 6 2 21 3 8 85 56 45 6 24 0 14 52 56 60 42 9 41 ]
[ 34 43 33 7 41 31 1 7 14 29 24 11 52 5 90 1 6 96 4 11 47 18 60 69 87 15 7 59 97 17 21 32 13 6 39 6 38 40 14 4 22 90 15 26 95 5 27 2 53 32 ]
[ 26 2 5 50 20 35 25 38 35 84 10 60 74 17 88 17 40 20 3 56 37 2 12 1 19 90 0 11 35 4 8 61 7 13 12 27 0 89 17 36 73 28 96 0 97 37 17 37 9 20 ]
[ 2 62 22 38 11 4 37 30 28 7 6 83 36 24 34 58 68 16 8 1 61 93 73 74 6 61 15 12 33 45 36 35 59 10 26 22 15 15 4 43 22 10 26 10 34 13 69 3 29 77 ]
[ 38 17 8 40 39 14 63 14 0 29 0 0 1 51 31 2 9 9 24 97 1 9 15 95 46 15 62 7 59 41 6 97 10 66 89 49 33 5 15 33 34 16 86 87 19 17 42 28 26 18 ]
[ 15 14 5 36 81 37 31 14 7 0 6 13 3 45 46 11 75 4 25 15 1 75 37 34 61 37 25 54 71 69 2 38 83 7 74 16 44 57 30 4 58 37 17 13 82 15 24 9 19 49 ]
[ 9 46 43 60 8 25 24 37 43 1 16 80 42 5 3 34 99 19 19 49 13 5 89 14 87 18 62 20 3 9 92 12 8 35 25 16 12 1 6 8 2 22 88 44 27 91 78 26 10 49 ]
[ 8 35 55 63 59 63 50 9 31 72 7 26 9 31 54 30 46 75 48 21 23 25 24 45 13 48 18 50 13 3 17 22 38 24 37 49 39 39 11 71 11 18 49 21 1 55 3 0 30 51 ]
[ 1 89 57 15 24 79 21 24 49 57 27 61 69 2 36 46 64 11 52 26 16 0 25 5 72 11 14 72 36 68 64 37 10 21 4 34 0 77 10 1 34 37 15 3 91 3 1 55 15 5 ]
[ 24 70 44 31 93 5 12 3 22 3 48 6 74 17 19 29 95 4 50 3 38 51 10 23 9 96 9 1 75 91 12 0 13 56 83 6 62 47 9 36 51 9 42 25 26 14 6 21 18 57 ]
[ 29 6 30 16 12 20 52 10 8 98 91 8 39 2 38 41 18 60 9 16 76 76 17 7 79 13 1 30 20 74 51 1 32 33 70 44 5 22 6 13 21 97 21 12 51 11 6 69 72 15 ]
[ 49 80 9 27 15 52 19 7 81 40 65 10 28 5 30 82 10 9 0 89 89 82 4 47 12 11 26 31 13 76 26 15 8 35 42 23 40 13 30 21 53 47 31 33 52 14 15 14 23 16 ]
[ 8 5 31 26 8 16 69 7 13 15 18 9 42 78 37 39 51 90 24 9 62 64 33 91 17 34 38 14 49 28 45 9 34 28 35 42 44 57 1 58 24 20 67 18 50 5 9 1 47 33 ]
[ 36 5 18 53 65 21 57 7 87 24 32 7 34 34 53 20 76 48 2 11 36 29 33 60 85 21 64 59 79 41 35 15 46 5 68 12 27 26 19 14 2 4 21 36 38 26 9 15 27 11 ]
[ 8 85 3 10 42 10 14 6 22 88 99 79 66 3 10 17 1 52 20 9 9 66 25 65 2 3 97 4 4 66 20 64 3 23 26 45 33 92 4 7 32 3 39 98 58 1 15 12 6 88 ]
[ 53 36 5 99 40 79 66 36 55 47 5 6 48 72 27 83 29 89 0 38 6 56 1 4 48 39 1 2 1 83 19 6 20 25 5 12 4 72 1 59 19 6 65 19 78 45 2 8 34 3 ]
[ 41 13 34 58 23 16 75 6 23 32 73 3 1 16 70 76 26 3 5 34 56 69 5 44 20 33 0 7 56 50 30 49 15 16 60 90 33 35 48 8 19 21 11 73 89 33 1 15 37 6 ]
[ 15 15 18 18 0 79 23 85 4 21 56 42 25 71 17 88 42 10 23 87 5 10 57 42 6 55 84 7 9 86 3 76 1 21 46 1 53 21 39 9 42 47 4 19 19 21 7 13 32 83 ]

Timer (generate): 369ms real	340ms user	30ms sys
[ 28 32 66 23 9 44 58 6 51 11 8 24 16 22 90 96 51 43 99 79 84 85 29 63 44 58 5 35 98 61 23 79 93 90 2 54 86 12 61 89 24 21 14 40 96 56 89 47 52 88 ]
[ 78 88 26 7 51 70 66 8 58 16 22 81 95 67 23 50 22 10 62 35 51 86 56 17 79 52 74 68 52 78 8 30 66 34 38 69 5 56 78 15 24 52 96 20 19 20 70 93 82 84 ]
[ 28 33 71 37 3 2 89 29 70 93 7 30 24 73 65 14 42 22 22 20 37 46 24 33 18 96 5 40 89 39 25 18 25 48 55 28 50 96 57 72 90 64 2 66 37 19 32 79 41 6 ]
[ 52 30 52 28 64 23 24 21 63 14 61 88 84 86 88 91 14 90 39 71 14 81 87 69 47 76 88 31 7 82 37 11 12 42 40 28 65 64 50 28 30 11 69 14 97 57 5 63 0 97 ]
[ 86 14 78 73 83 26 1 72 9 8 54 47 20 18 89 60 47 54 24 97 34 55 8 3 21 57 13 79 72 65 76 58 79 54 83 63 32 84 87 42 92 93 41 12 11 82 24 58 88 49 ]
[ 7 22 56 67 78 77 24 91 8 48 8 84 6 87 91 41 2 23 77 41 17 70 86 10 34 98 92 59 8 80 60 16 3 68 35 81 97 60 24 6 60 32 42 67 71 33 60 74 9 38 ]
[ 67 26 60 54 89 94 4 81 5 12 62 17 80 17 85 16 50 35 28 74 93 88 58 35 7 81 21 68 7 30 58 75 8 18 29 97 12 33 79 70 97 93 87 30 10 25 98 12 12 78 ]
[ 86 5 66 96 92 26 77 13 46 37 95 4 12 56 22 93 53 86 78 84 8 75 29 48 5 91 25 55 3 37 33 41 94 52 37 86 78 67 52 76 56 99 32 68 55 54 61 9 92 39 ]
[ 45 1 66 75 1 24 66 26 79 22 63 13 63 57 17 53 95 95 20 99 23 28 99 55 96 54 61 9 15 53 0 61 6 66 88 7 42 6 33 22 28 48 87 92 57 4 45 53 51 17 ]
[ 52 74 45 51 81 93 6 42 2 21 47 2 34 6 20 22 65 63 29 51 37 57 99 24 1 57 80 46 62 31 15 66 57 60 18 38 53 76 80 55 49 79 9 36 85 82 10 51 45 39 ]
[ 2 82 49 53 58 50 62 38 49 24 69 64 91 78 77 61 16 30 89 48 38 90 79 99 26 65 81 37 68 78 28 22 12 29 27 70 32 90 8 81 66 29 97 57 7 74 70 75 57 11 ]
[ 75 47 2 55 46 80 20 80 69 40 58 98 14 71 27 41 93 11 31 2 92 98 83 42 7 43 68 30 18 25 41 94 24 95 49 71 76 21 3 45 13 13 95 27 84 23 68 30 34 0 ]
[ 84 79 50 67 73 57 10 41 39 81 19 81 27 43 76 76 66 52 49 21 50 62 35 45 41 71 20 9 1 7 61 85 38 11 5 11 21 15 4 60 48 75 93 75 19 70 3 37 74 4 ]
[ 59 24 66 94 22 7 65 94 69 19 1 30 4 39 94 9 2 67 77 59 27 25 34 73 53 53 43 56 43 69 61 54 46 79 48 68 39 65 62 8 84 16 90 41 55 84 2 10 51 79 ]
[ 69 31 57 3 4 10 9 99 18 4 68 31 58 14 11 58 34 2 23 97 10 60 65 52 53 20 89 55 82 40 35 3 23 44 7 79 54 68 30 24 72 99 56 30 65 19 88 0 21 63 ]
[ 49 83 75 14 35 28 86 24 84 21 17 71 24 92 15 31 72 21 51 54 45 23 53 1 5 19 72 93 71 93 9 72 76 84 86 64 13 24 40 49 45 57 20 70 2 87 53 26 8 5 ]
[ 80 53 80 34 7 86 5 79 31 28 25 40 0 53 25 38 17 90 62 10 39 8 67 59 30 21 46 35 47 6 40 28 59 73 14 18 11 71 50 42 99 27 35 51 80 60 89 50 2 3 ]
[ 60 41 11 79 0 93 1 98 29 48 4 21 28 15 94 94 86 5 65 88 0 16 15 35 19 95 47 8 45 49 12 5 90 75 37 42 69 38 92 50 38 48 71 67 15 18 13 1 23 79 ]
[ 41 75 47 56 62 67 52 61 27 49 10 39 7 52 67 44 46 88 34 90 38 72 38 9 91 6 27 5 59 3 36 1 30 83 57 93 2 61 54 30 63 17 21 22 21 40 18 20 28 52 ]
[ 10 66 24 1 28 16 7 7 73 66 62 9 19 93 44 29 38 99 42 44 29 5 61 2 27 35 43 45 55 71 49 17 90 74 18 18 42 77 77 67 96 40 76 15 33 72 44 23 71 39 ]

Timer (sort): 208988ms real	208930ms user	0ms sys
The output is sorted!
[ 42 16 37 22 18 13 30 22 42 65 9 41 71 65 1 0 58 25 7 7 48 44 48 11 18 3 70 59 14 61 11 9 30 0 31 48 14 14 23 8 31 84 50 54 50 51 6 8 28 13 ]
[ 22 3 22 4 31 0 76 81 29 14 27 7 31 45 96 3 46 0 2 73 14 57 43 30 0 3 8 2 34 10 62 9 13 36 13 44 37 42 77 18 8 5 25 91 2 21 94 0 73 49 ]
[ 81 46 50 27 93 37 42 55 0 79 1 10 3 46 13 6 7 12 29 81 2 27 34 31 8 5 15 32 7 60 14 41 7 16 20 52 53 15 7 6 46 8 68 50 6 81 8 13 46 38 ]
[ 91 70 30 22 16 38 42 42 12 9 0 18 80 48 27 77 0 15 40 14 16 30 18 0 23 63 3 66 69 19 3 12 89 33 34 57 23 29 0 36 38 52 6 18 1 33 47 1 0 40 ]
[ 40 21 54 8 27 48 86 79 4 48 21 11 8 21 76 8 7 37 32 47 6 61 11 69 39 76 17 23 16 13 2 56 35 56 16 14 4 2 46 61 2 19 72 10 40 0 18 47 37 3 ]
[ 4 17 13 16 17 2 5 33 63 33 57 6 56 31 6 90 30 36 12 19 91 34 66 22 4 37 77 22 0 24 36 5 42 49 73 59 4 30 44 19 64 1 25 20 84 32 10 14 20 22 ]
[ 36 90 40 28 22 4 85 32 35 12 44 74 57 8 1 21 94 47 11 28 42 2 47 51 7 3 5 12 31 18 6 19 9 47 47 31 51 84 15 86 49 12 12 6 20 14 28 14 13 39 ]
[ 24 8 16 4 14 11 2 19 84 64 15 31 47 10 0 20 19 46 28 10 47 26 47 71 1 95 17 2 62 31 67 87 39 35 43 6 47 45 25 83 10 92 15 9 2 15 29 73 14 9 ]
[ 45 36 69 33 37 10 1 62 24 18 35 7 55 26 2 3 7 1 14 8 93 11 55 62 12 5 26 34 3 26 31 1 62 52 34 0 62 87 14 38 5 50 98 12 28 0 16 87 54 82 ]
[ 17 49 1 5 47 43 11 13 19 8 33 57 24 13 40 33 34 12 96 16 78 41 40 23 87 62 14 4 52 60 40 21 9 42 78 8 85 41 21 4 49 7 13 25 20 54 10 6 66 6 ]
[ 12 18 47 9 26 74 58 2 17 6 49 61 0 42 34 86 16 7 28 31 60 9 11 79 57 49 67 0 84 14 13 48 32 12 9 10 86 19 13 55 26 14 17 78 8 3 17 25 62 45 ]
[ 3 22 16 61 67 2 39 53 29 36 31 9 85 4 48 24 3 5 8 66 22 20 30 91 32 46 1 14 39 26 4 42 0 72 3 19 26 94 25 55 31 56 16 16 60 16 92 16 22 52 ]
[ 68 49 10 35 2 48 63 15 60 24 79 2 79 17 8 15 19 23 76 60 4 61 20 2 10 0 31 28 14 12 90 82 14 0 70 68 0 33 83 12 9 15 15 88 32 23 3 4 46 32 ]
[ 6 35 22 29 73 32 0 35 64 11 34 64 53 71 37 38 30 21 61 40 83 8 56 18 51 31 6 79 14 19 15 20 6 37 1 31 21 1 19 85 64 5 2 69 76 39 7 6 12 20 ]
[ 10 10 43 73 57 41 26 33 58 23 5 35 76 31 2 87 9 45 5 10 63 78 3 7 41 26 42 9 17 68 69 27 78 64 1 35 6 27 20 64 2 77 51 30 8 6 17 18 3 23 ]
[ 1 84 6 25 45 77 92 4 75 13 0 13 34 6 24 47 48 22 6 47 84 6 44 13 15 0 41 51 32 37 54 34 73 61 59 18 90 3 22 17 16 75 30 3 33 7 2 34 29 9 ]
[ 35 6 14 0 5 68 61 34 1 95 39 21 55 33 91 86 76 65 7 57 7 24 25 17 20 2 56 9 5 11 47 92 17 13 44 74 34 5 8 35 53 0 8 8 33 0 46 9 65 53 ]
[ 6 13 32 7 1 53 36 75 0 1 0 59 46 9 94 83 55 49 51 17 47 20 0 95 28 13 23 45 51 60 13 57 25 97 16 26 2 52 54 2 5 6 61 4 15 8 87 23 9 38 ]
[ 7 15 10 6 20 35 86 45 13 57 62 6 11 27 62 6 31 11 22 92 25 11 17 3 56 12 49 42 30 6 7 37 73 17 43 93 4 81 91 17 38 53 76 1 80 38 7 11 1 29 ]
[ 1 54 35 83 49 64 59 30 2 0 3 15 86 9 9 61 22 94 14 8 12 16 2 12 95 20 2 28 54 42 34 7 49 21 91 50 85 2 80 39 2 35 6 40 44 16 2 66 10 16 ]

Timer (generate): 370ms real	340ms user	20ms sys
[ 34 60 60 83 69 2 17 16 28 37 29 1 35 59 37 75 90 94 76 78 97 47 83 53 69 90 46 67 86 63 29 21 24 90 56 45 44 25 61 24 62 42 78 98 53 67 73 43 61 49 ]
[ 73 10 96 57 63 65 99 9 84 85 73 14 58 49 56 14 94 52 39 7 29 2 49 59 52 54 26 25 49 87 26 23 97 74 80 12 91 79 21 75 64 46 41 75 47 49 89 41 54 81 ]
[ 0 83 35 1 42 87 55 68 64 5 7 90 28 56 64 8 68 7 39 41 82 55 88 24 30 35 73 72 29 27 53 29 62 88 83 56 27 38 76 91 43 83 81 23 39 97 83 59 4 22 ]
[ 1 38 30 41 62 60 28 88 32 9 67 37 91 82 25 74 38 52 64 67 43 60 50 76 83 42 25 67 1 29 41 54 68 23 47 82 36 28 22 68 37 42 58 80 24 35 54 14 88 19 ]
[ 81 83 31 84 12 14 26 37 33 79 19 27 86 39 50 33 73 86 13 96 7 51 90 65 83 14 52 38 80 92 9 62 76 40 46 40 6 24 29 92 3 48 19 41 39 21 27 13 60 40 ]
[ 61 67 43 51 84 27 65 36 17 45 29 26 59 57 18 5 49 76 81 78 68 37 79 87 78 18 61 5 31 21 98 92 88 41 43 24 68 60 12 85 58 93 63 17 50 33 75 51 10 56 ]
[ 30 78 93 9 18 24 79 79 81 11 0 79 55 40 73 99 16 41 11 28 79 69 22 94 87 24 28 14 76 90 70 58 20 16 19 90 92 98 69 73 9 21 5 65 13 78 16 29 71 27 ]
[ 10 50 97 84 97 36 8 25 50 36 67 72 46 87 40 65 78 84 64 99 10 25 73 15 90 38 45 58 68 16 38 30 19 87 14 16 23 74 93 25 11 60 49 57 99 42 75 29 26 39 ]
[ 29 36 64 54 3 7 92 48 65 12 17 3 42 36 90 8 4 65 83 97 42 46 9 44 55 60 86 30 90 12 21 71 1 86 25 56 93 17 5 10 30 22 66 24 10 8 33 14 26 68 ]
[ 63 68 14 24 64 21 84 50 52 74 15 73 45 68 11 22 24 56 40 29 67 22 3 85 98 65 45 31 31 71 51 94 92 65 70 56 87 7 59 91 81 74 16 79 42 28 53 66 84 45 ]
[ 48 3 67 3 88 18 69 86 1 0 57 53 47 1 18 69 58 57 76 17 48 10 43 65 41 37 45 94 55 29 40 3 85 59 59 73 77 28 59 79 80 69 32 27 70 2 97 80 60 25 ]
[ 49 60 35 92 77 76 29 74 71 85 4 63 40 89 22 99 14 0 79 26 79 60 47 63 39 17 65 88 50 77 14 99 90 49 92 19 78 73 94 1 10 50 64 3 91 86 54 57 38 34 ]
[ 83 17 94 30 32 85 0 98 74 50 27 88 1 17 89 45 37 67 71 83 20 81 33 84 36 76 23 91 33 61 25 17 79 71 99 63 56 51 61 30 53 89 70 55 58 60 52 47 79 23 ]
[ 30 0 5 15 84 93 91 7 84 25 69 9 94 0 80 93 63 37 97 77 19 2 18 90 9 76 50 62 24 81 85 54 81 42 22 18 36 13 25 20 38 46 82 32 98 62 78 14 51 75 ]
[ 43 71 77 61 61 87 37 63 1 13 44 86 20 26 81 42 96 17 55 73 89 94 20 71 78 70 34 56 36 37 83 79 60 61 92 73 0 82 36 1 95 33 39 15 11 20 9 7 89 65 ]
[ 80 79 11 52 50 89 75 36 46 11 74 29 43 86 42 35 60 94 17 96 47 65 29 87 32 92 7 42 99 49 59 80 28 70 84 78 59 59 67 57 23 93 87 66 79 81 53 39 76 23 ]
[ 36 23 88 17 62 72 10 22 14 61 71 73 93 99 43 78 29 55 37 96 12 60 41 51 78 21 85 32 60 61 7 48 36 95 18 99 19 80 73 34 41 44 59 87 95 55 65 24 62 54 ]
[ 73 74 67 14 78 45 35 63 29 48 76 36 48 64 83 66 15 3 98 88 89 40 84 0 27 79 7 44 4 69 98 29 96 65 43 74 63 31 89 44 31 65 33 79 81 68 98 97 23 96 ]
[ 85 12 36 70 65 15 49 72 11 5 42 10 86 38 27 82 64 42 13 53 87 96 70 72 75 51 40 73 48 64 22 86 28 10 8 93 26 9 66 37 67 60 99 53 50 79 35 14 21 0 ]
[ 19 60 96 89 32 24 92 25 49 93 89 71 79 17 82 87 63 60 48 81 49 15 41 49 69 91 28 56 57 1 57 76 62 5 17 46 81 9 71 83 2 60 54 33 30 88 72 93 0 21 ]

Timer (sort): 201683ms real	201660ms user	0ms sys
The output is sorted!
[ 19 6 30 24 4 30 11 61 64 65 76 18 65 13 27 12 36 8 0 10 21 4 5 18 88 17 96 6 50 51 20 21 9 3 45 13 33 56 26 49 74 3 20 91 68 47 3 4 7 55 ]
[ 23 18 51 17 26 43 29 2 3 47 43 98 1 62 70 22 0 31 29 38 66 2 47 13 8 13 67 24 20 6 6 43 76 9 12 2 53 41 5 8 41 0 6 42 62 76 16 62 7 97 ]
[ 0 26 44 31 11 3 27 3 11 37 0 65 16 35 35 34 67 33 20 1 18 12 4 71 62 16 40 43 46 40 24 99 66 69 30 77 24 10 32 35 47 85 0 15 20 35 2 40 21 22 ]
[ 0 62 37 18 46 28 19 30 8 21 1 12 73 5 36 37 26 15 38 8 80 22 0 65 16 97 31 78 19 79 0 19 41 37 37 39 17 56 22 25 29 23 38 3 28 26 40 7 93 30 ]
[ 35 5 50 76 2 90 88 3 22 16 9 48 13 29 10 48 64 2 6 18 1 57 18 55 14 43 17 29 79 62 31 14 67 81 42 21 23 30 24 46 46 33 46 12 14 8 12 31 10 18 ]
[ 5 36 19 32 44 49 6 10 84 53 63 12 4 48 26 26 8 2 56 3 42 35 1 12 39 65 26 11 13 56 47 18 45 66 2 41 68 9 3 52 14 66 16 19 15 43 97 23 45 54 ]
[ 3 12 82 19 22 33 23 39 2 16 35 6 0 3 78 3 39 47 28 93 37 34 4 37 70 56 28 63 31 23 71 87 35 5 6 9 39 81 48 41 49 35 0 2 39 30 5 30 30 34 ]
[ 54 6 60 5 10 74 87 99 6 10 42 3 22 11 52 31 5 37 20 81 61 28 51 44 13 3 50 68 4 38 18 10 44 78 15 6 5 3 6 11 13 0 14 87 11 19 70 17 56 91 ]
[ 35 3 31 27 1 22 40 20 36 4 51 38 64 36 9 66 83 4 8 52 76 76 32 16 26 5 23 0 8 8 40 95 11 24 22 12 46 14 84 34 19 87 73 83 23 34 1 6 38 10 ]
[ 6 6 8 25 79 94 15 80 44 60 23 50 90 3 25 22 20 6 9 9 11 54 6 61 9 0 26 69 49 63 69 7 22 29 32 53 23 0 33 19 60 8 22 2 64 47 24 84 5 33 ]
[ 35 86 3 3 45 81 54 41 42 39 26 77 21 44 19 8 57 11 10 17 62 9 0 30 11 8 20 67 71 18 23 6 4 26 9 49 59 15 43 2 54 69 79 28 13 50 36 22 13 46 ]
[ 54 2 27 93 7 99 22 43 14 19 7 6 29 65 28 77 14 19 61 65 14 73 42 18 51 14 14 33 2 3 70 56 5 49 1 12 48 23 7 63 43 14 21 24 80 1 1 94 21 15 ]
[ 0 43 3 14 0 20 29 4 26 53 59 10 30 88 21 31 79 33 32 90 2 87 28 87 89 0 8 9 6 19 50 6 14 6 73 15 26 2 71 4 8 30 15 90 19 88 73 50 21 5 ]
[ 84 6 52 2 23 28 3 5 9 12 18 88 28 98 6 39 1 0 28 53 1 6 70 70 40 63 59 5 27 23 76 11 29 28 65 4 8 20 10 17 33 28 57 13 78 63 52 32 64 33 ]
[ 28 0 35 61 0 26 72 34 46 2 13 40 44 49 52 26 23 4 18 20 6 31 3 85 82 53 98 21 93 53 45 21 54 32 83 6 10 7 41 56 9 6 49 6 55 1 32 30 5 3 ]
[ 2 23 40 20 2 35 9 47 72 1 0 94 37 94 9 95 10 92 26 28 50 24 29 3 5 42 55 37 65 25 9 19 0 50 39 55 37 0 2 10 2 2 4 91 48 65 87 10 57 13 ]
[ 73 6 16 62 21 0 1 6 80 34 5 3 38 21 96 90 63 31 36 5 31 26 21 17 35 20 65 30 19 31 0 92 38 16 6 11 69 8 17 1 94 74 5 32 47 1 22 62 84 11 ]
[ 13 46 38 7 84 59 23 30 4 14 21 46 0 22 15 90 67 80 2 20 14 14 69 0 26 4 66 9 43 62 19 8 9 10 68 45 21 91 75 26 57 48 24 10 23 39 0 90 19 2 ]
[ 83 7 21 19 86 89 0 37 96 18 38 13 11 14 31 17 30 14 24 58 3 36 23 16 10 95 16 53 25 25 46 60 84 67 31 22 8 31 11 5 1 1 18 12 68 1 81 98 15 6 ]
[ 57 14 43 14 10 81 40 13 26 15 59 4 14 4 85 12 9 89 35 12 39 4 61 44 25 11 7 56 46 97 65 4 63 8 18 26 41 58 39 67 26 50 23 40 7 8 4 16 49 40 ]

Timer (generate): 366ms real	340ms user	10ms sys
[ 7 80 99 7 82 46 1 13 77 66 62 65 24 34 62 19 59 50 3 35 4 87 31 19 3 30 19 24 81 87 68 89 67 20 48 1 18 49 15 95 67 29 60 92 64 74 63 75 77 66 ]
[ 62 81 53 94 0 8 76 19 32 57 59 53 98 78 73 46 80 91 48 47 87 15 76 99 59 40 74 23 68 51 89 30 32 95 76 84 3 52 55 88 62 14 41 60 93 14 59 25 57 7 ]
[ 72 96 74 48 96 34 41 70 9 9 73 50 91 5 97 20 41 1 72 96 89 86 63 82 47 8 96 6 33 5 65 5 2 39 53 98 25 46 20 86 7 93 37 99 50 86 71 91 87 95 ]
[ 39 28 82 2 10 29 62 58 87 95 64 4 0 66 95 6 16 21 52 36 59 60 29 48 11 79 35 82 22 22 77 61 3 11 16 65 92 78 76 79 74 40 35 26 58 31 84 74 52 37 ]
[ 62 63 49 91 12 60 22 47 94 44 21 23 5 24 35 73 42 27 4 70 59 30 10 94 56 20 25 41 46 29 30 8 93 79 51 5 91 73 4 37 17 25 60 74 2 47 0 44 27 4 ]
[ 14 86 34 76 80 42 48 58 35 94 87 65 54 32 96 5 89 39 30 93 76 47 19 89 73 21 88 73 17 15 29 83 1 15 11 34 58 59 44 93 5 83 11 59 16 59 16 5 99 46 ]
[ 51 27 45 70 68 70 43 57 96 60 24 25 95 78 41 6 12 51 17 8 96 22 91 7 33 7 19 1 65 70 47 16 97 44 38 18 14 81 27 10 93 51 88 88 29 81 94 93 32 11 ]
[ 1 80 85 93 40 18 52 59 71 69 29 18 85 78 14 75 96 80 56 23 91 49 75 31 89 4 12 35 50 96 98 51 76 83 96 16 53 1 75 24 70 56 94 56 35 8 31 31 89 40 ]
[ 7 32 41 82 15 31 38 27 66 40 75 65 92 51 0 40 20 54 41 47 30 12 4 25 20 91 85 3 22 26 95 29 58 37 63 73 20 54 52 86 94 27 3 38 31 4 79 51 10 72 ]
[ 50 40 36 54 65 8 45 51 12 20 29 59 1 88 96 17 13 16 71 18 55 17 45 58 56 28 14 87 31 24 59 82 65 48 88 82 56 86 33 20 58 63 80 59 3 76 28 68 45 99 ]
[ 86 0 17 84 10 25 12 77 12 44 1 23 78 66 71 18 49 28 4 34 48 62 49 28 74 4 57 2 73 54 54 59 6 71 43 68 96 8 45 60 4 47 83 82 13 55 0 14 83 57 ]
[ 1 83 19 50 64 45 7 73 48 80 27 2 91 33 25 87 1 73 95 47 33 99 94 68 33 59 23 85 26 58 42 27 94 14 29 58 59 36 31 59 68 58 61 60 43 38 99 96 63 94 ]
[ 43 96 45 89 17 30 1 40 15 27 51 58 6 45 72 87 3 31 24 86 91 44 44 4 4 39 95 55 35 58 1 31 7 46 20 24 76 73 64 44 52 15 2 58 12 74 46 15 57 22 ]
[ 1 48 66 97 5 23 36 0 30 24 58 32 55 17 78 27 41 7 1 58 51 53 25 5 64 38 79 62 5 88 36 7 89 54 56 94 29 93 46 60 69 56 92 24 74 22 3 67 81 4 ]
[ 25 84 10 3 89 26 41 20 88 46 9 76 5 98 30 62 44 60 7 42 20 76 98 64 52 72 86 55 92 20 60 17 4 22 20 94 48 13 14 88 60 75 64 65 25 94 27 21 6 34 ]
[ 63 78 62 62 42 14 86 81 70 78 1 82 48 5 4 20 51 4 34 66 92 46 93 56 11 19 2 91 40 9 77 56 87 40 18 82 6 56 15 28 87 16 10 35 73 66 7 25 22 41 ]
[ 43 14 87 36 22 51 7 25 94 0 86 71 56 25 63 26 7 22 82 22 50 69 90 61 56 64 79 64 89 2 57 32 68 97 20 91 48 28 68 42 28 54 65 84 79 81 10 39 3 44 ]
[ 13 53 66 4 66 74 20 46 90 9 0 48 93 68 45 65 11 45 93 79 39 73 85 4 9 17 37 71 56 40 16 69 46 34 25 12 8 45 10 51 6 62 51 51 83 48 17 94 93 62 ]
[ 26 84 88 11 40 97 28 78 69 84 18 37 6 64 23 83 29 83 81 91 34 39 54 37 91 37 85 60 31 78 74 57 14 62 21 55 12 49 33 33 86 3 22 44 20 45 27 49 80 60 ]
[ 40 67 0 46 4 91 83 90 3 67 20 77 76 35 92 97 90 4 47 75 37 85 78 59 29 98 56 56 99 36 17 92 3 69 38 8 12 74 50 15 41 70 44 17 5 88 67 47 92 66 ]

Timer (sort): 193967ms real	193910ms user	0ms sys
The output is sorted!
[ 16 3 40 61 17 36 18 16 16 44 47 33 64 22 28 86 13 27 5 16 94 35 79 61 22 19 0 1 56 33 32 73 36 24 34 5 13 4 22 29 0 69 15 17 43 43 3 8 22 8 ]
[ 50 89 6 36 50 2 33 7 34 25 33 37 58 21 33 36 44 30 26 33 11 24 6 77 32 47 17 0 83 20 52 33 9 10 21 11 12 6 19 46 31 4 36 90 26 69 26 22 51 4 ]
[ 77 3 4 70 21 7 1 10 43 52 57 6 55 50 30 80 49 29 23 33 16 20 22 3 50 20 16 10 1 60 47 30 64 3 1 37 10 54 47 5 7 4 12 14 54 94 94 56 23 17 ]
[ 37 90 4 5 23 96 13 42 15 41 17 4 32 23 6 39 39 39 3 36 73 28 15 77 16 14 31 33 15 4 60 53 94 17 10 18 13 23 12 80 16 29 36 48 4 42 39 44 33 43 ]
[ 34 31 29 0 41 8 42 97 78 77 62 2 30 4 89 17 23 18 4 3 7 19 26 29 33 76 19 1 21 81 43 7 12 72 7 5 33 2 54 11 79 17 13 61 73 2 30 49 20 34 ]
[ 5 63 29 75 30 39 24 13 5 42 58 13 29 13 28 45 45 16 68 9 65 1 20 44 12 72 24 26 27 59 15 84 22 44 12 4 35 36 18 40 30 28 6 59 93 34 4 39 2 25 ]
[ 51 17 1 67 29 0 48 13 1 75 9 1 62 26 44 94 40 56 57 52 45 45 1 88 20 13 85 3 54 23 99 5 40 1 24 22 1 72 35 3 0 44 56 14 22 0 8 62 8 17 ]
[ 66 10 87 63 15 88 72 16 10 1 3 7 40 99 46 13 15 3 99 30 11 55 7 68 33 78 34 44 0 25 12 19 35 52 82 2 40 54 19 3 7 22 10 0 73 9 13 40 12 12 ]
[ 8 26 59 15 38 10 2 14 59 8 28 12 51 29 39 35 1 94 39 13 5 64 45 13 20 25 84 24 19 26 43 27 5 54 42 43 64 96 57 23 5 37 35 8 66 27 43 19 21 35 ]
[ 13 61 16 31 68 39 14 71 49 27 12 97 23 36 41 43 33 35 77 56 81 6 55 54 31 22 53 15 15 2 4 28 63 73 11 31 12 78 3 13 5 15 10 28 3 4 23 36 39 0 ]
[ 12 40 14 5 40 36 6 6 21 60 98 77 11 41 8 17 37 31 15 35 27 39 81 49 83 10 45 3 34 47 11 46 39 25 3 79 13 10 38 34 70 88 11 33 29 19 50 18 2 18 ]
[ 4 71 30 16 2 75 37 14 16 3 31 53 45 30 18 16 38 26 28 19 19 63 73 14 40 23 8 37 32 1 12 36 72 42 5 75 69 42 41 38 45 24 91 43 6 10 11 45 36 40 ]
[ 41 29 49 1 6 9 26 77 2 76 23 35 67 14 2 93 60 36 26 73 5 29 19 2 27 18 24 75 6 27 3 0 9 4 1 15 65 79 45 67 7 68 54 74 34 8 19 46 44 46 ]
[ 24 19 44 28 20 35 24 39 14 98 75 21 10 14 49 35 24 75 53 21 4 28 36 29 54 24 71 12 82 4 7 6 23 3 34 44 38 11 35 5 61 10 78 71 76 28 6 0 55 11 ]
[ 32 1 43 17 14 49 22 12 10 2 12 93 9 23 11 7 27 65 1 2 14 78 62 49 99 10 21 24 21 13 6 6 14 49 23 81 50 97 93 60 51 5 6 61 80 17 68 7 34 21 ]
[ 29 86 36 56 31 49 33 7 75 46 53 30 4 17 30 8 82 19 49 21 20 3 6 88 1 10 38 50 28 74 88 57 12 24 13 43 26 98 3 1 44 56 31 1 25 14 9 7 33 10 ]
[ 47 48 23 30 28 25 40 5 19 18 10 48 15 68 22 28 9 5 28 90 72 76 24 26 48 15 46 48 44 12 1 43 12 76 25 41 54 17 46 73 35 8 22 3 77 44 31 38 1 12 ]
[ 32 62 59 30 75 22 22 69 28 7 14 21 25 93 2 18 1 21 56 47 61 37 58 3 16 40 23 8 70 11 19 2 25 78 33 53 52 7 22 32 14 37 53 40 82 7 10 35 28 18 ]
[ 72 52 23 9 95 58 1 34 67 11 0 58 7 48 44 40 3 14 33 12 42 16 7 41 36 22 18 33 55 9 0 79 13 24 40 8 34 42 42 53 5 94 11 64 42 7 4 46 21 90 ]
[ 79 7 57 2 46 74 17 36 45 29 6 55 89 22 36 62 75 2 0 42 52 17 19 11 24 24 1 59 84 6 2 63 13 11 17 11 37 86 47 83 15 5 38 4 27 26 67 3 28 19 ]

