Timer (generate): 61ms real	40ms user	0ms sys
[ 0 43 53 8 94 83 22 70 75 18 29 3 73 66 85 68 67 63 47 32 57 77 26 42 30 89 12 96 60 4 93 60 47 98 68 94 81 42 64 8 12 94 63 85 60 48 5 79 11 4 ]
[ 11 69 81 89 63 12 30 75 60 90 79 53 50 79 51 71 73 85 65 37 93 30 83 57 15 95 57 73 74 69 29 37 90 11 78 53 75 8 29 35 98 60 40 1 91 43 24 64 80 41 ]
[ 54 74 71 89 83 39 37 40 12 63 61 41 1 3 4 31 57 31 40 38 18 90 50 10 43 42 54 67 58 34 61 12 60 32 54 95 71 91 88 35 54 1 77 7 5 33 39 14 65 31 ]
[ 52 35 21 54 46 17 96 0 36 55 86 97 19 99 30 25 94 1 16 34 37 23 36 66 82 41 51 73 55 68 4 59 4 78 13 50 47 62 50 83 17 88 81 88 87 11 14 82 64 82 ]
[ 68 53 57 4 19 40 97 23 65 4 91 22 63 95 52 29 45 99 91 47 82 60 36 63 48 23 74 14 57 39 49 26 92 6 82 64 98 80 39 64 36 30 38 0 26 90 81 23 89 72 ]
[ 71 71 32 7 35 32 82 61 99 92 52 48 70 97 6 52 13 5 84 52 21 21 82 59 73 60 49 54 84 90 78 7 61 62 66 48 94 0 62 45 92 14 93 62 63 52 67 76 57 51 ]
[ 80 30 24 63 89 49 75 90 55 11 80 33 18 93 95 84 94 42 85 56 39 29 22 85 92 38 37 59 14 46 62 95 76 39 10 17 88 37 7 96 49 39 29 67 84 77 4 78 71 41 ]
[ 34 62 70 9 47 62 47 84 73 13 30 88 60 58 79 22 75 19 60 34 15 9 73 97 76 58 26 32 88 97 73 23 11 44 84 59 58 31 95 32 96 78 72 57 36 51 79 64 70 91 ]
[ 98 38 0 24 35 29 34 61 61 22 10 35 97 21 79 81 32 89 64 28 21 61 6 45 70 94 96 1 58 19 93 57 57 45 33 92 74 67 5 88 89 15 75 87 88 6 20 21 95 85 ]
[ 49 17 98 7 62 20 1 11 73 60 30 66 69 87 64 54 31 38 21 36 78 10 3 53 49 91 59 70 64 55 7 13 72 57 72 86 29 74 49 2 86 79 69 7 18 85 61 1 23 34 ]
[ 89 54 44 92 7 46 36 67 68 0 22 27 66 46 84 38 84 13 64 34 67 2 65 88 9 36 73 22 37 49 56 79 3 53 71 10 51 59 77 19 60 51 46 26 97 82 16 34 47 81 ]
[ 68 14 83 85 55 45 21 28 19 11 77 76 90 80 81 13 91 32 25 20 3 85 72 1 63 21 35 79 55 82 12 75 48 48 61 3 93 82 84 12 45 61 40 87 42 73 53 85 5 78 ]
[ 57 60 15 29 61 78 3 96 9 58 30 22 86 31 22 47 86 15 81 70 79 27 32 72 66 26 45 19 63 3 97 20 63 12 2 77 42 5 73 4 15 4 26 1 87 48 48 73 15 82 ]
[ 44 46 9 28 18 27 54 16 47 69 19 96 89 34 61 91 11 3 48 37 7 64 93 85 65 80 85 66 53 52 48 49 99 9 77 69 36 83 37 35 52 8 32 42 43 93 85 6 48 34 ]
[ 43 8 98 36 45 15 16 31 81 22 35 81 71 86 42 49 56 79 84 45 14 37 54 98 31 97 43 16 55 92 50 99 52 48 87 97 16 4 80 49 78 16 31 49 2 73 50 10 4 87 ]
[ 56 71 24 10 69 55 59 65 71 14 57 74 65 61 74 53 58 90 9 39 40 87 7 23 88 9 96 91 72 53 78 80 24 2 90 45 9 1 10 32 15 19 6 81 80 81 34 39 23 95 ]
[ 30 63 82 37 86 70 98 35 61 70 88 39 50 64 93 92 9 2 93 20 87 61 91 93 94 72 26 80 63 50 75 93 65 57 82 52 79 80 39 41 3 79 32 53 43 78 98 52 80 91 ]
[ 24 67 52 16 13 98 88 39 78 51 41 53 96 7 62 78 11 42 10 50 35 13 29 67 19 24 45 17 76 78 8 1 97 13 17 62 11 57 2 90 60 95 95 56 2 58 86 65 0 96 ]
[ 15 35 62 96 54 81 20 52 98 49 82 58 50 79 71 19 94 35 76 48 77 36 43 72 44 46 82 82 11 82 30 79 69 92 27 76 73 0 28 23 49 10 82 51 41 53 70 87 40 98 ]
[ 35 17 86 79 42 82 77 24 64 40 59 46 19 28 39 99 4 64 99 84 88 48 46 70 51 88 75 21 75 16 19 63 33 57 42 75 39 19 52 55 59 11 1 31 39 40 30 96 57 29 ]

Timer (sort): 3525ms real	2060ms user	0ms sys
The output is sorted!
[ 51 69 15 0 55 27 32 36 95 0 21 20 74 93 58 8 12 59 10 37 1 5 25 30 0 23 6 14 19 45 9 22 14 76 23 69 3 7 6 50 8 79 70 34 73 28 42 37 39 4 ]
[ 62 9 6 6 39 0 40 9 53 13 69 10 0 77 34 1 56 30 24 24 6 76 60 62 30 34 48 1 35 56 18 97 17 24 3 8 24 44 17 29 57 38 39 9 16 73 63 24 55 87 ]
[ 55 46 0 43 92 84 23 76 5 6 47 23 6 5 49 62 38 10 71 30 42 10 27 35 27 62 41 2 69 12 83 24 10 35 19 3 71 43 31 76 1 78 0 8 36 1 22 26 11 45 ]
[ 55 86 33 52 2 27 13 54 4 5 11 19 4 79 28 19 31 40 22 12 2 47 9 96 50 40 24 13 7 80 33 62 19 66 66 21 45 31 27 2 36 38 21 40 70 1 59 53 41 34 ]
[ 32 2 62 56 51 21 65 16 18 30 3 13 31 52 27 41 79 74 3 15 36 3 56 8 67 57 9 67 13 35 6 45 38 69 1 41 42 18 57 12 0 12 26 32 65 5 25 96 79 28 ]
[ 32 62 5 69 34 19 4 31 33 76 1 68 25 9 3 21 37 76 61 1 73 43 82 23 69 27 21 3 12 52 15 45 14 21 14 48 92 18 32 25 46 33 45 24 43 0 45 32 77 6 ]
[ 21 11 20 9 65 15 35 25 3 5 89 5 4 77 2 57 54 16 21 40 47 64 84 3 14 74 91 70 33 30 12 6 94 32 15 59 48 50 36 3 7 25 8 11 54 10 68 8 78 41 ]
[ 74 30 1 4 1 25 59 35 88 36 6 11 18 13 68 67 3 20 40 60 20 38 38 4 40 6 33 6 94 13 5 20 43 58 24 44 84 83 31 24 19 37 87 89 2 7 8 57 27 49 ]
[ 78 57 0 48 97 33 39 56 3 82 13 12 77 33 22 91 19 66 1 51 14 30 13 27 46 41 67 60 27 49 10 6 6 62 6 3 47 45 60 2 79 25 14 9 59 37 0 30 3 1 ]
[ 29 32 22 6 40 40 14 16 59 47 86 18 65 76 25 93 34 61 23 26 41 88 50 33 17 63 13 1 19 19 4 0 3 78 6 43 70 20 11 30 20 97 0 37 25 78 30 12 39 5 ]
[ 23 24 50 18 22 27 15 7 72 39 40 39 91 41 13 53 18 8 97 85 2 19 17 61 12 50 24 27 12 57 2 88 33 52 58 56 32 73 15 4 65 7 43 8 48 9 14 19 17 63 ]
[ 88 48 6 11 40 34 61 17 60 65 41 38 23 33 16 43 14 45 13 1 30 81 35 60 71 34 88 4 21 53 61 10 1 19 73 41 6 34 10 18 51 51 8 26 36 24 69 2 21 35 ]
[ 71 30 16 28 43 12 40 1 64 35 33 76 83 5 14 11 17 24 36 7 21 19 46 47 8 15 8 26 14 35 21 37 17 38 66 60 2 58 14 18 45 99 46 28 4 61 91 21 85 79 ]
[ 55 78 91 20 57 25 7 18 30 37 36 16 59 0 7 1 86 54 25 38 45 20 9 28 8 42 33 6 18 18 80 73 97 23 46 6 48 5 24 30 42 12 98 53 65 5 7 51 11 32 ]
[ 78 83 23 67 16 46 66 26 2 6 0 54 1 25 10 29 3 18 22 16 16 95 83 23 5 54 34 47 11 16 20 41 52 44 8 68 42 27 46 44 33 47 50 34 24 61 15 27 79 38 ]
[ 53 15 2 83 77 19 71 33 13 58 61 13 60 0 7 60 14 4 3 55 73 13 27 14 45 1 81 22 84 41 52 37 56 6 20 33 25 43 19 38 1 80 3 62 32 10 22 46 66 25 ]
[ 4 13 7 18 40 77 90 64 85 54 7 15 9 3 3 0 67 97 3 24 68 16 13 54 44 28 16 61 28 95 65 32 8 25 50 0 2 40 16 39 47 75 7 56 31 10 57 98 7 12 ]
[ 21 56 29 4 33 47 35 8 13 47 77 8 31 45 79 19 8 16 42 6 5 98 84 17 1 31 30 35 52 74 25 73 31 6 30 64 5 65 25 18 12 2 78 43 47 58 62 7 74 5 ]
[ 31 54 73 5 83 79 32 38 46 27 31 30 67 21 10 18 62 36 25 73 8 18 9 10 87 15 42 30 89 29 18 20 84 43 77 19 23 62 10 21 41 41 51 8 14 14 26 28 2 3 ]
[ 29 20 34 7 28 23 20 79 2 15 8 35 68 23 20 74 27 50 57 33 95 47 28 70 35 41 2 63 81 31 54 11 51 41 70 31 16 42 11 18 9 19 5 77 94 25 4 22 27 13 ]

Timer (generate): 47ms real	30ms user	0ms sys
[ 52 50 37 91 39 16 22 93 16 89 27 68 78 45 88 73 42 96 46 82 8 62 9 21 67 60 45 37 33 68 72 37 70 61 28 61 77 2 54 45 92 34 66 22 31 54 48 73 2 94 ]
[ 7 11 8 16 84 75 76 29 64 61 49 89 98 71 50 78 32 28 81 39 73 25 25 39 99 56 45 47 81 48 93 89 59 2 5 95 29 34 77 94 47 26 83 46 98 33 76 82 13 57 ]
[ 21 87 34 46 78 34 54 76 33 36 24 79 25 35 81 82 30 62 68 7 56 16 86 39 62 36 25 38 18 38 48 92 77 34 38 8 20 93 84 6 81 8 85 6 43 18 40 25 80 9 ]
[ 85 37 25 71 28 39 59 53 29 77 44 29 69 73 64 60 81 84 5 17 42 86 25 27 44 20 45 84 98 26 93 83 15 18 6 95 57 65 1 87 94 45 16 16 18 32 76 52 69 81 ]
[ 69 11 19 47 39 63 19 36 47 17 14 41 52 81 59 10 77 69 27 78 8 22 23 76 90 93 61 66 45 30 99 15 41 18 14 32 81 33 69 28 51 35 21 55 17 33 66 94 2 45 ]
[ 72 62 19 47 90 9 40 51 27 38 81 26 5 75 44 19 7 25 52 28 6 55 64 27 63 33 60 81 27 14 26 51 28 98 50 19 7 90 70 35 80 4 61 85 79 58 56 86 35 61 ]
[ 67 41 16 31 21 79 16 33 12 43 48 39 46 76 37 96 95 96 38 18 83 19 22 97 56 53 55 13 91 90 74 58 84 42 41 57 74 57 90 86 52 90 77 98 67 66 94 14 15 85 ]
[ 32 98 4 6 95 12 11 2 77 3 93 3 61 29 46 55 38 72 64 28 10 17 19 88 67 38 6 62 52 21 99 37 72 55 95 67 67 7 70 45 62 15 0 23 96 46 30 34 70 95 ]
[ 14 81 64 33 21 31 23 27 45 76 1 44 65 73 99 12 92 67 19 14 64 81 81 64 57 77 63 39 63 85 34 78 66 98 63 39 82 87 19 27 15 20 72 32 45 23 44 89 42 16 ]
[ 4 6 97 85 23 6 15 38 46 30 23 32 60 42 83 24 81 65 63 0 92 30 20 16 14 17 40 58 7 82 74 11 41 24 48 16 30 15 54 28 46 29 61 6 71 96 82 53 61 97 ]
[ 53 5 79 26 74 93 95 14 52 2 48 78 65 41 2 14 57 85 29 63 13 27 93 26 34 16 22 68 69 35 66 75 41 45 53 15 39 48 81 43 3 29 73 68 71 28 34 80 13 64 ]
[ 44 78 91 89 57 77 5 79 46 27 67 12 54 60 9 59 75 0 59 8 95 62 89 69 31 12 97 65 93 62 81 89 92 25 78 49 2 35 81 0 14 48 64 20 8 74 79 35 26 39 ]
[ 43 22 1 84 43 84 97 40 50 42 54 83 31 46 8 61 96 63 48 77 63 63 77 28 83 85 54 63 72 80 54 67 54 55 51 97 92 0 89 94 42 95 77 73 42 38 86 90 1 35 ]
[ 19 16 98 96 96 33 33 2 96 57 83 2 24 89 10 27 39 2 28 28 96 22 24 25 96 18 63 34 8 16 69 79 85 19 27 81 53 60 84 1 69 19 4 93 60 14 72 99 68 0 ]
[ 80 64 23 56 41 71 74 57 57 34 73 27 13 10 46 40 92 51 52 28 53 21 99 9 66 59 23 38 11 91 91 91 7 66 47 0 89 73 57 46 7 83 25 72 93 72 12 37 75 16 ]
[ 65 28 37 16 37 55 28 12 93 39 55 36 82 14 54 29 15 43 2 72 90 61 55 67 33 1 91 97 38 67 13 56 47 50 72 37 57 0 49 2 91 57 39 73 71 93 54 38 89 8 ]
[ 11 31 69 18 98 54 19 90 51 10 57 64 66 4 66 38 41 23 91 43 26 82 52 17 8 23 62 62 62 51 23 25 82 44 95 81 99 67 71 50 77 80 67 43 36 85 33 30 61 24 ]
[ 73 39 59 77 56 67 0 18 81 14 70 4 91 4 49 87 85 0 6 8 2 83 40 69 78 77 7 11 7 68 88 32 7 47 9 63 66 61 33 99 28 55 56 19 60 57 58 45 57 64 ]
[ 6 59 99 46 81 29 75 88 41 34 8 29 18 15 28 79 30 46 41 63 45 21 19 1 40 31 10 51 28 67 67 34 79 19 33 60 48 8 0 89 95 8 70 13 23 50 93 5 96 86 ]
[ 20 42 7 91 95 99 22 6 50 51 25 18 85 4 37 70 16 37 31 16 27 26 76 49 39 51 0 32 56 96 70 77 90 77 68 86 77 91 44 79 94 69 49 31 74 38 2 90 76 33 ]

Timer (sort): 2849ms real	1990ms user	0ms sys
The output is sorted!
[ 25 34 20 4 28 11 8 2 64 20 7 8 15 39 52 15 36 45 23 44 20 11 44 63 21 4 94 17 92 43 43 69 29 15 26 10 27 34 12 43 7 19 51 22 10 56 38 46 1 13 ]
[ 2 26 47 37 18 40 2 66 15 16 83 63 23 17 93 4 17 28 4 12 12 3 26 52 14 34 31 70 17 47 88 19 73 35 8 44 27 10 10 94 79 45 57 2 15 2 59 32 31 15 ]
[ 2 38 91 42 3 17 26 2 24 35 79 35 6 4 6 3 10 10 50 34 59 28 26 30 6 29 98 7 51 25 38 54 64 30 48 19 99 26 21 75 61 0 63 19 56 69 23 18 31 25 ]
[ 74 15 69 53 28 11 12 7 35 43 59 0 20 46 38 30 8 59 3 17 31 9 7 49 46 59 35 44 49 1 22 23 68 43 28 48 6 41 55 42 36 14 42 56 12 33 38 21 92 41 ]
[ 14 41 64 5 44 93 1 36 8 89 18 29 6 76 0 7 83 9 36 5 13 29 31 86 33 0 61 0 40 36 1 54 29 17 60 73 63 13 61 23 2 80 52 60 56 4 20 39 13 8 ]
[ 56 43 45 21 60 37 73 72 81 51 29 54 17 54 10 10 89 35 8 32 2 27 7 22 20 0 5 25 5 62 20 62 5 17 35 17 54 60 90 87 12 19 41 29 25 3 40 14 39 0 ]
[ 15 13 19 11 3 92 17 21 25 3 90 77 6 42 34 30 1 7 48 14 34 31 67 68 43 49 50 84 13 77 47 28 42 18 91 97 11 60 18 88 64 8 17 22 2 3 4 3 10 5 ]
[ 28 34 22 5 12 63 37 53 24 71 66 21 8 31 25 5 77 2 33 0 39 57 75 27 41 5 14 60 36 73 28 64 8 2 22 72 18 11 25 94 34 44 16 42 27 93 0 5 48 33 ]
[ 43 6 19 70 6 22 92 79 33 30 4 14 36 10 8 68 4 13 2 46 43 7 73 18 6 89 77 29 32 2 8 27 60 79 97 66 1 41 45 34 71 1 48 8 12 9 28 68 22 30 ]
[ 9 48 48 63 1 92 58 46 41 48 1 12 58 5 0 12 50 13 42 55 15 16 12 96 82 6 39 48 15 26 53 24 26 1 39 28 45 49 74 38 49 27 2 7 85 2 20 35 15 62 ]
[ 36 86 82 15 5 92 93 12 48 5 46 55 45 45 16 25 37 0 34 6 34 71 26 53 24 10 30 37 13 66 31 1 4 13 16 9 6 61 73 6 19 19 13 64 17 82 42 6 82 28 ]
[ 28 46 54 11 2 48 94 2 37 48 38 12 11 62 18 92 69 22 17 26 37 16 88 28 5 37 74 5 46 14 5 27 61 11 38 15 11 32 70 1 32 8 13 44 70 32 88 92 6 6 ]
[ 5 79 2 16 1 1 6 48 4 9 22 34 13 65 72 43 64 47 97 22 67 85 79 90 19 38 6 42 31 73 94 37 5 48 5 6 1 11 54 5 21 28 40 34 94 12 29 10 11 26 ]
[ 94 39 35 36 1 22 69 2 41 4 59 8 51 21 2 14 16 14 42 26 50 24 11 56 63 5 47 46 43 96 28 89 35 63 25 36 38 46 38 31 3 49 39 6 23 41 20 39 55 15 ]
[ 11 35 78 17 41 53 51 97 13 90 37 46 15 29 26 17 5 6 82 14 96 33 2 31 24 26 6 25 21 10 27 32 97 5 49 38 10 1 87 23 43 24 70 58 5 48 27 11 7 61 ]
[ 11 6 21 28 18 41 77 92 23 81 61 12 39 65 36 40 17 3 46 2 37 19 69 41 18 47 46 35 9 31 39 72 37 12 0 56 53 29 48 28 62 9 40 2 26 29 42 43 32 40 ]
[ 37 3 13 42 3 81 24 11 5 64 9 39 81 40 18 11 29 2 0 80 22 21 22 94 53 53 65 32 17 6 54 6 62 67 0 65 1 25 29 6 89 38 45 70 30 63 33 59 18 33 ]
[ 84 36 97 54 15 48 15 40 39 22 9 22 4 13 89 34 19 50 55 39 43 56 34 62 37 54 50 49 15 17 4 0 54 1 6 69 2 21 10 41 95 71 16 0 36 5 34 7 56 41 ]
[ 0 66 1 72 7 76 22 27 68 7 8 7 15 45 41 3 85 16 9 28 77 28 22 5 19 49 15 6 77 46 60 29 64 13 1 24 90 75 3 58 35 11 66 50 8 59 53 93 27 15 ]
[ 26 16 16 29 7 19 1 77 18 33 44 5 20 41 36 11 56 26 57 24 44 37 41 31 65 6 34 34 14 88 15 40 4 83 22 12 2 75 41 20 8 85 78 80 27 14 91 35 93 1 ]

Timer (generate): 59ms real	30ms user	0ms sys
[ 58 97 23 16 84 12 42 76 18 73 19 22 66 14 10 7 32 79 39 83 74 87 17 25 44 61 83 57 2 26 95 60 23 18 28 60 30 23 36 1 96 7 23 62 73 86 69 5 65 60 ]
[ 40 92 47 9 17 44 71 52 53 73 30 48 85 54 66 14 66 49 89 2 2 85 9 25 99 35 11 20 40 29 80 33 21 80 42 90 24 13 95 77 38 25 26 76 31 44 90 97 45 79 ]
[ 51 47 16 13 25 15 48 88 35 40 17 67 73 90 47 16 33 71 81 28 1 72 5 27 48 89 23 90 38 21 21 90 20 37 55 97 4 3 86 39 95 55 6 69 46 6 37 31 77 70 ]
[ 11 78 42 16 57 90 57 33 32 96 6 53 86 26 90 93 24 94 48 62 85 43 17 44 64 15 50 53 46 79 24 57 58 18 26 67 61 83 52 93 31 58 47 69 85 37 62 61 84 10 ]
[ 23 21 6 92 65 22 8 67 76 6 47 0 64 57 70 42 24 31 77 77 25 9 87 72 78 24 61 93 85 97 55 60 19 61 53 36 84 13 4 60 19 51 12 35 8 82 77 84 66 7 ]
[ 13 91 68 1 15 46 25 28 91 63 26 47 23 97 8 28 33 44 41 37 4 13 88 68 48 48 3 26 33 21 85 46 12 53 47 79 51 73 7 43 88 85 90 63 82 50 92 68 95 85 ]
[ 5 51 98 46 72 47 94 75 25 27 48 62 74 60 15 73 91 66 98 50 61 86 36 51 50 70 54 94 38 49 31 96 52 30 42 24 29 88 51 6 16 99 68 42 11 83 15 2 1 14 ]
[ 53 63 52 41 66 2 63 72 48 2 21 80 50 26 10 44 50 91 32 2 97 0 53 65 42 65 0 10 67 1 76 72 16 28 65 35 83 29 7 31 83 81 11 33 7 73 29 57 16 61 ]
[ 11 13 14 65 30 8 82 30 18 49 84 94 74 52 75 39 39 58 20 47 41 3 28 53 88 87 78 17 44 95 79 8 60 45 73 91 53 55 73 72 56 9 18 82 14 45 74 53 3 94 ]
[ 0 45 98 80 50 86 67 28 56 64 75 35 72 36 80 97 79 85 4 4 57 12 14 28 47 80 73 73 33 29 67 86 74 17 66 76 56 86 4 12 2 32 99 26 20 31 23 99 16 79 ]
[ 55 26 43 69 54 42 49 79 15 35 8 83 21 34 52 39 10 8 25 67 72 27 51 71 5 71 2 28 22 19 59 77 97 55 99 51 97 0 82 13 35 43 48 56 77 52 48 40 61 25 ]
[ 7 33 5 58 57 10 81 59 91 3 30 50 80 27 57 79 30 55 32 65 20 67 8 20 76 85 72 24 77 85 49 84 71 54 94 28 17 27 39 8 30 70 58 63 49 68 94 32 75 26 ]
[ 97 47 94 5 67 22 42 91 46 20 77 47 56 0 54 3 28 71 30 67 79 13 89 89 76 91 9 70 23 84 97 20 31 43 77 50 65 71 42 63 91 71 62 0 71 68 3 51 39 85 ]
[ 70 70 98 60 12 26 3 21 97 26 58 46 98 89 89 75 92 54 46 86 69 90 57 31 42 80 0 97 31 91 82 1 14 33 13 26 59 16 99 8 94 57 54 92 99 43 19 91 49 18 ]
[ 77 70 60 86 2 2 66 54 99 49 97 81 2 11 66 16 89 78 84 89 86 79 98 41 23 49 36 43 92 38 13 21 8 73 7 62 75 25 68 74 26 66 7 29 29 26 97 19 4 81 ]
[ 60 90 12 10 83 36 60 20 31 52 10 44 74 18 17 33 33 44 11 1 70 37 19 29 66 49 55 15 20 11 97 80 2 9 90 85 97 2 57 28 55 67 72 81 38 41 66 23 37 77 ]
[ 76 7 67 96 37 85 97 44 1 17 56 98 97 10 59 39 95 57 42 5 85 49 24 10 82 62 3 0 37 41 30 14 48 97 62 37 82 59 82 83 76 90 33 25 0 45 64 47 2 58 ]
[ 52 39 59 29 1 41 91 5 42 81 98 72 95 46 69 57 36 3 16 70 39 44 60 72 21 60 69 37 59 71 96 64 63 55 93 16 49 36 21 91 17 19 15 12 18 36 21 54 39 89 ]
[ 76 30 33 36 55 54 48 24 92 7 96 40 71 11 95 16 27 96 53 1 87 70 72 54 35 42 90 56 48 82 46 24 12 31 60 67 38 60 92 30 20 40 22 91 3 69 60 30 66 13 ]
[ 83 5 35 56 60 70 50 50 79 99 32 77 23 45 8 36 64 46 48 56 28 68 48 50 12 51 72 72 34 38 85 17 43 72 25 3 95 76 6 74 27 38 51 2 35 11 38 52 10 39 ]

Timer (sort): 3255ms real	2030ms user	0ms sys
The output is sorted!
[ 1 7 18 46 32 21 98 8 5 7 6 38 29 25 7 64 74 84 63 37 32 4 60 10 63 60 28 78 7 2 30 8 61 48 6 93 22 4 1 27 11 59 18 41 36 25 57 10 62 20 ]
[ 35 72 0 16 15 7 7 45 77 37 22 30 31 2 35 0 75 57 73 35 8 34 27 16 23 9 0 37 65 3 52 53 27 4 21 43 12 29 40 89 18 62 72 49 16 7 2 44 65 75 ]
[ 36 22 54 6 11 56 89 68 4 8 9 4 0 42 43 27 20 50 39 73 22 53 29 17 40 17 86 11 19 7 3 7 29 57 13 93 13 2 61 70 10 22 26 62 16 69 41 37 71 32 ]
[ 34 35 5 4 22 33 88 20 36 76 33 4 3 56 25 17 67 37 13 53 1 50 20 18 88 35 39 38 9 32 23 44 20 28 48 42 13 88 62 1 17 96 5 20 4 30 38 71 67 3 ]
[ 50 52 7 8 83 4 0 35 36 16 28 40 39 52 10 84 68 7 63 62 92 2 56 21 38 56 31 0 94 26 52 44 30 11 4 13 67 5 0 4 73 29 44 12 33 6 48 1 13 63 ]
[ 1 40 27 27 3 91 63 13 19 34 81 27 45 12 22 8 5 26 21 40 36 33 76 21 11 4 43 7 82 65 46 35 6 25 14 61 17 77 26 88 12 59 16 9 23 90 17 28 16 91 ]
[ 0 38 9 34 42 69 45 79 5 30 25 37 76 6 8 33 23 3 8 32 69 97 71 33 39 61 88 44 28 34 20 29 73 29 15 67 51 12 46 8 42 23 45 70 30 5 4 5 9 12 ]
[ 50 37 18 12 79 7 37 45 50 59 12 30 24 16 13 34 10 59 28 47 17 58 16 6 47 71 68 29 61 30 38 11 19 56 75 98 16 12 43 18 24 55 1 48 23 14 34 33 26 62 ]
[ 55 46 27 99 30 65 33 12 31 55 3 3 0 12 28 0 19 15 80 28 16 47 43 40 2 5 5 75 72 4 28 79 50 7 78 80 24 63 44 7 70 48 11 71 12 91 23 31 6 3 ]
[ 59 82 19 35 19 11 56 1 83 26 64 10 42 5 39 75 21 7 68 0 61 6 15 84 99 58 61 26 2 79 36 13 13 7 48 84 70 5 85 5 31 2 16 25 7 55 0 28 14 20 ]
[ 29 95 1 44 81 33 18 19 0 2 47 97 98 10 33 65 37 4 87 38 32 33 59 16 16 40 12 22 16 72 28 45 68 29 41 1 14 11 20 14 13 20 63 11 30 48 29 19 52 68 ]
[ 10 12 8 41 12 6 63 10 53 68 2 3 48 88 33 75 11 75 10 27 77 21 43 70 0 40 15 35 12 15 67 74 27 75 68 92 34 31 2 87 0 4 42 0 44 76 27 7 3 37 ]
[ 63 20 45 10 69 29 10 90 8 84 40 49 1 74 7 10 10 3 79 38 43 15 55 26 32 33 3 56 48 5 23 63 25 21 73 46 50 36 36 11 72 28 12 25 2 20 35 64 23 66 ]
[ 18 4 57 44 69 24 47 8 57 41 42 3 12 22 26 25 75 9 4 24 19 30 4 26 30 72 32 0 90 0 30 60 56 39 4 25 64 3 33 73 97 27 28 9 49 7 87 76 16 91 ]
[ 56 18 12 28 64 74 90 32 18 3 76 44 18 14 50 41 35 36 2 35 13 64 60 13 36 11 63 9 79 5 6 36 23 18 16 39 45 6 24 63 61 52 7 79 66 10 20 1 46 74 ]
[ 41 52 46 60 25 1 59 10 53 57 46 17 9 56 0 43 36 43 43 17 18 0 18 30 74 60 21 40 25 31 5 18 35 3 31 60 5 90 70 58 99 68 27 9 24 27 4 60 22 47 ]
[ 25 72 18 73 76 52 39 37 4 13 1 15 53 14 11 46 69 46 15 20 66 26 25 1 34 76 40 9 10 35 5 35 59 23 9 35 75 0 24 32 66 25 99 19 91 10 66 13 57 33 ]
[ 4 60 45 42 25 33 4 71 36 76 77 34 73 34 84 1 53 59 25 56 17 6 75 26 9 26 12 69 23 13 60 27 25 5 22 2 91 26 73 27 55 2 13 28 37 49 30 42 9 7 ]
[ 31 8 67 16 97 46 46 51 4 16 75 7 45 3 68 2 19 8 15 23 42 59 19 80 72 7 16 60 74 42 6 5 2 73 21 0 19 19 3 75 36 78 35 81 34 3 83 53 12 51 ]
[ 77 31 12 65 15 32 92 25 99 25 51 84 51 51 9 11 5 10 56 75 43 0 68 49 89 22 5 31 35 27 71 12 10 35 30 26 20 22 3 19 0 7 55 51 10 16 62 16 27 70 ]

Timer (generate): 59ms real	40ms user	0ms sys
[ 59 24 31 81 46 61 73 60 81 49 77 5 70 87 35 31 52 55 6 94 82 35 73 72 28 89 26 24 19 54 1 78 78 32 12 25 46 85 85 27 34 14 84 56 2 20 88 54 27 46 ]
[ 1 9 81 26 81 61 15 8 86 87 62 87 65 92 72 77 17 70 15 3 97 1 69 34 58 23 54 98 78 33 44 31 42 78 57 76 39 24 36 77 11 98 17 77 90 41 6 60 11 21 ]
[ 15 60 75 84 94 33 8 0 31 38 33 27 69 28 5 78 4 97 2 40 74 66 90 91 43 32 32 1 92 43 75 7 56 50 92 50 35 52 51 66 90 36 45 11 64 51 89 20 0 43 ]
[ 60 74 9 50 18 4 83 2 6 27 98 33 35 54 35 79 56 70 31 59 88 73 96 33 84 12 36 73 33 88 68 93 63 78 96 33 82 31 35 40 10 85 73 45 39 60 76 96 30 59 ]
[ 55 70 32 3 56 16 16 44 41 1 33 10 46 48 40 42 81 22 25 68 63 36 54 88 33 45 1 62 41 31 21 49 54 54 52 10 22 20 54 16 21 87 78 68 35 18 62 68 40 40 ]
[ 37 55 76 43 96 61 88 97 23 82 80 45 31 34 51 35 96 25 56 51 93 29 90 71 49 78 41 12 46 34 52 35 41 80 78 37 93 19 86 17 1 19 14 84 5 17 19 2 42 27 ]
[ 5 88 9 47 11 58 25 53 70 24 87 74 11 28 6 42 18 52 61 56 69 14 75 35 98 33 52 69 87 46 97 44 34 6 91 46 16 69 51 39 45 90 65 56 70 72 98 40 24 11 ]
[ 97 45 25 24 80 23 9 84 45 96 30 42 40 17 0 84 15 16 53 18 7 50 8 73 6 78 45 57 71 21 20 68 18 46 44 50 21 54 86 66 2 16 60 95 85 12 79 52 81 84 ]
[ 70 88 34 78 61 92 9 58 1 80 31 22 0 1 20 96 51 93 2 37 12 5 6 24 0 43 37 79 96 70 15 66 10 49 97 72 41 6 82 43 38 66 17 90 67 89 86 71 82 89 ]
[ 60 94 46 66 71 98 10 60 29 58 30 44 24 92 93 21 64 86 79 99 81 17 65 98 7 32 87 46 55 22 87 16 68 33 34 39 31 96 99 12 54 81 56 79 74 1 52 90 87 32 ]
[ 41 69 1 6 19 9 91 59 7 46 33 94 62 1 27 97 93 10 93 44 22 48 78 30 79 52 31 31 94 18 15 36 39 17 94 11 78 85 22 85 84 55 79 46 56 58 95 1 68 41 ]
[ 46 42 41 24 72 72 28 3 3 22 73 71 10 65 88 5 76 66 90 98 3 74 53 82 73 61 40 20 15 60 61 61 2 2 37 74 74 65 29 30 39 2 53 50 67 41 7 95 59 97 ]
[ 93 62 24 98 96 97 12 36 69 27 96 31 40 50 85 29 76 12 94 5 94 85 59 47 87 79 88 94 74 99 44 20 61 68 18 9 17 82 45 86 61 93 17 1 43 55 30 19 67 76 ]
[ 76 61 14 35 8 1 14 48 96 89 47 92 61 60 60 79 69 77 14 66 15 75 11 85 77 54 40 59 25 59 36 1 72 50 88 32 3 3 80 51 44 79 43 5 91 3 36 12 32 50 ]
[ 30 0 26 41 85 55 95 77 66 72 36 2 73 8 4 61 92 60 16 72 11 60 3 55 17 46 10 54 58 95 4 88 95 82 29 32 89 76 9 56 48 97 10 73 57 67 86 49 27 3 ]
[ 73 90 15 28 97 33 74 8 87 32 55 43 72 2 78 1 86 67 29 47 75 77 44 86 50 53 53 36 54 32 91 79 22 7 7 20 40 81 80 27 65 87 22 37 89 0 90 75 68 19 ]
[ 22 43 48 18 81 50 23 86 38 77 18 30 8 93 89 15 65 29 48 45 8 13 84 30 2 73 31 92 0 99 63 74 94 63 92 76 13 67 14 51 44 33 33 52 78 22 19 43 3 67 ]
[ 40 11 80 24 42 82 49 25 26 49 76 41 75 70 4 67 98 69 34 13 72 30 98 58 34 28 80 53 23 84 72 63 47 52 39 41 86 40 66 64 41 42 57 16 65 13 35 63 82 69 ]
[ 28 6 51 78 64 37 6 45 42 29 81 14 44 28 66 35 70 4 75 88 20 16 31 77 84 96 90 19 11 24 40 40 30 91 18 95 80 77 92 22 58 25 36 3 5 54 90 27 58 66 ]
[ 16 30 34 99 7 19 95 49 38 6 25 79 98 56 22 17 3 3 46 47 25 4 24 14 59 29 68 2 9 79 20 25 9 54 24 69 25 71 18 16 77 96 47 76 4 21 45 7 24 43 ]

Timer (sort): 3034ms real	2050ms user	0ms sys
The output is sorted!
[ 3 38 64 1 61 81 18 24 40 7 11 8 28 0 34 53 9 28 9 77 8 90 21 17 34 21 29 56 63 26 18 18 16 82 20 29 15 38 53 56 45 16 16 25 16 2 78 25 83 39 ]
[ 2 3 19 96 4 39 54 5 15 3 87 48 54 54 17 99 17 81 18 44 2 42 63 44 15 52 5 16 98 47 5 1 50 24 97 7 15 3 12 31 6 52 31 12 6 0 11 23 81 81 ]
[ 68 65 68 18 84 88 10 7 80 7 17 19 16 7 12 37 45 93 0 10 89 12 74 26 20 7 3 0 39 19 47 59 36 15 29 20 4 39 27 36 47 44 7 15 51 19 53 49 12 53 ]
[ 8 6 5 74 74 19 15 10 33 54 40 1 9 45 12 34 8 40 43 56 82 39 11 32 1 52 95 84 54 81 9 15 87 15 41 13 34 56 24 67 63 16 20 24 13 32 10 21 24 5 ]
[ 18 10 35 52 89 9 26 27 6 62 69 53 15 45 14 58 62 14 4 6 67 8 28 18 41 60 60 30 31 58 19 1 68 7 54 9 16 80 36 75 94 6 28 9 3 42 68 17 8 24 ]
[ 90 41 75 9 1 32 43 81 24 84 12 39 11 12 63 10 79 24 40 11 10 37 19 53 7 75 16 87 58 17 51 1 58 26 10 11 11 5 45 35 41 57 26 4 21 90 15 1 66 7 ]
[ 81 33 48 0 59 20 40 37 27 17 4 18 51 50 89 41 47 90 34 31 6 42 19 0 1 17 37 15 67 27 9 48 13 9 0 72 30 40 9 57 58 65 27 61 15 17 2 14 59 89 ]
[ 24 95 29 90 36 10 5 85 56 32 41 37 41 0 37 85 40 15 51 45 16 46 40 28 30 7 33 55 26 95 24 2 90 5 44 79 15 1 16 24 33 9 13 26 10 2 63 50 17 14 ]
[ 17 51 6 20 21 13 62 16 9 98 4 36 2 8 20 6 83 23 4 86 33 8 10 35 2 34 31 14 73 11 64 90 14 22 62 36 35 77 4 96 27 60 32 29 68 5 36 4 80 92 ]
[ 0 21 7 12 51 51 12 21 3 74 34 21 17 11 0 94 9 49 54 96 4 6 77 26 7 62 36 48 49 14 1 49 35 8 13 39 12 26 60 67 0 46 88 69 57 41 63 18 42 70 ]
[ 8 17 3 69 42 14 54 14 11 29 60 1 6 19 43 3 2 5 5 67 29 88 90 11 67 70 63 20 11 22 0 71 39 3 40 33 17 46 0 29 75 60 82 82 31 25 37 33 82 42 ]
[ 25 13 13 28 19 63 20 7 11 41 8 37 25 4 29 18 97 50 90 2 74 87 5 24 2 76 17 54 43 46 75 20 59 41 0 31 56 21 38 67 14 46 57 39 3 86 9 0 36 51 ]
[ 35 51 24 32 2 76 58 63 9 46 55 31 45 36 99 25 12 0 22 17 11 51 89 22 7 10 97 16 87 46 54 23 49 31 7 51 59 66 14 21 12 22 52 9 10 3 87 22 4 9 ]
[ 17 18 58 70 0 15 38 8 70 4 40 70 1 14 25 45 40 9 23 87 7 53 63 18 39 93 3 37 36 46 16 5 64 74 28 16 42 66 77 12 22 17 35 23 31 60 68 23 21 43 ]
[ 20 25 12 23 59 66 84 18 38 16 11 18 57 91 14 18 82 20 18 11 0 8 61 14 27 39 25 50 5 15 21 25 92 85 48 51 3 84 69 41 0 81 60 10 24 26 28 6 46 46 ]
[ 15 68 13 74 40 1 25 21 56 26 40 87 18 27 14 44 51 64 20 2 12 5 55 33 31 93 11 1 35 38 36 2 6 50 28 46 3 54 67 59 32 60 46 2 87 13 47 38 77 19 ]
[ 32 14 43 67 6 4 86 35 70 23 24 10 37 62 9 22 15 87 47 16 29 17 1 11 6 43 13 41 99 6 26 84 21 22 51 79 78 37 14 48 12 91 11 49 5 20 72 20 59 19 ]
[ 47 21 7 77 26 6 25 10 10 47 8 88 2 8 40 13 89 63 71 40 13 24 37 17 23 44 52 3 5 37 1 5 10 8 82 36 66 8 98 76 7 6 16 9 66 57 74 55 72 97 ]
[ 45 48 13 3 30 38 16 7 21 44 24 22 46 66 7 12 59 28 1 10 9 68 0 26 1 31 34 61 34 85 14 79 85 28 35 15 18 51 22 40 95 98 14 94 64 21 6 76 1 59 ]
[ 24 97 38 75 89 36 15 2 66 17 24 5 0 5 39 38 42 40 69 45 62 25 26 48 36 26 29 63 66 15 70 42 13 8 17 54 96 32 8 14 50 32 72 2 37 11 41 31 3 10 ]

Timer (generate): 70ms real	40ms user	0ms sys
[ 28 38 48 26 35 22 54 77 11 54 62 22 7 30 41 7 31 27 76 49 75 32 36 78 74 47 99 39 82 42 3 10 32 3 88 67 78 42 96 89 96 59 11 56 41 4 63 72 83 91 ]
[ 74 11 23 10 41 97 9 40 88 91 34 44 53 66 47 41 86 77 84 82 66 32 41 30 88 83 86 3 7 70 94 81 33 69 43 74 19 52 14 7 43 48 51 48 66 51 90 4 28 74 ]
[ 87 47 6 80 77 47 15 63 50 23 85 97 4 18 18 0 92 37 52 58 97 48 58 48 96 25 51 86 81 32 12 68 79 71 49 56 18 16 71 20 39 57 69 96 75 88 96 20 25 0 ]
[ 78 22 0 37 23 49 14 26 87 95 58 0 16 37 23 17 45 41 33 17 13 73 74 83 21 1 71 69 21 48 69 52 23 70 89 98 71 55 24 58 2 35 58 18 72 33 87 70 74 21 ]
[ 87 40 46 13 23 19 66 46 88 88 46 57 40 69 79 81 19 50 88 96 61 90 31 19 61 55 53 0 25 79 73 64 19 19 29 94 90 96 40 78 36 87 88 28 8 67 9 28 70 49 ]
[ 24 31 91 7 2 52 62 7 53 40 39 78 4 10 50 34 5 40 82 97 19 18 84 59 46 93 26 7 73 48 56 49 31 47 56 86 52 70 93 57 10 84 35 67 95 85 53 52 26 87 ]
[ 49 97 5 34 56 51 79 34 10 4 35 18 53 66 17 61 52 69 83 98 78 46 82 14 13 77 51 18 81 29 5 31 78 62 65 34 65 96 21 75 52 56 93 5 22 10 18 27 32 1 ]
[ 25 10 47 59 76 12 37 80 82 70 9 39 1 88 1 18 74 66 14 95 93 18 3 86 23 26 49 93 5 33 47 30 43 46 41 72 59 30 4 93 1 13 33 2 53 86 21 80 5 87 ]
[ 75 98 6 31 37 81 9 86 75 14 19 22 96 14 20 37 38 79 68 42 25 69 8 10 71 61 96 44 93 1 32 21 52 38 52 89 71 61 27 98 75 98 72 71 12 93 60 51 72 28 ]
[ 45 49 49 53 59 73 15 8 17 60 61 49 81 13 39 33 54 11 94 81 9 69 79 34 92 44 27 5 47 51 85 92 1 35 46 12 8 13 20 25 73 34 27 55 47 66 88 54 29 35 ]
[ 87 91 56 67 25 1 63 52 6 10 3 91 2 56 26 0 69 86 65 41 12 39 75 39 46 75 57 86 29 39 21 16 30 78 35 7 79 98 11 37 60 14 28 15 23 7 15 92 93 81 ]
[ 33 5 72 61 96 70 36 6 56 17 45 30 33 27 8 21 34 39 71 45 76 32 11 56 47 34 63 14 78 57 47 12 14 19 73 11 89 61 17 98 78 14 28 63 41 88 84 27 27 56 ]
[ 72 55 40 35 11 87 70 75 53 48 84 1 12 98 72 37 61 14 50 30 12 28 44 40 92 37 80 28 64 7 84 36 14 76 72 25 63 94 52 69 94 36 70 59 87 42 48 48 8 99 ]
[ 79 20 27 75 12 71 13 92 0 77 51 36 66 17 13 90 43 28 36 47 49 30 36 19 89 75 14 90 23 22 89 54 95 68 30 7 92 95 52 44 24 55 80 90 73 45 80 68 26 16 ]
[ 67 75 99 3 47 40 78 13 30 54 35 71 8 82 40 90 42 32 37 94 76 62 1 8 4 74 6 37 42 84 5 10 11 4 65 58 97 96 71 27 50 59 51 10 41 91 53 83 75 90 ]
[ 29 3 4 31 63 9 57 69 46 0 5 51 62 17 8 79 75 5 75 99 32 25 10 35 88 51 26 41 87 53 31 68 8 36 51 72 97 9 93 43 9 99 94 23 16 2 2 43 7 78 ]
[ 94 92 55 4 27 43 8 6 36 47 11 68 15 20 56 67 92 5 76 37 48 37 36 94 60 4 97 14 48 56 92 94 0 0 99 80 43 7 38 80 6 49 0 21 69 8 40 13 13 16 ]
[ 51 13 5 39 7 17 44 56 32 44 65 76 38 65 76 89 97 72 48 35 4 54 85 56 76 6 16 68 20 81 37 23 94 42 62 1 60 58 10 44 54 75 20 93 92 97 34 90 21 83 ]
[ 25 25 37 62 81 65 69 97 34 41 78 71 64 24 13 78 77 25 89 87 69 43 62 90 36 55 39 71 97 60 6 22 37 43 37 70 9 6 19 43 99 49 14 15 73 79 93 50 57 82 ]
[ 90 26 26 52 68 14 59 59 37 56 71 43 31 8 39 68 78 48 26 97 91 25 46 57 40 71 36 85 22 45 20 12 72 98 16 92 12 28 4 2 36 75 97 19 84 36 87 14 36 65 ]

Timer (sort): 3514ms real	2100ms user	0ms sys
The output is sorted!
[ 60 29 85 0 57 11 2 31 9 60 86 59 5 43 29 37 0 30 2 92 35 53 20 18 11 29 12 68 35 52 18 95 34 55 48 43 18 50 26 28 10 12 39 68 8 20 5 8 2 7 ]
[ 68 27 43 0 21 31 1 16 7 0 24 69 21 16 65 53 42 43 2 35 15 10 26 70 26 5 85 52 25 1 7 94 28 51 46 1 34 48 69 42 48 94 11 21 62 28 26 4 23 29 ]
[ 81 96 49 15 56 10 18 14 41 74 68 50 0 15 29 31 4 17 28 11 14 70 2 20 20 48 10 7 62 66 67 44 14 17 11 22 27 29 36 20 55 56 22 8 23 51 39 28 20 67 ]
[ 9 60 5 8 22 20 1 1 30 71 12 64 57 37 33 0 78 44 40 20 71 42 81 13 22 6 45 37 15 79 0 76 39 6 36 13 78 37 14 8 8 27 25 65 16 10 65 47 54 58 ]
[ 14 0 42 35 68 56 23 45 5 20 33 26 28 42 4 2 67 90 2 40 27 26 23 60 44 37 22 68 70 49 30 36 50 24 72 70 33 47 16 38 19 1 16 47 43 20 1 62 10 4 ]
[ 70 18 38 18 15 46 21 4 51 5 36 16 26 36 1 0 20 15 41 57 51 11 53 69 21 99 6 15 73 32 78 44 50 16 14 17 15 35 21 66 93 9 35 19 45 36 71 18 51 12 ]
[ 22 15 13 76 42 10 39 52 75 9 9 15 47 33 62 29 57 56 49 4 26 10 11 18 3 0 8 30 5 70 73 79 85 38 8 27 49 47 31 24 8 93 92 7 26 6 36 35 14 37 ]
[ 9 9 19 40 15 84 5 5 80 24 26 46 38 95 39 42 13 90 15 24 5 19 32 80 34 10 38 42 4 20 46 14 29 65 6 45 49 12 2 29 36 28 28 26 75 67 21 89 9 36 ]
[ 73 67 46 40 8 22 41 4 90 25 77 10 29 16 8 8 64 47 22 19 8 1 26 0 40 27 2 57 53 97 15 78 64 62 18 24 36 11 28 78 36 6 40 17 74 1 25 38 48 0 ]
[ 10 34 11 23 40 67 33 37 41 30 54 35 56 42 12 15 37 18 0 55 16 91 5 10 75 2 31 25 4 20 13 14 6 76 37 47 43 22 36 36 5 90 71 13 32 84 28 69 54 28 ]
[ 18 27 23 86 5 21 13 16 5 35 29 31 14 73 4 30 37 39 77 16 78 21 8 62 42 96 19 45 35 25 8 5 5 83 43 10 4 56 78 61 43 60 45 57 33 1 39 23 41 16 ]
[ 40 29 76 7 54 24 55 19 90 14 13 9 73 76 72 54 63 39 61 64 81 11 48 18 70 10 57 7 19 7 10 11 36 38 18 42 62 25 13 5 39 27 14 12 3 38 19 18 30 32 ]
[ 8 63 9 71 34 20 12 16 6 0 22 93 99 10 3 38 2 97 82 48 29 53 5 64 4 91 38 7 64 29 20 24 44 81 47 31 2 11 47 8 12 22 54 11 84 9 1 87 6 35 ]
[ 20 70 47 30 40 0 17 90 23 3 24 55 7 27 17 0 61 1 0 42 76 18 80 38 28 36 57 20 34 10 2 6 32 1 89 73 53 6 63 76 62 87 31 21 66 1 22 79 2 22 ]
[ 31 11 68 13 13 96 86 3 29 14 37 51 15 9 30 6 35 37 6 6 13 53 27 21 64 30 51 31 31 50 33 14 61 53 79 26 1 65 30 82 31 67 33 46 29 15 5 64 4 63 ]
[ 26 75 2 5 74 36 2 79 7 80 30 45 2 9 66 27 51 60 21 59 13 46 41 22 99 7 54 52 30 44 69 9 19 71 14 46 7 68 25 66 0 56 12 2 17 30 29 20 42 2 ]
[ 1 40 50 4 47 12 45 62 9 15 37 29 13 84 47 2 38 4 0 37 94 5 61 31 2 51 67 3 44 13 4 45 6 55 49 5 19 94 67 80 61 56 9 27 40 57 29 78 13 30 ]
[ 14 1 30 24 26 63 6 45 14 68 4 17 36 68 36 9 4 31 47 69 66 51 0 91 77 41 18 50 9 76 83 24 29 13 0 7 29 58 53 43 26 9 60 14 30 49 23 86 32 22 ]
[ 82 11 15 33 35 30 0 16 7 36 90 53 10 38 54 49 54 7 88 6 57 3 41 4 61 20 80 79 5 17 0 39 28 16 72 15 98 24 31 5 61 74 10 23 64 16 72 19 23 13 ]
[ 25 71 7 27 11 5 9 70 75 29 7 6 44 76 20 91 9 0 24 41 62 74 5 18 22 57 59 7 38 54 31 15 25 38 42 88 95 52 10 22 81 17 28 78 46 1 21 7 1 45 ]

Timer (generate): 86ms real	30ms user	0ms sys
[ 25 41 14 68 98 77 98 3 6 69 64 2 81 57 95 42 4 88 41 74 8 22 64 82 62 46 14 36 36 10 51 61 51 65 81 50 43 31 5 49 52 69 3 34 79 51 28 35 39 70 ]
[ 10 99 92 26 33 6 72 0 42 8 10 93 21 14 59 55 16 54 38 21 55 91 42 11 77 21 14 57 9 5 27 19 4 72 45 37 30 69 37 73 29 0 18 2 14 29 9 30 83 48 ]
[ 51 91 91 45 2 20 67 16 77 76 21 57 47 77 81 44 14 11 65 4 36 46 4 7 48 18 36 10 48 72 10 51 63 1 96 17 73 15 33 2 43 6 11 42 83 92 38 49 56 3 ]
[ 53 44 1 57 51 2 27 88 12 27 12 22 78 75 75 27 92 48 42 77 2 38 35 14 32 70 6 71 19 14 26 25 59 28 34 10 30 62 50 42 89 62 64 20 89 39 47 81 39 41 ]
[ 10 41 31 45 7 64 67 66 35 87 80 13 64 91 41 98 2 23 12 4 65 54 67 81 74 56 72 73 90 63 66 52 57 50 50 64 66 17 30 1 4 63 66 20 54 8 19 56 31 83 ]
[ 61 49 37 80 82 63 88 55 88 78 18 7 31 75 57 33 92 23 50 22 76 7 85 42 27 40 2 98 48 86 82 61 87 71 41 69 35 82 24 75 60 95 82 43 22 91 76 14 66 79 ]
[ 89 94 86 74 89 13 66 43 12 67 29 94 28 16 65 22 86 52 4 62 28 16 57 62 12 32 6 40 46 72 19 87 67 5 14 8 19 80 51 83 99 81 29 28 49 94 50 87 99 6 ]
[ 50 79 22 59 93 34 43 99 75 42 72 94 29 91 52 43 51 71 76 2 54 75 35 83 3 37 29 5 24 80 11 26 11 86 38 5 20 81 4 47 23 28 42 53 71 94 96 22 17 24 ]
[ 25 23 0 12 58 55 49 39 13 26 20 76 52 31 62 90 36 83 72 93 82 95 21 24 48 93 70 97 67 39 73 44 14 25 57 72 33 58 12 46 84 84 74 37 15 37 27 4 72 51 ]
[ 49 54 47 70 31 47 15 53 96 35 93 70 79 59 47 88 32 80 47 96 78 31 80 53 68 47 90 48 51 14 99 0 68 98 23 51 46 90 5 94 77 50 16 57 9 64 45 93 44 92 ]
[ 89 75 24 69 28 44 17 70 92 20 84 44 73 4 42 48 56 40 90 13 87 68 63 3 25 24 67 22 18 64 15 7 39 91 29 19 87 46 89 32 18 25 76 91 29 70 91 37 63 82 ]
[ 50 50 50 13 53 27 90 73 49 8 89 16 15 28 59 44 99 47 42 88 79 61 65 7 4 94 29 96 84 92 78 34 42 80 0 48 7 90 73 8 98 62 77 65 42 36 62 41 83 56 ]
[ 81 14 69 46 73 74 92 3 22 76 95 52 63 90 32 63 90 91 5 63 51 55 77 28 72 19 65 34 12 0 43 93 67 12 39 40 86 83 95 60 60 43 12 75 85 96 38 75 39 95 ]
[ 90 91 50 19 19 22 38 36 9 50 89 52 95 56 64 34 48 3 69 96 63 29 39 28 4 24 24 94 51 64 89 93 55 91 12 26 14 2 63 75 4 4 27 99 12 43 85 60 98 54 ]
[ 8 62 36 47 42 92 23 66 87 26 30 28 71 37 20 35 16 86 37 79 13 93 35 92 92 47 35 29 59 34 36 68 48 72 67 90 64 43 8 3 69 91 84 41 28 56 28 44 94 66 ]
[ 75 7 11 62 99 56 9 34 85 21 20 21 89 20 45 8 62 62 51 71 17 73 14 1 66 42 57 94 39 51 60 66 10 72 29 9 80 90 96 65 11 68 39 52 89 84 61 3 98 12 ]
[ 26 16 85 40 17 51 35 27 98 26 30 58 44 41 82 73 2 62 16 98 80 27 67 71 80 8 55 41 63 6 5 90 22 43 82 91 46 17 70 44 95 53 55 40 94 89 65 96 52 81 ]
[ 47 84 9 66 55 41 26 62 34 89 68 39 31 42 34 14 86 81 83 8 25 79 61 80 71 7 70 36 4 74 18 3 58 79 69 65 20 95 27 6 36 48 97 68 42 32 34 80 13 69 ]
[ 89 38 0 50 19 71 58 41 8 14 15 26 69 25 5 38 90 77 85 69 83 73 69 32 93 64 64 79 44 77 49 33 68 49 36 87 21 94 80 29 60 95 7 29 20 64 19 10 93 56 ]
[ 31 76 29 1 8 75 65 25 54 61 2 3 95 22 5 83 61 26 29 41 7 89 36 66 70 56 30 89 18 23 45 50 51 26 3 11 1 20 36 56 81 91 11 28 13 16 11 75 94 92 ]

Timer (sort): 3876ms real	2410ms user	10ms sys
The output is sorted!
[ 56 0 47 3 1 69 1 76 26 5 15 14 12 28 60 32 70 2 41 2 19 20 40 59 4 23 27 27 30 0 74 86 0 21 41 2 42 43 30 21 0 46 35 12 74 47 44 44 1 37 ]
[ 0 6 10 35 37 28 47 58 95 73 97 61 14 23 1 40 13 25 7 3 1 12 37 2 10 62 11 8 31 4 54 31 10 64 18 0 45 66 58 40 91 56 1 5 31 54 97 96 31 5 ]
[ 5 82 44 3 75 13 22 65 35 47 67 38 70 0 20 14 0 23 3 17 22 60 21 7 6 34 1 0 82 5 40 39 39 85 42 15 98 17 32 86 64 0 24 87 0 45 1 52 20 56 ]
[ 10 40 46 4 7 46 29 1 91 86 79 5 79 21 30 68 12 17 9 12 44 52 14 54 10 58 54 56 22 51 33 32 43 32 36 3 78 17 56 21 4 35 27 35 56 9 3 21 79 13 ]
[ 12 23 44 22 97 47 47 32 15 97 46 12 40 13 1 18 59 20 3 44 71 44 47 68 16 17 1 26 65 32 20 29 7 16 51 4 15 50 88 30 47 35 42 40 0 96 58 11 16 13 ]
[ 44 44 10 0 62 2 19 62 30 13 0 57 21 30 2 40 77 28 20 29 93 83 38 9 29 8 80 48 37 98 9 33 42 19 85 5 22 4 19 4 17 71 61 38 1 63 30 30 43 50 ]
[ 2 38 18 2 13 25 49 40 33 14 56 0 99 3 17 9 20 16 7 10 49 94 15 22 69 62 9 61 74 28 44 28 66 62 30 80 40 79 72 25 45 29 25 44 32 42 5 52 10 12 ]
[ 49 21 95 22 52 5 4 17 25 95 13 5 83 37 13 10 46 0 66 98 82 0 1 37 23 13 22 20 47 1 10 48 75 58 23 27 15 27 44 40 75 9 45 58 47 11 20 45 11 86 ]
[ 1 1 9 84 79 23 12 51 22 0 78 33 23 70 23 22 93 29 71 1 17 23 65 2 7 34 64 12 13 24 50 66 25 60 2 5 35 66 8 10 66 86 43 41 57 18 15 2 99 38 ]
[ 96 76 45 92 24 49 4 89 62 44 7 12 14 9 26 30 59 44 40 1 88 79 18 1 13 15 51 99 19 57 60 67 34 5 11 10 6 68 0 68 12 7 80 27 16 6 9 27 2 1 ]
[ 1 19 91 58 11 48 33 12 3 6 8 30 45 75 96 5 37 67 11 17 82 56 98 94 26 5 63 51 6 37 30 59 9 22 18 20 22 3 32 77 9 92 7 54 19 56 12 9 23 23 ]
[ 4 95 57 3 99 5 38 18 50 48 20 6 54 7 36 13 13 25 99 8 28 79 72 22 15 52 21 3 18 70 47 22 17 4 78 16 61 16 34 12 16 6 18 22 65 54 36 78 31 87 ]
[ 8 16 58 96 18 37 63 17 11 62 73 26 36 18 49 31 9 41 14 53 3 73 6 2 67 96 84 70 45 1 4 5 17 14 1 88 52 65 5 63 27 31 89 15 1 38 47 10 32 13 ]
[ 2 20 46 20 90 17 2 91 13 34 40 95 17 14 13 94 44 73 55 8 61 75 32 17 15 47 12 19 37 61 44 39 81 90 11 23 8 13 66 21 0 6 69 17 21 82 11 17 8 18 ]
[ 12 38 23 36 10 55 57 51 36 59 69 12 31 56 44 13 47 20 16 35 79 14 53 0 36 5 64 62 20 18 36 32 9 12 21 19 67 78 70 3 37 92 67 20 0 12 33 0 84 49 ]
[ 18 7 63 40 11 34 75 23 0 82 9 25 9 1 79 60 92 20 13 19 28 12 25 81 61 35 64 85 5 61 22 24 69 37 16 32 71 43 55 24 25 16 49 34 17 29 46 9 1 59 ]
[ 10 50 48 43 6 3 5 66 50 37 20 96 54 15 83 51 90 53 42 55 58 66 50 13 95 84 44 55 1 51 12 12 1 13 7 7 16 12 25 18 2 46 14 56 13 49 59 3 55 1 ]
[ 3 6 4 18 90 19 8 30 17 33 62 79 81 1 26 24 53 29 75 5 67 27 81 31 63 50 5 50 62 8 24 65 14 28 35 57 0 44 39 17 29 2 48 11 55 75 87 61 4 15 ]
[ 55 18 66 17 20 30 53 59 46 13 62 4 1 62 62 1 74 98 35 51 19 5 22 93 34 5 46 8 68 17 54 23 35 20 92 8 3 46 67 1 11 81 6 12 43 20 13 70 70 0 ]
[ 29 14 4 0 12 98 22 3 4 71 4 7 59 33 55 63 96 89 93 97 74 98 14 6 2 62 24 8 24 13 0 54 27 56 6 40 54 28 43 11 99 0 18 10 33 26 74 29 15 19 ]

Timer (generate): 41ms real	40ms user	0ms sys
[ 42 24 36 56 90 68 71 26 39 17 79 89 30 12 50 52 18 92 36 34 40 13 90 63 1 21 56 4 28 67 7 22 91 44 79 34 12 2 60 51 19 39 92 2 4 42 54 74 34 91 ]
[ 8 26 56 50 41 10 71 97 66 52 17 74 74 8 18 5 94 82 59 7 85 79 46 29 33 2 23 87 77 9 30 37 35 39 88 29 49 11 26 67 63 95 41 90 56 11 95 50 45 55 ]
[ 57 82 86 56 11 19 10 34 58 87 43 41 25 31 80 65 60 81 76 38 48 92 34 42 82 90 53 29 92 51 36 50 33 74 58 45 45 68 79 4 8 75 45 33 6 77 50 66 58 78 ]
[ 56 6 70 90 0 4 32 54 34 25 5 22 75 90 97 85 35 42 53 67 98 61 94 95 46 0 72 48 18 82 27 74 41 49 17 41 54 49 47 40 74 4 62 1 95 11 86 82 54 92 ]
[ 49 4 5 43 0 4 95 24 52 13 7 79 40 48 29 57 89 35 6 37 75 33 41 89 34 88 1 73 71 7 65 72 11 22 16 11 26 63 36 79 77 95 58 69 95 39 26 84 26 84 ]
[ 73 1 69 67 43 4 7 44 29 78 51 46 51 62 68 19 26 95 82 14 74 11 61 84 80 56 76 58 40 2 95 66 56 64 85 99 20 92 43 49 71 46 95 74 60 16 93 38 11 75 ]
[ 52 37 87 13 73 19 69 1 78 62 4 25 80 12 89 17 11 62 9 6 11 32 4 59 58 64 27 51 3 38 27 7 27 66 21 52 85 42 54 15 56 10 40 88 22 82 5 85 44 67 ]
[ 43 7 51 47 18 10 11 45 61 66 35 40 74 14 58 47 67 96 89 73 11 98 83 4 86 57 38 92 94 82 11 37 41 62 36 60 24 99 57 38 66 93 78 40 7 89 87 26 85 28 ]
[ 99 48 78 34 4 65 43 42 9 37 76 20 26 18 34 14 30 59 14 87 97 32 32 27 72 92 16 11 18 53 91 70 54 70 4 10 35 0 53 96 37 81 68 16 99 2 82 81 13 96 ]
[ 21 10 28 53 90 52 45 58 15 16 12 7 86 18 77 42 28 64 42 33 60 32 15 28 0 66 82 82 48 96 31 21 58 59 74 48 64 72 7 79 88 71 86 26 89 15 20 69 31 15 ]
[ 3 91 47 18 71 99 36 6 81 36 2 12 57 60 24 84 9 88 56 68 67 96 39 6 74 80 73 94 49 5 9 52 48 8 22 20 7 59 78 41 47 80 53 5 92 29 89 53 69 97 ]
[ 21 89 93 12 95 19 92 68 13 42 73 75 46 22 35 69 94 43 80 72 84 27 4 89 84 48 71 25 2 40 22 75 29 67 40 76 86 32 97 52 26 70 79 73 44 14 94 90 9 74 ]
[ 14 45 53 70 87 90 19 58 15 73 98 90 0 80 57 40 56 96 25 53 0 51 76 31 24 72 97 18 63 7 44 29 52 98 0 39 88 71 49 55 96 0 45 96 80 55 89 88 3 14 ]
[ 94 55 65 70 86 90 94 83 60 9 42 5 39 47 55 91 38 43 62 88 50 10 88 96 6 68 3 47 8 58 61 2 13 79 24 51 21 19 86 81 28 29 38 19 28 93 10 66 36 24 ]
[ 54 39 34 42 87 93 62 90 40 71 0 54 25 13 33 50 16 6 21 2 87 49 83 26 21 11 71 83 78 8 8 84 99 94 79 86 39 41 28 32 64 28 86 42 93 71 92 9 29 13 ]
[ 63 16 14 99 94 87 62 66 71 92 26 31 77 77 77 56 63 17 49 91 49 66 19 87 8 64 10 52 73 39 17 88 7 83 39 54 71 2 72 94 94 50 25 23 27 54 31 90 71 33 ]
[ 33 72 99 52 11 59 16 21 11 41 12 80 81 20 63 21 26 86 75 98 80 21 48 57 45 27 12 28 17 35 61 50 60 12 54 71 71 22 45 34 15 9 14 96 29 78 69 7 16 44 ]
[ 5 97 66 5 6 11 84 18 91 1 6 53 3 18 17 9 41 89 83 86 75 98 96 90 47 77 20 16 85 36 61 42 33 27 0 92 90 84 10 81 38 68 86 93 86 4 3 28 45 38 ]
[ 66 20 37 14 10 84 92 82 52 29 19 13 23 4 40 23 96 82 60 59 64 98 79 2 91 18 6 46 46 51 85 64 24 74 79 86 10 23 69 62 4 40 28 27 96 20 3 93 3 63 ]
[ 4 67 61 83 21 4 53 28 3 99 31 40 16 7 66 95 94 28 70 15 90 74 55 70 1 51 91 56 96 94 19 52 13 32 88 34 89 41 14 92 93 98 84 9 5 50 56 99 78 26 ]

Timer (sort): 3677ms real	2110ms user	0ms sys
The output is sorted!
[ 65 2 31 42 18 19 43 2 27 2 37 45 6 33 0 36 5 19 17 26 20 62 21 72 65 2 43 56 93 7 84 10 9 16 4 79 35 48 81 14 50 19 60 8 4 12 97 61 31 14 ]
[ 52 21 5 47 39 19 66 17 35 55 47 80 15 24 5 61 31 17 19 3 31 10 19 34 22 9 1 39 49 32 46 54 6 51 53 45 23 19 14 10 26 13 42 93 90 47 54 21 17 73 ]
[ 57 8 9 26 8 63 42 41 12 18 7 36 13 26 80 58 1 26 10 36 13 20 27 26 24 35 4 28 39 33 97 49 93 6 27 1 69 69 95 33 39 2 21 53 80 1 11 81 28 22 ]
[ 42 49 4 22 29 5 95 16 11 12 18 4 52 32 38 18 22 1 4 1 44 99 91 17 81 77 17 6 25 4 48 67 53 52 41 34 10 36 2 73 48 20 77 52 4 16 22 27 69 27 ]
[ 0 2 6 16 23 44 69 12 61 10 15 35 3 9 53 1 32 37 67 49 54 5 8 61 53 58 57 90 48 22 48 0 76 55 16 51 51 86 63 64 48 30 0 3 39 5 4 23 42 23 ]
[ 37 10 81 2 5 58 25 10 6 21 0 19 70 38 27 17 52 36 10 11 81 99 0 31 20 6 11 57 1 14 18 39 76 0 93 81 58 18 43 16 40 44 35 62 34 15 31 87 51 41 ]
[ 18 1 45 6 39 19 32 76 17 7 34 26 7 16 10 11 8 35 43 77 85 38 82 23 50 33 72 3 19 74 43 37 75 40 43 66 59 27 43 77 35 29 3 42 45 13 5 5 0 48 ]
[ 80 1 29 39 25 45 16 7 22 4 24 13 36 4 15 4 33 27 85 12 30 69 6 21 31 0 45 56 85 25 44 18 79 25 57 4 23 25 64 97 29 88 10 17 92 25 21 25 52 58 ]
[ 57 22 35 46 24 1 5 36 57 0 9 80 30 7 47 33 35 5 21 67 7 77 11 27 72 26 22 87 9 9 13 18 83 0 65 7 53 70 95 11 22 5 43 5 12 42 38 99 99 11 ]
[ 34 44 15 5 8 46 8 55 19 38 82 49 30 24 69 70 69 46 1 28 72 94 35 35 18 14 7 17 13 35 6 0 79 74 5 39 20 13 94 39 4 28 41 34 53 62 4 22 8 58 ]
[ 56 72 75 17 24 21 14 8 44 11 61 21 19 61 37 59 16 35 8 29 78 52 3 42 30 1 76 22 82 61 55 38 33 31 8 57 4 22 66 0 33 27 21 4 88 10 64 5 46 24 ]
[ 27 86 45 17 27 4 21 29 14 21 7 3 6 23 44 10 5 37 77 76 26 96 9 56 0 76 6 27 5 19 98 85 6 44 2 33 0 75 62 14 96 21 70 2 97 66 64 2 3 41 ]
[ 43 46 1 83 60 21 94 27 10 8 4 8 84 10 7 77 44 13 22 67 60 13 25 63 45 73 49 20 92 17 39 35 63 40 18 24 61 12 3 23 20 7 31 56 17 39 34 13 52 8 ]
[ 65 17 69 68 30 11 27 10 37 72 11 89 3 38 44 1 30 9 13 51 15 3 65 36 36 39 22 52 16 5 91 33 23 13 53 5 24 32 15 61 5 78 3 8 68 47 61 98 56 26 ]
[ 84 4 86 37 90 9 71 46 60 50 22 29 5 13 51 28 14 95 37 0 0 21 33 0 7 39 72 96 25 59 67 10 15 5 47 5 14 70 3 26 72 25 7 77 38 11 6 4 6 95 ]
[ 51 7 94 82 5 4 22 65 43 21 47 5 24 31 32 18 80 23 7 8 66 31 31 90 20 59 35 41 3 9 6 54 17 53 89 22 9 11 39 4 84 86 9 8 70 41 78 2 16 37 ]
[ 6 33 8 39 76 52 67 25 5 88 50 13 36 41 58 30 5 1 50 83 58 9 20 53 28 8 26 64 31 22 12 90 7 20 29 35 24 96 61 81 36 11 47 72 4 5 3 9 58 5 ]
[ 66 0 20 9 83 21 78 16 22 47 68 25 96 44 28 81 40 19 67 83 17 48 55 86 38 9 4 4 7 9 11 74 61 32 35 44 5 14 13 28 13 81 53 9 25 34 42 17 5 9 ]
[ 0 15 98 53 9 55 79 60 82 15 75 31 32 50 12 7 41 21 24 84 14 8 19 13 54 24 19 6 55 16 2 55 83 52 9 44 8 40 4 42 7 32 25 40 34 37 99 28 10 75 ]
[ 49 5 15 65 53 71 25 53 17 21 22 2 14 5 0 42 26 35 35 54 26 12 60 51 91 59 13 23 35 99 4 37 5 71 54 58 42 80 12 11 1 86 13 68 43 14 10 21 49 45 ]

Timer (generate): 58ms real	30ms user	0ms sys
[ 24 16 22 91 53 42 44 2 71 75 40 23 39 87 99 23 44 70 46 92 33 94 78 83 39 8 82 44 38 36 98 14 5 72 5 58 14 1 60 37 28 52 61 67 92 12 43 36 34 41 ]
[ 28 68 35 58 51 75 66 86 19 57 22 17 71 27 89 29 37 55 30 49 93 59 2 6 78 94 18 73 30 53 14 10 21 50 68 24 25 87 62 44 44 85 14 67 64 55 96 2 63 27 ]
[ 51 8 38 5 14 16 99 84 90 81 37 4 91 10 6 12 87 31 99 49 28 95 86 42 62 51 49 59 5 12 86 8 72 24 14 86 92 65 23 82 47 12 39 38 23 45 2 62 29 1 ]
[ 11 57 96 98 51 11 1 0 70 6 65 8 66 37 84 32 76 76 98 51 11 45 63 2 35 86 99 38 0 28 91 12 85 40 62 88 51 63 41 21 21 6 81 87 95 65 20 23 93 70 ]
[ 74 56 15 38 58 50 76 58 40 77 86 32 41 24 72 3 12 23 18 53 96 39 11 29 78 59 94 50 82 39 20 9 96 87 99 54 38 27 64 78 56 3 62 97 27 34 52 91 9 70 ]
[ 45 57 61 8 86 92 67 32 94 2 72 67 11 68 54 62 74 44 89 39 75 46 42 37 95 69 24 48 60 33 70 57 43 32 66 29 76 85 62 70 87 34 37 50 54 92 12 28 88 2 ]
[ 19 63 0 61 1 95 82 77 95 95 10 66 4 53 98 22 35 74 8 49 44 95 83 34 46 89 78 58 69 66 12 89 30 64 2 83 12 37 60 7 32 22 73 88 28 71 11 63 97 19 ]
[ 12 94 14 47 28 12 36 58 23 57 24 35 46 54 52 49 89 64 86 49 71 70 24 45 58 52 68 21 15 18 40 79 64 7 26 44 19 14 2 42 71 26 30 70 33 34 19 22 98 57 ]
[ 24 21 79 48 18 89 0 39 11 67 57 3 46 73 10 24 17 82 38 19 76 61 97 6 31 82 92 2 5 90 11 81 64 90 81 82 32 33 21 43 0 30 98 98 3 9 74 72 43 64 ]
[ 43 19 25 41 78 57 23 70 11 80 13 23 13 77 13 94 59 45 27 33 40 79 15 39 29 71 0 3 43 95 67 87 14 93 80 44 2 55 67 13 88 80 88 1 9 54 96 20 51 75 ]
[ 53 92 55 69 83 36 40 35 40 35 30 59 74 96 4 54 93 58 62 60 24 50 92 12 51 53 66 99 73 18 75 79 62 82 0 97 18 92 32 10 27 14 22 2 10 26 8 55 85 70 ]
[ 15 9 20 59 21 24 12 40 23 38 10 50 17 72 32 17 69 3 9 53 65 36 67 87 90 29 14 51 37 99 21 4 60 94 64 33 70 28 73 93 66 35 44 83 7 28 0 28 31 61 ]
[ 33 97 50 52 84 40 34 50 91 71 49 65 75 61 11 39 95 81 20 20 26 86 56 70 70 15 99 22 96 82 84 29 31 34 82 16 26 16 18 70 39 68 87 14 81 98 6 76 31 26 ]
[ 49 57 12 5 80 34 72 79 9 68 13 45 98 45 79 32 13 57 0 31 79 39 51 66 53 85 16 59 61 99 85 62 57 50 19 37 84 92 68 93 60 33 38 10 78 69 42 43 79 42 ]
[ 27 58 81 30 77 87 15 45 46 29 45 84 91 54 34 11 91 70 55 11 16 15 44 6 26 75 28 20 70 7 63 97 17 96 28 46 83 43 44 82 24 89 66 16 95 52 79 86 22 34 ]
[ 49 90 1 93 97 27 20 25 48 91 84 63 88 1 11 68 0 47 64 44 29 88 85 47 56 80 51 35 18 25 21 67 16 23 12 13 2 33 90 2 24 74 17 12 27 29 33 27 76 97 ]
[ 71 57 85 8 4 42 88 7 29 6 32 3 25 48 78 38 13 32 71 3 35 47 29 4 11 57 33 44 84 61 41 8 18 27 16 74 21 5 81 2 63 14 5 41 14 35 79 80 68 2 ]
[ 35 55 1 65 59 12 22 45 57 58 6 98 66 77 77 35 51 50 92 85 5 7 51 62 48 17 98 79 97 66 81 33 73 34 50 32 47 72 77 4 82 36 54 1 13 84 36 16 86 28 ]
[ 1 91 87 4 54 36 22 52 15 19 70 49 4 43 83 54 27 30 78 57 86 61 93 93 62 6 77 98 74 63 78 76 55 65 80 61 1 54 65 69 74 87 70 30 82 53 85 9 36 63 ]
[ 66 74 24 59 67 86 17 44 36 92 60 66 20 67 32 52 28 85 7 93 6 33 80 76 63 62 30 0 23 18 64 90 92 40 1 12 79 71 8 15 15 68 82 87 35 66 39 15 51 98 ]

Timer (sort): 3012ms real	2030ms user	0ms sys
The output is sorted!
[ 21 13 34 14 11 79 72 46 13 14 10 65 38 80 32 13 96 30 71 28 0 12 5 54 12 69 39 3 9 37 35 30 50 21 44 14 0 16 60 13 31 22 31 21 2 15 34 51 46 5 ]
[ 85 52 39 14 40 59 36 13 66 27 12 9 68 6 15 16 39 84 97 11 17 5 51 23 59 17 0 2 20 0 35 5 4 26 20 44 86 8 9 52 35 73 13 3 79 29 19 70 13 68 ]
[ 0 24 72 18 0 51 31 26 12 24 12 14 70 27 36 71 25 59 12 23 5 15 95 81 16 20 53 54 13 29 41 14 53 13 84 6 17 67 32 29 43 97 43 13 24 32 36 1 43 0 ]
[ 68 71 34 98 5 10 0 74 36 43 7 40 49 3 8 70 11 6 83 18 3 42 34 54 17 4 25 73 99 34 27 19 5 13 17 10 23 69 36 60 13 43 0 14 98 60 36 10 19 20 ]
[ 16 52 57 1 59 80 8 34 2 28 26 34 24 21 24 95 27 71 7 99 11 2 67 15 61 2 24 51 72 86 29 40 90 87 42 49 19 2 36 21 31 14 7 7 35 31 3 14 2 10 ]
[ 98 50 9 34 89 77 14 35 19 0 8 10 19 33 30 5 31 59 66 18 14 78 17 32 57 33 60 47 54 11 3 4 14 12 38 3 42 4 90 13 5 51 23 76 84 5 81 16 65 0 ]
[ 39 73 28 8 24 26 56 59 44 22 3 44 6 38 18 7 11 21 23 31 50 3 5 36 61 65 21 44 64 29 21 4 2 49 64 78 27 20 37 24 42 40 68 0 79 86 7 42 7 83 ]
[ 34 17 1 9 5 79 11 52 77 14 5 5 0 45 24 36 70 36 73 9 71 59 41 47 19 49 43 68 29 32 26 15 2 27 24 7 58 87 11 87 1 69 93 2 14 17 90 36 5 15 ]
[ 35 11 23 8 16 29 1 16 1 34 27 43 61 41 48 21 85 52 50 14 39 98 82 92 16 47 47 16 31 53 0 66 16 75 27 32 4 80 0 58 67 27 1 28 21 1 1 6 53 51 ]
[ 12 64 37 56 33 35 11 21 12 52 59 10 22 9 38 54 8 46 24 70 21 23 12 68 54 42 42 84 12 9 4 24 26 41 80 11 29 43 32 41 96 44 51 70 5 41 24 13 39 0 ]
[ 89 34 60 14 31 35 6 70 21 34 98 69 11 45 9 17 19 55 48 2 38 13 46 1 41 22 89 57 4 36 21 93 22 33 8 6 20 14 76 42 0 75 11 12 20 20 29 91 27 30 ]
[ 59 54 5 25 15 30 53 42 22 78 30 10 0 97 12 41 42 40 38 88 21 1 19 10 34 71 5 11 25 74 12 36 29 18 62 44 0 15 39 74 45 21 36 46 18 1 39 60 41 77 ]
[ 80 67 9 3 99 87 2 2 46 39 14 2 59 41 76 0 12 9 2 28 59 46 12 52 32 91 50 9 71 21 12 51 40 21 6 40 8 9 94 7 0 60 61 11 1 37 12 65 46 66 ]
[ 2 0 10 11 33 5 26 45 42 44 50 7 74 28 26 4 8 16 0 34 78 86 38 1 35 92 7 66 59 19 6 61 71 16 25 4 22 51 49 16 48 52 24 74 80 2 79 40 70 31 ]
[ 82 8 89 2 29 0 30 86 99 38 75 39 10 15 45 9 31 6 0 35 1 21 24 7 0 2 22 70 87 30 39 70 39 28 24 20 28 54 7 27 93 34 18 3 49 63 64 32 22 64 ]
[ 1 54 36 8 41 0 87 7 6 46 26 35 8 13 27 14 10 65 1 21 49 63 90 84 9 59 19 31 59 93 14 13 47 50 21 40 3 60 0 9 6 26 44 66 39 23 80 1 89 81 ]
[ 21 1 27 7 78 93 67 13 7 5 66 15 27 57 46 2 29 36 36 29 23 29 11 29 65 33 82 25 81 63 24 2 16 51 9 94 96 28 60 4 85 78 19 13 35 18 15 17 6 3 ]
[ 11 45 56 41 51 94 2 11 22 9 5 14 18 44 62 7 99 8 14 48 74 46 9 20 26 30 14 76 37 16 52 48 13 9 89 64 3 43 27 25 52 32 91 22 28 5 29 27 14 95 ]
[ 21 37 28 47 45 68 2 16 8 56 6 36 40 67 17 43 91 0 33 77 19 45 45 19 6 9 44 32 41 18 7 62 8 35 61 5 3 16 21 64 72 79 0 12 47 70 7 90 70 40 ]
[ 63 62 7 69 41 7 82 74 72 29 21 42 3 29 46 84 44 36 8 4 28 37 46 25 54 22 30 16 59 11 35 22 73 94 43 66 1 25 40 26 7 13 20 10 43 18 47 39 7 7 ]

Timer (generate): 79ms real	40ms user	0ms sys
[ 29 46 19 84 23 67 55 66 82 36 19 23 22 10 51 96 53 73 67 74 63 28 22 63 44 32 25 5 38 32 57 67 30 28 3 53 95 58 71 77 46 43 53 68 53 4 16 58 30 83 ]
[ 32 45 12 55 61 8 39 86 13 77 70 22 96 0 51 51 53 46 9 77 76 7 20 29 75 73 85 43 32 67 26 16 65 90 23 26 51 62 64 16 91 35 91 39 87 42 90 93 40 51 ]
[ 70 16 58 90 97 85 15 83 28 99 50 7 16 67 49 39 93 0 54 58 69 97 45 60 37 32 54 27 77 94 31 47 11 89 89 60 75 5 43 55 56 46 62 72 13 12 64 59 64 70 ]
[ 69 85 67 14 97 4 98 51 84 76 46 15 75 9 56 17 69 83 74 65 39 30 63 53 3 28 17 19 87 34 89 56 19 56 22 17 13 21 68 49 49 66 64 76 75 72 93 45 56 67 ]
[ 62 47 98 25 0 53 53 18 72 41 52 13 49 23 69 72 92 34 45 13 83 94 79 99 70 55 72 64 52 80 31 14 27 81 91 27 34 44 97 58 37 1 71 87 77 93 11 69 27 56 ]
[ 82 11 50 62 62 72 69 34 88 21 14 72 87 93 53 78 73 88 74 70 98 12 24 70 99 1 63 10 70 90 18 5 53 20 67 16 92 36 2 81 9 69 5 48 62 58 78 35 98 52 ]
[ 6 97 64 82 67 15 83 82 77 53 72 95 58 78 15 77 46 60 65 48 93 26 17 98 74 80 56 52 67 55 57 25 4 21 7 71 89 90 53 66 96 77 62 6 7 29 84 53 89 1 ]
[ 2 82 28 19 80 54 51 89 59 71 96 16 96 0 89 4 71 78 94 76 45 42 5 59 49 13 88 85 66 30 86 20 12 66 92 45 21 43 86 32 14 82 48 11 82 89 67 53 68 13 ]
[ 81 65 56 86 24 5 51 64 90 70 46 28 90 11 95 82 56 68 26 42 0 92 24 48 55 58 89 74 11 57 88 44 74 44 82 50 1 34 15 43 4 61 23 46 72 18 29 80 86 55 ]
[ 74 86 99 50 86 7 8 76 81 71 85 69 15 60 65 50 10 18 36 77 61 92 91 85 38 15 55 67 48 94 74 22 32 26 25 71 33 33 99 14 5 84 36 72 96 53 74 59 72 10 ]
[ 88 85 54 79 22 93 95 30 12 95 24 87 17 56 13 42 79 98 28 78 64 85 15 0 9 11 6 84 22 78 46 11 15 53 90 38 46 37 68 58 32 44 97 2 52 62 96 32 60 76 ]
[ 10 25 61 25 77 23 89 83 59 11 13 5 22 29 58 65 67 56 2 87 67 87 31 64 41 35 79 37 67 39 14 30 16 27 55 94 50 96 29 61 8 43 67 82 72 77 47 91 86 2 ]
[ 30 53 41 13 69 82 48 48 71 16 40 37 46 56 17 53 2 67 50 32 29 10 75 48 44 99 77 44 90 15 46 20 68 39 33 90 21 81 90 44 49 30 82 95 39 99 1 41 18 51 ]
[ 73 99 13 0 99 57 99 29 1 89 44 99 61 65 90 46 55 63 80 97 8 29 28 42 77 19 41 78 60 11 29 86 63 94 86 62 3 86 43 5 75 88 56 89 53 47 35 60 10 15 ]
[ 57 70 45 37 12 22 8 5 52 69 69 81 7 32 27 93 46 30 79 90 87 7 30 44 96 35 43 83 95 5 99 4 76 96 94 88 70 2 46 22 23 15 55 30 47 34 76 45 64 55 ]
[ 35 52 14 17 48 10 52 43 46 99 48 97 56 24 93 2 65 15 56 11 89 80 78 96 62 25 30 38 70 94 46 58 98 60 75 98 23 80 41 69 79 90 66 87 66 11 89 83 26 46 ]
[ 46 67 78 24 63 40 1 93 31 72 39 77 82 90 89 9 88 12 89 30 81 21 72 47 8 90 10 50 26 88 96 72 55 74 97 18 66 98 63 49 22 3 26 56 93 68 66 33 80 7 ]
[ 63 62 28 87 61 89 30 72 39 56 12 87 28 68 61 77 38 79 28 2 29 50 57 7 59 2 75 25 35 56 84 51 70 65 90 83 54 20 7 45 76 20 32 5 88 45 34 26 24 62 ]
[ 80 5 65 37 13 24 39 40 1 27 48 85 78 70 50 68 54 56 41 13 1 17 33 85 22 73 30 57 0 7 71 80 12 36 70 77 60 61 18 61 88 18 99 18 89 1 39 95 58 80 ]
[ 8 11 97 42 97 72 67 27 81 67 34 52 0 99 41 22 76 1 83 46 15 72 17 14 42 6 15 81 53 25 61 61 37 11 55 86 35 23 65 16 42 52 20 94 51 61 16 79 15 52 ]

Timer (sort): 3330ms real	2080ms user	0ms sys
The output is sorted!
[ 62 58 8 39 77 52 35 5 27 34 96 74 12 33 37 36 24 11 6 5 59 76 16 12 22 50 19 2 33 16 11 47 26 19 38 55 23 73 61 50 7 9 24 19 42 14 7 18 25 13 ]
[ 50 0 20 27 1 30 22 1 3 74 77 57 35 25 6 34 49 13 41 6 1 3 19 9 94 11 15 34 22 11 55 24 11 27 51 64 57 25 17 12 99 95 22 87 72 28 21 73 42 14 ]
[ 36 18 13 36 81 64 85 76 26 3 46 5 7 26 35 91 17 14 75 8 33 33 22 55 60 36 12 44 37 1 2 73 19 15 62 0 32 47 77 10 2 75 15 10 1 3 53 71 17 28 ]
[ 59 49 94 19 76 15 43 5 1 0 44 22 8 45 13 26 9 25 27 1 43 61 30 41 81 8 50 10 45 29 32 5 31 79 76 7 46 19 12 99 71 56 21 31 2 34 57 11 11 37 ]
[ 18 35 42 10 8 18 37 53 29 12 81 97 78 17 18 78 0 70 34 92 77 6 44 39 38 24 13 13 46 26 10 16 62 4 26 22 23 63 27 4 27 9 1 6 26 20 84 79 42 19 ]
[ 43 3 54 2 34 82 39 18 53 85 60 8 7 2 79 10 2 17 23 35 26 9 9 40 89 70 88 9 8 2 2 3 6 8 5 92 90 44 10 95 81 22 4 40 76 35 2 78 5 25 ]
[ 60 23 34 55 4 27 4 43 43 43 74 61 52 62 84 18 32 22 53 12 40 10 20 9 21 11 75 6 64 9 37 24 32 23 31 36 2 36 79 46 31 6 7 84 68 43 2 0 66 7 ]
[ 37 44 58 6 59 4 13 5 22 33 9 8 38 7 43 87 58 23 63 85 5 24 54 17 43 52 61 23 22 73 3 11 69 13 17 28 17 82 33 40 68 42 0 6 1 95 45 12 70 9 ]
[ 4 13 52 20 39 18 1 57 46 25 1 5 39 11 7 20 23 9 22 16 36 2 36 7 4 29 24 7 25 85 41 29 50 94 1 90 64 2 99 62 79 0 68 71 12 75 91 35 36 65 ]
[ 40 45 35 70 13 67 34 43 17 8 98 25 1 66 52 37 29 63 98 10 1 15 58 32 15 24 33 39 8 47 7 0 44 94 23 57 13 57 0 31 17 51 8 19 17 60 56 46 24 6 ]
[ 37 41 81 16 55 44 18 2 14 1 2 98 6 35 18 12 45 32 61 90 28 3 27 8 14 41 44 45 19 63 91 9 4 72 25 12 69 95 14 35 96 17 33 2 52 3 14 49 35 27 ]
[ 11 42 13 8 40 15 6 20 20 12 64 82 45 6 6 7 25 0 28 74 44 38 21 76 76 81 1 40 43 61 27 6 3 40 15 44 7 21 64 27 85 80 10 30 39 68 37 64 68 17 ]
[ 0 74 31 62 4 3 94 27 25 85 67 66 23 16 1 43 52 36 8 43 3 33 17 11 4 77 9 38 91 25 27 44 0 58 6 56 13 52 35 38 37 3 4 61 71 6 4 24 94 64 ]
[ 63 20 23 93 26 40 77 72 10 47 15 38 62 2 33 9 38 28 0 33 11 39 75 44 32 40 4 12 26 20 82 41 93 5 34 19 45 11 43 55 11 10 45 73 12 30 82 2 10 34 ]
[ 30 37 52 16 50 9 9 64 11 18 1 61 6 53 29 61 92 63 28 3 40 8 64 78 26 28 0 0 52 66 59 34 3 11 2 5 20 11 69 83 29 23 45 88 76 26 49 20 41 29 ]
[ 11 10 10 15 9 12 23 21 5 89 64 15 52 7 22 24 5 0 41 75 8 17 0 62 2 54 70 85 47 46 83 58 8 45 25 17 9 0 38 14 89 3 82 93 62 56 17 67 57 59 ]
[ 24 2 94 36 35 50 69 96 37 41 19 7 24 16 43 35 35 15 12 16 7 37 16 96 32 95 4 39 30 81 23 6 83 18 94 70 20 15 18 10 8 37 17 33 6 12 20 41 28 84 ]
[ 9 9 0 6 5 62 46 36 32 14 59 26 22 11 53 43 30 10 33 74 92 32 60 42 35 58 20 40 0 97 88 9 7 88 67 64 3 13 1 35 28 12 13 2 23 19 97 53 81 31 ]
[ 3 47 14 16 53 94 12 50 96 51 30 3 20 10 38 35 64 0 97 13 47 47 48 4 85 28 6 89 5 0 2 8 47 69 77 0 63 41 2 11 93 32 15 13 94 5 0 58 6 50 ]
[ 75 15 5 86 39 11 78 10 60 15 6 92 12 15 51 46 51 5 42 14 37 56 58 10 5 18 61 22 31 72 0 6 39 57 93 31 21 23 41 33 90 47 25 3 14 76 1 18 33 43 ]

Timer (generate): 85ms real	40ms user	0ms sys
[ 20 50 32 41 61 2 22 35 77 63 60 75 66 81 53 1 35 70 92 16 75 84 39 78 76 52 51 68 39 13 55 60 63 40 53 76 42 76 12 19 91 24 46 58 5 99 59 92 22 3 ]
[ 8 97 39 47 27 67 51 79 35 91 92 42 3 7 82 8 84 25 36 48 44 28 72 91 38 29 42 49 22 64 4 82 13 43 82 41 10 33 20 97 76 64 39 79 23 22 40 59 47 76 ]
[ 7 43 56 31 34 94 61 29 95 35 93 99 69 7 94 51 0 4 85 72 53 61 88 93 93 11 15 33 23 14 9 82 57 66 14 44 12 27 73 8 62 18 59 31 77 54 35 77 10 20 ]
[ 49 64 33 37 9 26 1 24 11 24 90 73 6 47 91 72 91 3 99 16 63 13 35 23 97 12 77 32 42 87 4 43 3 89 33 12 16 86 88 79 10 78 52 68 78 43 93 21 99 92 ]
[ 38 62 58 25 85 55 89 62 39 31 2 95 27 5 84 60 18 52 46 6 32 8 37 84 76 15 80 21 36 79 14 74 41 24 99 79 79 89 93 70 72 95 65 99 1 49 59 71 2 57 ]
[ 29 34 65 66 70 94 81 2 15 70 33 81 44 27 5 96 6 36 37 99 58 9 95 23 9 48 25 20 71 27 30 52 13 95 19 35 41 52 38 57 22 23 90 19 50 48 15 56 84 4 ]
[ 8 43 13 55 18 74 55 43 47 78 22 77 30 35 24 49 71 66 54 61 75 28 36 65 47 87 13 14 95 50 18 3 45 84 10 63 10 65 59 9 43 81 86 74 69 63 75 92 29 81 ]
[ 53 4 10 89 21 9 28 87 24 24 37 94 79 34 30 42 49 93 7 8 2 3 42 41 29 11 4 56 3 85 38 8 41 0 49 62 9 78 1 85 54 38 32 85 24 14 27 74 7 87 ]
[ 34 62 42 76 55 71 39 59 79 42 96 17 2 37 69 52 99 79 82 53 16 36 43 48 73 68 15 53 94 22 92 28 36 34 57 91 57 48 50 36 43 98 6 45 35 75 97 87 6 79 ]
[ 40 23 67 83 23 93 51 38 46 45 13 38 26 49 24 35 41 81 35 43 69 78 42 75 24 29 3 21 16 61 53 56 36 72 40 60 17 43 50 63 41 63 53 19 65 77 54 58 10 41 ]
[ 1 80 20 95 7 44 25 62 17 41 24 22 50 60 95 42 72 64 85 23 80 26 38 33 97 3 63 3 61 73 45 15 5 65 62 65 9 87 27 78 81 51 1 83 64 48 25 36 12 62 ]
[ 11 92 41 50 78 38 5 41 42 19 66 87 86 24 4 48 89 13 88 16 43 21 20 44 4 84 92 29 72 57 43 84 49 84 86 27 23 43 20 17 62 39 4 48 63 60 97 52 25 37 ]
[ 20 68 58 40 13 62 76 57 43 1 14 86 85 16 23 23 43 46 66 16 63 29 55 19 29 18 31 78 22 56 15 42 24 73 35 37 87 63 47 82 64 61 21 1 77 44 24 73 42 43 ]
[ 41 57 24 96 28 53 66 59 32 88 15 99 82 91 25 69 81 12 33 28 47 49 41 20 51 71 64 27 44 58 70 85 15 94 33 95 0 99 54 84 39 21 83 21 12 8 43 93 73 28 ]
[ 73 72 29 15 92 80 86 8 60 82 66 82 19 33 29 52 28 29 3 34 13 42 55 48 15 19 9 10 65 34 38 38 6 68 53 50 0 91 58 12 73 76 95 44 9 24 48 89 5 51 ]
[ 23 18 45 30 18 13 49 27 23 14 61 14 5 19 34 10 69 86 2 27 99 27 3 94 72 64 70 72 53 75 76 28 45 73 58 63 86 60 43 62 26 56 28 31 76 62 42 45 0 96 ]
[ 25 99 23 80 93 47 97 15 20 2 90 48 31 35 21 41 51 60 53 94 22 80 50 2 63 78 16 57 76 16 5 53 16 29 33 61 28 82 77 0 85 67 48 16 55 70 9 6 30 63 ]
[ 52 4 95 54 6 10 33 22 68 9 38 73 62 6 54 47 68 83 30 45 35 15 64 84 83 71 6 44 29 88 7 81 92 54 36 50 65 69 72 85 30 62 58 92 69 65 39 37 0 21 ]
[ 34 35 88 50 71 71 22 77 68 51 65 75 85 9 82 73 59 47 94 83 32 24 98 42 68 19 7 7 8 7 81 42 95 69 44 66 93 66 96 61 70 13 88 55 75 70 28 86 17 22 ]
[ 22 1 98 20 44 66 39 3 25 99 63 6 41 58 76 85 76 69 4 72 82 74 38 70 81 13 41 9 99 10 83 21 64 33 93 60 99 84 63 76 83 26 83 76 36 11 14 13 32 18 ]

Timer (sort): 3294ms real	2110ms user	0ms sys
The output is sorted!
[ 2 19 14 41 41 52 26 63 9 32 18 5 9 49 65 18 54 14 1 80 9 0 63 72 15 4 37 91 48 6 34 3 25 48 44 18 53 70 82 14 2 52 19 63 53 37 34 7 3 35 ]
[ 48 38 99 33 64 50 17 39 9 8 53 8 54 2 81 23 30 0 34 41 3 82 6 82 4 16 14 37 39 7 11 40 97 11 73 61 13 43 1 23 51 6 31 5 8 64 28 39 65 14 ]
[ 52 55 31 31 1 18 23 27 29 56 19 82 39 46 18 30 0 15 71 28 1 24 38 76 16 2 45 18 57 2 57 61 57 40 92 11 59 67 38 88 24 10 22 15 8 40 45 8 7 16 ]
[ 6 79 14 25 10 50 86 28 53 87 79 14 23 53 46 10 31 15 22 39 15 42 0 52 0 4 2 31 44 49 12 2 80 78 27 43 29 13 23 34 53 2 0 76 7 47 39 38 62 61 ]
[ 33 22 51 25 4 16 13 18 0 32 94 56 34 46 14 19 15 5 1 27 18 50 69 44 38 33 12 29 37 72 1 23 47 52 0 51 20 13 69 73 97 15 29 83 61 43 2 29 48 55 ]
[ 29 68 0 22 44 0 74 16 77 1 2 75 40 1 88 29 23 93 27 1 10 39 8 16 12 2 99 39 62 6 26 43 27 26 18 71 27 92 39 4 45 41 31 38 43 19 19 18 64 46 ]
[ 15 6 24 2 76 6 22 41 18 16 21 25 7 58 17 17 97 12 2 7 35 0 30 22 29 66 4 78 98 51 20 65 10 44 67 38 2 89 80 20 6 1 97 65 11 15 34 61 79 37 ]
[ 12 44 24 60 90 71 74 15 10 53 38 13 17 3 26 30 6 58 99 76 51 0 11 28 32 18 48 69 10 19 28 22 63 4 34 53 28 8 20 38 13 11 3 82 14 82 12 21 40 63 ]
[ 17 31 11 27 37 76 20 40 20 19 45 45 8 34 9 55 27 21 38 6 4 84 3 2 23 29 91 7 24 88 52 42 72 15 21 9 43 41 1 64 12 98 9 73 33 70 28 12 91 18 ]
[ 19 6 40 78 20 37 1 10 65 65 42 23 89 4 42 3 46 30 44 60 27 6 84 10 3 28 29 68 59 15 44 30 22 85 8 94 74 10 4 39 27 98 14 16 3 8 19 49 39 15 ]
[ 21 11 65 75 16 19 25 20 44 58 38 34 17 34 19 86 11 49 4 6 81 23 11 0 33 20 95 80 54 83 37 27 46 2 2 15 21 28 35 17 38 26 4 55 60 23 42 23 25 98 ]
[ 29 19 48 58 42 3 61 94 7 12 48 12 19 93 48 7 5 62 27 55 85 17 30 48 20 25 16 37 2 3 42 31 22 43 42 16 46 3 10 6 15 11 70 86 4 70 93 61 32 21 ]
[ 41 73 27 90 10 12 48 6 63 14 8 12 15 32 47 40 25 91 9 14 71 25 5 9 45 23 33 90 60 17 8 1 43 35 92 53 0 92 11 63 58 72 28 25 4 27 17 29 19 27 ]
[ 8 85 57 24 50 66 45 1 22 57 89 58 31 1 0 40 61 43 12 16 0 25 89 76 33 3 20 70 19 13 96 28 50 5 4 0 23 2 1 46 11 43 56 43 44 56 35 6 52 47 ]
[ 23 77 7 49 19 9 50 22 37 7 13 6 32 25 6 55 48 15 59 25 8 11 77 46 78 48 15 5 45 43 43 68 20 3 17 92 12 67 14 1 27 79 8 11 4 66 66 52 81 77 ]
[ 38 89 44 38 4 90 1 23 39 72 45 64 7 30 51 62 51 93 3 35 0 12 15 98 47 3 40 13 97 14 14 35 4 58 25 8 48 26 31 39 50 29 4 10 11 7 72 63 0 27 ]
[ 12 70 19 6 43 18 18 44 3 58 45 13 67 35 1 3 18 42 16 15 1 37 94 29 23 40 69 3 39 45 96 51 15 16 9 10 86 79 55 89 38 52 54 57 39 8 12 58 2 28 ]
[ 71 13 8 74 35 48 5 84 40 30 13 21 68 38 32 68 21 42 80 30 56 55 72 61 59 37 1 1 12 14 48 83 79 8 10 66 8 15 50 0 45 15 21 14 5 5 34 26 47 14 ]
[ 52 11 30 48 12 89 98 36 15 19 48 0 27 37 69 11 28 9 17 62 71 32 37 4 20 69 28 33 2 40 94 7 51 76 55 15 65 5 52 33 25 0 33 52 38 2 15 18 64 32 ]
[ 39 6 51 82 47 7 23 12 35 5 63 12 28 76 19 81 54 29 8 83 23 46 15 74 9 5 18 85 75 43 21 66 1 72 48 49 31 24 13 18 29 28 31 9 56 50 42 11 32 3 ]

