Timer (generate): 137ms real	70ms user	0ms sys
[ 66 19 73 61 66 85 18 53 24 80 10 35 66 45 14 55 38 10 70 15 72 58 92 35 90 38 84 98 1 35 91 19 6 16 80 72 2 50 77 26 31 40 13 49 85 79 4 76 89 74 ]
[ 91 61 32 35 97 22 73 33 72 74 20 63 45 27 80 26 51 82 28 29 60 59 69 25 60 6 4 64 82 94 90 26 7 22 61 56 97 35 42 21 61 62 37 7 89 69 85 41 3 13 ]
[ 22 15 25 91 40 85 97 44 50 32 90 40 58 98 15 19 6 64 6 48 85 68 11 74 75 52 43 60 45 46 25 67 61 50 10 53 36 60 98 38 92 40 30 50 90 97 21 97 61 28 ]
[ 45 99 96 8 73 23 13 69 35 58 67 60 26 29 63 88 34 51 48 84 89 40 25 71 42 15 69 64 12 82 92 10 81 40 70 7 63 83 76 98 94 43 10 72 24 73 60 59 24 9 ]
[ 43 65 1 20 37 44 36 58 8 0 92 52 10 26 44 81 33 7 16 61 57 10 4 67 82 81 93 95 92 17 4 87 35 5 8 24 1 96 34 61 96 26 65 7 52 9 40 85 16 8 ]
[ 98 25 71 55 45 5 36 38 0 80 7 56 67 42 62 75 18 15 71 52 77 20 79 42 79 83 52 19 69 20 79 19 46 50 74 91 56 10 81 56 90 88 65 10 83 27 37 53 42 61 ]
[ 6 71 81 37 14 60 20 18 31 41 38 10 61 84 61 35 27 69 98 60 77 40 49 42 50 84 21 88 37 16 49 95 87 82 32 53 42 5 71 73 46 62 35 59 98 96 95 26 17 45 ]
[ 86 95 85 87 89 88 23 11 76 61 27 77 56 66 59 41 72 53 46 43 26 92 5 61 52 4 10 99 82 27 96 20 74 81 8 64 21 31 27 97 44 6 26 53 24 37 94 96 90 40 ]
[ 40 68 84 97 82 88 53 92 87 35 71 83 8 98 17 16 14 38 99 41 88 96 99 66 49 23 4 43 20 46 35 12 15 19 61 97 8 15 41 47 2 64 83 10 62 52 26 28 90 78 ]
[ 21 30 26 20 97 75 96 53 70 16 99 5 80 66 76 41 63 36 56 4 84 59 21 67 69 83 19 48 12 61 78 33 44 4 6 93 31 2 46 1 18 97 58 50 64 86 91 27 23 0 ]
[ 84 59 59 5 26 80 40 97 80 4 10 58 38 54 14 96 47 45 98 45 98 68 43 8 18 7 47 9 86 70 9 22 81 20 79 59 53 72 56 33 76 18 44 66 73 58 62 72 56 60 ]
[ 18 6 28 13 67 46 72 66 8 58 88 69 33 69 42 12 28 95 36 84 28 13 54 24 79 27 83 42 52 91 2 22 49 83 35 68 81 7 34 41 17 22 11 50 91 53 15 71 0 51 ]
[ 7 28 64 62 53 96 41 88 38 93 31 92 15 32 27 50 1 9 9 35 50 27 10 13 29 53 18 44 25 18 48 32 47 64 94 52 60 36 92 50 81 23 43 97 7 70 99 8 31 9 ]
[ 96 34 88 6 47 17 11 66 62 36 84 62 69 83 26 15 35 39 3 79 89 85 54 84 34 62 7 33 70 38 94 18 72 82 24 72 0 36 38 14 24 74 76 45 58 54 61 45 45 16 ]
[ 77 35 1 31 71 35 93 78 21 16 69 15 34 93 50 11 65 50 99 55 16 23 30 44 69 40 98 82 37 44 98 14 31 52 46 2 39 91 33 60 7 2 28 94 47 30 5 13 32 4 ]
[ 20 48 79 2 92 48 42 42 82 32 38 81 46 69 85 92 24 24 36 57 37 43 59 17 89 58 47 94 71 79 50 44 27 30 46 71 78 41 13 13 73 52 46 19 73 31 64 97 55 0 ]
[ 54 44 95 65 61 85 24 8 79 47 39 30 91 18 60 90 89 90 31 3 3 4 7 1 75 80 32 39 78 40 39 84 84 87 2 46 72 26 6 3 25 46 85 17 64 97 7 6 40 90 ]
[ 61 95 94 68 97 69 0 29 61 30 21 0 15 6 39 17 4 63 95 62 67 20 60 4 89 25 2 48 83 42 38 44 89 84 12 86 6 64 68 67 95 89 19 10 47 59 79 51 22 26 ]
[ 66 41 98 26 46 40 3 0 40 86 94 79 30 83 15 94 22 21 59 90 88 54 31 8 16 79 19 47 82 41 73 48 83 23 75 81 15 78 81 56 17 27 87 47 10 2 42 32 76 1 ]
[ 74 64 7 6 24 23 37 43 70 19 37 95 68 72 70 95 53 86 25 86 42 42 13 81 90 75 83 84 60 11 85 34 76 92 92 52 67 29 96 37 1 85 84 21 57 54 16 10 92 41 ]

Timer (sort): 12070ms real	8320ms user	0ms sys
The output is sorted!
[ 2 30 17 39 2 67 17 8 15 42 7 1 41 7 38 12 6 37 28 10 82 1 3 3 78 15 2 3 15 48 67 69 78 84 61 33 3 78 93 18 20 1 20 13 60 10 26 18 47 6 ]
[ 49 15 43 4 17 4 0 58 49 10 20 13 7 18 6 43 18 33 87 48 59 10 52 25 77 23 65 14 52 40 5 2 56 48 58 25 4 10 83 53 20 55 18 27 74 24 22 44 9 10 ]
[ 26 22 19 69 25 12 15 4 42 56 29 12 23 57 47 13 25 53 33 38 59 13 60 7 18 46 10 4 57 31 30 84 6 50 5 83 14 21 87 8 29 69 21 4 26 20 17 3 73 50 ]
[ 30 23 60 9 11 3 2 60 26 24 33 98 73 8 31 21 3 35 50 6 36 63 4 43 86 66 94 91 35 24 31 17 0 43 26 11 47 81 23 25 57 9 24 30 17 7 3 20 42 6 ]
[ 1 78 14 98 18 35 31 26 64 12 11 82 83 19 3 88 18 13 13 7 10 21 4 69 38 16 46 25 73 30 10 74 8 76 24 26 11 8 4 76 20 16 58 55 35 14 43 5 79 9 ]
[ 44 63 53 45 3 8 16 41 62 26 31 5 60 39 82 53 13 20 16 1 47 1 3 34 55 1 7 12 14 21 43 10 36 48 7 40 56 24 81 70 50 12 76 62 3 10 67 17 31 83 ]
[ 3 71 33 92 39 57 72 54 30 24 3 63 17 18 57 36 40 33 3 17 1 19 25 29 8 23 26 34 8 41 76 63 64 9 55 3 18 80 10 0 4 13 63 73 32 20 62 24 5 65 ]
[ 64 24 18 20 68 9 21 9 29 54 28 1 25 17 34 93 43 57 8 53 15 78 30 5 15 15 21 62 1 24 69 17 1 39 38 21 0 11 82 29 65 10 30 42 79 17 36 23 74 96 ]
[ 19 9 43 0 43 80 15 29 31 28 45 37 48 21 46 31 35 19 33 56 1 24 8 42 47 52 59 80 0 20 8 71 29 3 71 25 84 86 6 67 15 51 57 15 24 3 47 11 22 32 ]
[ 70 46 45 11 19 61 32 22 21 84 32 6 44 39 1 24 52 25 37 35 31 35 7 43 27 55 34 0 63 33 86 34 32 32 45 3 45 29 25 19 13 58 25 10 49 79 86 2 4 23 ]
[ 38 45 62 46 41 11 12 21 48 4 54 20 12 44 88 52 20 4 24 44 54 26 78 40 12 53 47 2 17 71 78 7 16 40 54 9 3 18 30 3 23 36 23 35 32 63 39 52 68 16 ]
[ 2 4 70 99 42 46 33 23 23 29 28 53 8 3 0 58 52 72 28 34 13 56 49 30 29 36 20 74 23 59 12 25 16 35 77 10 33 10 33 56 39 13 9 47 69 10 57 21 34 38 ]
[ 20 62 5 11 65 17 53 1 46 8 28 19 36 20 79 16 24 78 24 26 96 69 71 10 69 39 19 70 20 2 17 40 64 22 3 29 91 8 30 37 16 10 8 52 82 39 21 6 18 45 ]
[ 62 44 45 92 17 1 41 86 28 34 39 20 16 0 66 50 49 59 70 18 3 39 71 57 2 13 10 21 97 23 3 59 20 1 3 37 2 45 23 82 31 14 2 47 15 20 50 16 80 20 ]
[ 15 7 45 92 25 90 31 3 46 4 56 29 4 36 61 0 38 63 29 54 28 56 1 88 62 28 3 20 69 32 26 85 39 23 29 16 13 60 19 59 17 27 40 21 16 1 73 54 17 2 ]
[ 41 21 57 22 24 57 57 78 29 89 83 21 46 30 8 8 91 0 72 19 16 14 44 3 6 22 42 48 42 26 43 83 48 0 5 24 10 15 2 39 4 37 60 51 68 21 11 11 73 35 ]
[ 3 44 6 26 21 11 8 22 83 66 40 21 50 35 46 9 8 19 93 32 6 39 3 85 13 78 13 9 55 61 48 59 5 54 37 26 17 45 0 0 64 41 21 66 28 68 76 36 39 21 ]
[ 54 8 26 27 2 20 23 73 9 62 71 16 2 58 1 6 43 61 42 4 65 18 74 81 5 28 39 18 47 99 50 53 7 28 80 9 48 3 34 9 17 6 25 19 64 26 78 60 39 20 ]
[ 50 1 68 47 3 1 63 15 18 37 9 16 39 68 10 26 11 54 39 18 79 10 17 18 70 28 49 35 84 46 4 34 47 72 34 50 74 49 17 44 86 27 12 25 47 23 3 10 29 42 ]
[ 87 23 9 36 23 35 0 80 33 12 15 30 2 77 85 17 5 66 38 22 36 65 48 52 83 63 14 23 13 21 13 0 96 22 37 20 9 37 52 43 1 19 73 3 48 10 72 53 28 11 ]

Timer (generate): 137ms real	70ms user	0ms sys
[ 45 53 65 74 64 72 20 5 19 18 92 41 6 67 32 23 75 97 15 53 7 13 25 48 26 18 79 71 38 54 91 36 59 56 10 23 80 82 81 52 52 25 45 58 44 29 34 19 26 49 ]
[ 73 33 15 50 81 93 68 13 64 59 67 56 95 79 64 57 2 97 39 35 49 43 60 94 54 4 23 88 24 50 89 49 35 4 99 69 98 20 82 62 79 1 70 26 32 87 83 35 84 74 ]
[ 70 33 17 31 79 23 35 54 11 11 56 1 60 92 57 12 61 55 32 95 70 63 48 40 89 81 27 24 68 63 50 90 48 19 73 27 43 61 34 6 72 90 7 85 82 17 97 95 72 81 ]
[ 42 42 44 91 35 85 24 14 61 92 78 11 34 26 30 8 6 25 69 92 32 93 82 39 78 17 56 27 12 81 8 7 23 4 98 10 89 74 25 2 66 55 13 0 33 96 60 39 21 29 ]
[ 83 53 23 66 45 53 83 53 81 47 34 89 54 10 94 4 20 35 78 97 38 96 52 3 49 86 99 9 77 73 91 61 26 66 27 71 19 62 25 0 61 11 42 68 21 36 72 94 23 3 ]
[ 91 13 51 44 69 52 30 68 14 7 41 5 20 20 71 47 91 42 61 68 43 23 80 85 43 53 73 15 99 48 70 91 62 74 87 31 26 69 51 92 28 45 49 49 65 20 48 8 63 10 ]
[ 29 58 85 61 43 28 14 68 95 66 16 18 57 78 44 96 61 22 65 65 15 93 10 64 42 27 37 91 35 52 53 16 10 90 77 5 18 44 73 65 10 89 83 19 20 27 15 81 50 80 ]
[ 46 17 25 8 81 68 35 18 11 23 22 16 39 32 6 17 37 24 61 62 41 23 52 77 42 72 56 9 5 58 41 4 75 66 64 9 86 52 79 49 75 2 65 66 34 71 35 24 47 48 ]
[ 86 89 71 90 66 13 14 22 74 72 33 15 76 8 82 92 17 68 44 97 18 19 99 35 38 85 7 73 61 6 22 0 95 93 90 13 59 5 88 33 29 21 49 5 81 31 49 99 51 94 ]
[ 48 21 65 99 57 3 84 16 77 98 22 99 98 70 44 40 35 3 45 23 89 74 96 38 31 78 21 33 77 24 27 77 98 44 76 7 48 12 23 77 10 97 28 8 67 24 49 3 80 46 ]
[ 78 69 73 75 59 56 53 32 89 82 8 68 59 6 13 87 13 13 99 88 42 10 86 22 70 5 46 71 8 26 70 87 95 95 14 6 3 19 38 45 53 47 13 12 5 78 51 19 43 50 ]
[ 59 37 12 45 59 35 51 6 58 11 84 28 50 80 75 16 86 79 35 77 24 88 76 89 52 81 20 3 52 15 6 12 53 70 9 12 5 12 70 16 24 55 96 26 87 72 43 25 3 30 ]
[ 54 27 19 30 68 23 12 40 79 64 56 85 76 9 55 38 73 13 50 96 29 26 3 25 53 90 49 48 67 52 78 22 31 49 52 0 25 64 40 4 81 96 89 9 57 96 47 83 61 98 ]
[ 31 42 24 34 68 29 76 69 29 43 22 8 17 53 9 70 53 34 86 46 38 19 94 79 29 4 28 76 87 89 26 18 32 3 4 52 32 80 21 62 75 95 22 93 49 83 15 54 18 1 ]
[ 52 8 73 47 40 2 51 68 30 38 9 9 8 93 12 64 97 96 44 71 10 71 66 32 64 67 16 79 22 86 33 74 46 6 73 86 60 24 6 90 14 68 99 74 61 63 38 59 60 34 ]
[ 30 70 6 96 55 70 16 71 2 38 9 35 64 7 41 38 46 53 14 52 43 29 20 95 3 82 58 94 93 18 28 23 41 34 71 96 5 39 19 7 77 28 94 94 87 87 84 33 40 98 ]
[ 86 83 79 58 30 35 92 89 29 85 59 57 60 0 92 84 96 49 23 67 8 53 47 2 47 35 89 83 68 29 81 6 64 13 65 95 48 57 36 77 43 95 34 55 48 78 39 96 27 63 ]
[ 64 35 16 11 89 15 46 78 98 67 59 31 73 76 44 38 23 92 48 59 21 43 6 8 98 6 86 38 3 66 53 19 53 21 30 43 36 29 73 86 96 33 69 21 61 66 60 84 58 8 ]
[ 95 32 51 53 40 1 60 78 39 15 44 44 34 50 65 16 93 53 45 66 91 93 51 61 15 12 27 27 96 37 87 43 69 90 97 61 91 9 40 83 24 36 27 10 86 45 26 31 50 24 ]
[ 98 42 69 1 55 36 14 82 15 62 71 2 6 93 92 55 54 36 64 46 19 40 35 98 50 73 43 28 5 94 52 55 36 74 56 43 10 22 25 26 85 48 80 43 41 73 98 48 61 14 ]

Timer (sort): 11732ms real	9180ms user	10ms sys
The output is sorted!
[ 2 80 7 29 93 47 48 4 24 79 16 51 50 2 13 35 17 35 64 21 38 28 3 54 14 68 14 1 1 33 10 4 13 18 33 6 65 33 62 89 12 30 41 15 33 6 2 2 41 66 ]
[ 4 34 0 63 30 37 30 16 19 5 69 39 16 3 9 49 36 39 25 17 55 10 21 72 71 25 28 67 3 3 5 7 37 5 23 20 42 53 36 61 11 5 53 27 61 14 76 97 6 53 ]
[ 97 73 66 1 33 54 36 39 24 4 8 15 6 12 2 21 3 22 32 50 44 2 57 96 31 49 21 25 35 55 40 84 28 58 38 13 12 26 4 89 30 12 4 36 25 6 10 28 29 42 ]
[ 48 66 33 25 22 71 14 78 0 24 25 41 13 44 6 8 55 27 28 27 12 48 64 3 6 21 30 6 98 4 17 46 22 3 72 45 74 38 75 27 62 0 20 75 45 26 35 0 5 15 ]
[ 7 59 21 57 5 21 4 96 22 2 31 81 19 16 74 21 7 40 26 15 17 36 19 73 20 40 41 11 97 40 32 4 51 5 13 57 79 69 5 1 71 36 35 42 5 9 15 12 49 42 ]
[ 59 31 32 34 12 33 14 1 4 37 49 70 37 46 48 2 96 6 31 73 96 4 34 56 52 42 28 29 71 8 21 30 39 53 16 3 39 31 5 43 20 6 13 57 4 14 60 1 20 43 ]
[ 1 16 6 85 36 76 73 26 12 64 40 90 27 72 36 59 51 24 80 39 17 25 6 58 17 12 48 6 1 22 4 2 38 10 39 26 86 65 4 50 29 44 41 8 17 29 19 20 5 0 ]
[ 11 54 9 56 84 11 33 43 72 21 90 36 17 50 24 5 62 7 2 14 8 36 14 42 66 54 10 10 11 36 37 22 43 46 30 27 9 63 22 81 36 13 70 53 15 46 11 30 6 13 ]
[ 34 21 11 21 32 26 27 43 2 98 8 36 33 71 19 41 34 33 3 45 78 67 30 64 0 78 52 7 93 50 59 27 23 22 0 7 0 28 51 3 26 11 39 12 82 11 5 68 44 8 ]
[ 12 13 20 17 13 5 51 6 81 2 39 19 46 9 14 23 71 0 86 18 34 25 28 11 59 48 80 18 20 40 8 84 5 80 2 70 86 5 77 19 59 16 38 5 26 4 28 97 4 67 ]
[ 59 90 85 53 65 2 50 95 86 14 42 5 74 45 0 2 38 91 77 74 7 0 18 75 27 57 19 3 47 5 22 6 48 7 11 13 9 61 8 47 28 2 5 2 0 5 4 38 48 33 ]
[ 17 37 43 43 52 4 5 96 52 45 0 72 16 49 44 9 8 31 31 15 93 2 50 53 24 22 10 4 24 38 9 94 28 4 37 80 8 42 76 12 39 29 36 8 30 80 17 38 11 48 ]
[ 30 27 20 52 9 20 2 57 27 74 15 42 58 15 32 4 93 21 28 45 76 29 20 77 66 63 9 51 17 74 22 47 1 42 0 10 14 2 19 42 28 34 36 38 2 21 94 47 42 22 ]
[ 85 29 64 38 15 31 18 69 13 11 18 84 57 2 5 72 50 5 42 99 52 32 66 23 3 60 12 4 21 20 45 6 1 10 44 69 93 15 38 7 26 56 43 36 58 48 8 8 5 2 ]
[ 18 11 34 11 61 30 82 52 9 82 5 74 57 36 78 1 9 22 5 8 3 5 6 47 6 55 5 44 7 91 30 77 2 16 88 63 98 23 67 60 5 24 34 14 13 12 15 22 35 72 ]
[ 1 0 63 5 74 28 1 73 46 72 29 43 1 26 2 81 1 42 6 11 97 13 44 3 54 5 7 0 81 11 72 34 11 35 91 37 15 93 10 13 17 39 8 71 18 10 52 71 52 58 ]
[ 51 24 28 28 18 18 33 54 57 96 7 0 28 78 20 44 39 26 42 2 47 94 10 67 4 5 52 67 20 90 22 24 15 3 52 33 21 37 39 31 85 46 31 13 24 51 9 15 30 3 ]
[ 73 21 85 2 6 84 93 24 29 16 76 57 11 85 3 16 0 21 2 17 20 13 81 67 31 66 32 64 2 47 0 27 20 37 29 78 22 22 3 51 38 31 60 1 16 15 18 69 36 20 ]
[ 47 6 52 26 8 7 65 3 70 5 23 89 15 60 12 42 25 47 0 78 13 14 5 48 47 38 33 20 54 0 81 1 58 33 79 66 40 96 21 11 1 44 52 16 4 16 11 29 63 63 ]
[ 0 45 40 51 64 57 34 82 20 9 42 19 33 6 14 75 93 55 10 21 54 1 63 12 53 6 95 36 53 66 62 5 11 2 56 27 11 42 9 32 4 52 3 37 58 17 64 3 24 26 ]

Timer (generate): 128ms real	70ms user	0ms sys
[ 86 98 73 80 49 24 66 36 73 36 94 56 45 39 67 21 88 56 2 42 73 86 95 28 24 11 2 65 68 72 49 54 70 22 87 71 46 53 7 71 90 2 28 87 93 47 60 81 55 14 ]
[ 76 81 53 71 9 29 34 64 94 55 36 43 61 58 65 48 81 64 54 41 35 96 95 15 83 88 62 96 21 18 10 97 99 15 20 60 44 7 24 38 62 60 81 23 70 99 24 52 15 78 ]
[ 93 50 74 40 18 9 28 80 5 49 98 68 47 49 83 19 10 80 26 34 18 88 47 52 64 17 3 88 21 18 18 66 20 92 6 38 53 86 19 59 36 69 79 35 19 14 54 29 94 33 ]
[ 15 65 21 62 69 37 32 72 77 5 90 95 72 10 39 30 1 93 17 20 4 5 41 35 92 60 49 98 41 96 31 57 13 5 71 82 94 55 54 72 61 96 19 85 58 11 67 59 4 36 ]
[ 79 60 93 73 95 85 33 96 36 27 44 67 36 57 24 59 39 19 15 45 43 76 93 14 13 52 25 80 11 81 69 43 93 62 16 40 48 1 37 36 28 81 55 16 39 80 76 30 51 91 ]
[ 76 46 19 69 12 84 73 38 64 85 71 85 80 65 48 48 5 48 49 94 84 30 76 39 46 67 71 22 49 74 13 77 72 84 99 85 68 72 75 85 9 46 70 89 63 18 37 21 18 39 ]
[ 15 2 69 43 94 67 10 17 90 12 92 55 89 64 92 88 49 60 61 24 97 70 23 68 12 86 38 1 7 57 92 23 11 13 18 57 81 81 75 23 93 67 30 82 83 22 71 33 83 84 ]
[ 9 80 6 32 0 70 71 91 72 78 48 16 53 11 30 72 69 11 53 44 86 98 63 16 80 46 39 3 31 74 87 93 6 46 25 59 16 96 50 40 27 50 57 32 61 39 4 82 2 9 ]
[ 78 88 7 41 4 40 40 95 43 23 69 83 16 28 29 94 87 45 42 37 38 69 39 47 2 0 86 58 35 88 68 13 76 27 7 80 67 99 28 11 22 49 94 39 77 75 33 16 72 75 ]
[ 5 10 97 44 57 51 97 43 9 32 31 29 97 59 57 4 92 24 3 20 87 78 69 81 17 99 8 2 15 81 29 73 91 78 17 1 29 66 96 39 98 28 68 96 39 25 52 31 2 8 ]
[ 51 89 86 73 23 55 72 31 57 39 12 38 12 56 17 82 57 46 48 53 37 47 33 6 95 73 83 47 56 85 55 8 27 93 81 50 48 53 81 5 44 46 96 57 2 13 39 11 11 87 ]
[ 16 49 86 2 7 81 27 42 81 83 80 88 43 7 82 24 57 30 29 90 88 74 36 84 83 90 49 22 53 12 61 70 61 48 72 20 81 51 63 62 34 95 3 78 2 85 54 11 67 36 ]
[ 1 55 10 90 91 93 32 40 67 86 5 28 56 66 28 80 39 10 83 54 24 17 49 27 47 51 64 54 14 32 90 67 39 0 9 31 45 42 23 64 28 28 92 36 47 21 68 86 83 51 ]
[ 92 7 20 41 87 20 44 51 74 58 35 64 77 75 16 87 58 61 29 81 25 9 10 69 45 9 42 65 47 25 16 39 85 88 32 24 8 76 75 82 86 63 46 63 38 62 2 96 75 31 ]
[ 29 52 40 39 74 37 0 16 2 47 94 18 86 31 59 70 55 67 98 82 50 36 45 48 52 35 63 54 31 90 86 61 43 78 52 69 16 53 37 18 52 31 89 91 14 0 61 69 67 60 ]
[ 4 69 96 49 70 0 85 33 55 68 23 41 81 18 71 34 39 87 39 77 58 91 60 99 34 75 99 96 96 18 8 0 88 56 50 58 57 87 43 12 55 18 5 37 89 28 23 28 16 14 ]
[ 5 26 57 66 77 92 93 28 40 89 46 48 90 34 56 92 44 65 79 87 77 86 6 34 75 95 63 98 23 31 12 81 9 22 47 86 14 40 14 54 81 60 54 71 47 62 15 91 28 46 ]
[ 31 5 33 37 92 8 84 7 59 7 38 23 40 47 45 87 85 11 79 99 17 61 11 71 84 10 86 0 54 14 46 85 71 31 74 63 40 58 70 51 17 60 26 58 59 72 97 44 35 77 ]
[ 95 53 90 7 76 74 17 62 26 23 76 73 8 48 4 82 63 96 92 86 99 10 98 26 20 58 50 17 2 85 46 98 90 88 57 67 63 26 81 89 50 10 14 58 10 71 93 25 19 37 ]
[ 11 19 47 10 45 19 20 47 89 22 84 35 72 75 24 29 94 39 8 27 80 58 37 95 68 47 66 13 73 85 51 36 56 50 98 53 70 18 0 59 93 85 46 65 12 22 47 58 61 55 ]

Timer (sort): 12342ms real	9110ms user	0ms sys
The output is sorted!
[ 14 9 7 25 12 3 64 37 9 24 2 74 38 41 21 43 14 61 20 33 5 2 83 28 56 21 12 62 96 39 70 10 0 29 87 12 32 4 1 41 80 4 67 18 97 41 14 11 2 34 ]
[ 10 14 3 25 9 40 65 7 53 40 33 19 13 4 88 66 18 36 29 83 86 2 84 21 43 1 27 62 13 85 5 23 51 61 1 12 1 66 20 6 59 53 25 72 9 14 38 28 2 19 ]
[ 72 48 22 22 46 9 3 15 44 53 42 7 52 37 92 43 14 11 9 92 71 21 69 57 17 15 21 46 4 19 70 28 19 92 3 17 53 6 33 50 59 27 9 12 16 1 7 30 64 16 ]
[ 70 15 16 14 12 16 2 88 63 70 3 33 75 8 48 7 31 0 23 20 11 2 96 22 46 2 37 52 6 93 18 77 60 34 91 24 2 45 12 17 15 16 50 43 24 98 2 7 50 25 ]
[ 37 44 29 12 7 34 23 26 61 57 11 21 29 89 88 45 91 26 43 33 83 0 76 1 41 7 14 3 87 25 44 76 21 25 88 28 11 12 6 24 21 17 45 2 58 34 0 2 12 43 ]
[ 21 1 89 5 94 48 7 43 29 7 31 38 9 74 8 12 20 44 49 85 5 60 16 49 24 60 85 70 32 21 36 53 22 25 10 17 26 17 12 7 24 43 46 33 17 6 98 38 2 47 ]
[ 34 45 38 56 71 16 8 36 7 68 27 87 19 17 0 6 10 7 2 71 9 67 51 34 51 10 13 37 41 56 4 75 1 94 31 24 11 39 12 18 60 91 5 79 9 57 37 19 17 39 ]
[ 33 2 37 31 1 7 35 11 13 39 48 3 41 6 54 15 15 4 15 11 80 71 33 53 37 60 4 19 51 59 7 37 13 96 68 15 3 3 78 17 43 26 72 36 84 78 51 51 35 19 ]
[ 5 14 59 52 24 8 20 95 7 5 9 1 38 12 22 50 25 28 9 33 13 75 78 40 48 18 71 8 24 17 65 81 83 24 86 60 33 6 55 40 11 17 42 1 29 16 52 54 44 13 ]
[ 64 5 23 98 12 88 44 21 25 10 96 98 30 48 38 14 27 21 25 23 60 31 0 14 23 99 22 22 1 16 0 18 22 23 16 34 63 12 56 40 22 4 39 52 52 29 18 32 51 43 ]
[ 69 25 35 5 27 4 10 23 35 1 35 20 15 0 51 24 93 54 35 56 18 11 34 91 2 7 21 58 81 95 60 2 73 47 60 0 4 22 23 39 24 11 11 91 63 15 68 8 69 3 ]
[ 51 40 90 69 77 22 20 5 4 11 91 0 66 1 2 6 7 45 5 76 17 42 81 37 18 25 12 8 19 83 38 71 23 80 92 53 54 12 58 10 24 1 11 42 2 13 49 10 10 54 ]
[ 0 33 60 38 44 49 6 18 64 60 67 13 17 37 69 15 1 21 34 51 25 10 8 77 34 1 3 79 17 7 43 17 92 55 55 36 4 13 6 69 26 26 34 43 63 3 10 64 76 45 ]
[ 0 71 37 24 33 42 73 34 11 9 5 65 14 92 6 37 10 4 2 60 80 35 10 38 62 4 56 36 25 63 3 25 35 92 2 20 34 27 55 97 36 12 63 3 4 21 40 66 25 42 ]
[ 94 62 34 4 20 37 8 19 22 19 21 24 62 28 21 8 49 1 41 36 19 48 76 10 5 0 7 34 12 25 23 59 87 9 63 60 47 71 31 21 42 53 97 5 33 19 65 34 72 7 ]
[ 41 38 32 82 1 29 68 51 6 33 20 36 85 29 76 32 0 42 9 30 35 24 77 37 41 70 48 45 9 12 27 2 2 59 85 3 41 5 7 99 39 27 35 24 8 63 56 9 5 17 ]
[ 6 15 15 33 16 40 92 5 17 9 37 32 97 63 48 21 91 26 6 59 7 28 59 36 23 14 35 45 57 39 41 15 6 8 0 22 48 44 27 18 53 16 50 51 32 98 24 23 77 30 ]
[ 46 44 13 32 49 55 21 52 67 25 53 36 22 45 3 0 38 92 12 21 63 11 43 58 52 18 82 4 6 55 49 4 0 63 36 1 18 9 5 37 87 10 25 9 56 80 9 46 72 21 ]
[ 5 61 79 61 3 40 64 72 12 21 3 18 33 25 26 34 59 93 85 60 18 67 6 22 39 7 51 1 21 87 32 26 1 11 39 56 51 4 28 15 25 31 86 10 9 12 44 68 5 30 ]
[ 2 82 5 31 12 11 29 25 33 21 83 4 23 62 76 26 3 13 9 34 39 43 85 9 39 37 32 66 17 6 5 19 41 10 50 5 73 31 30 59 53 65 63 76 27 91 3 31 4 64 ]

Timer (generate): 125ms real	70ms user	0ms sys
[ 58 53 53 43 46 67 30 75 21 69 30 37 44 87 33 48 80 30 75 70 67 59 19 92 12 42 3 49 16 41 84 26 94 37 21 92 57 51 67 30 73 98 67 69 85 1 17 17 83 45 ]
[ 39 2 56 59 95 20 1 50 70 69 91 54 48 37 44 69 29 1 73 49 31 46 47 51 15 84 52 85 53 87 30 92 89 38 51 36 58 4 87 28 26 30 35 74 68 31 43 97 32 16 ]
[ 98 15 14 97 18 82 81 22 67 34 9 49 27 51 87 30 87 45 87 26 26 13 57 61 87 25 44 82 74 28 51 73 95 17 70 14 99 4 36 66 90 46 15 69 49 54 52 36 0 39 ]
[ 63 78 52 72 91 91 97 35 25 71 63 28 96 58 46 19 72 97 23 9 16 65 7 83 35 56 38 39 44 38 78 59 68 82 31 59 25 80 94 50 4 57 31 0 15 29 19 40 26 94 ]
[ 1 42 12 60 26 99 16 64 38 12 54 16 24 74 50 55 33 75 88 27 77 92 84 60 92 51 89 64 43 16 10 44 10 22 4 36 21 72 52 59 37 58 27 61 32 29 68 17 56 56 ]
[ 44 34 48 28 94 41 32 84 57 75 52 67 72 14 90 76 3 63 49 7 75 38 66 54 99 50 84 67 68 40 24 64 26 24 45 21 17 77 57 74 4 61 94 76 75 84 53 78 99 54 ]
[ 86 74 92 4 29 43 6 65 10 26 5 86 91 84 11 36 57 28 65 14 3 69 27 97 46 54 33 51 33 84 57 71 11 1 75 40 44 33 57 54 60 14 93 3 98 4 39 55 32 56 ]
[ 21 87 25 48 36 23 3 21 74 88 6 83 59 17 84 86 9 28 19 18 35 31 32 28 34 83 32 25 38 16 81 12 56 59 12 44 82 67 66 9 55 24 92 66 93 29 52 2 9 24 ]
[ 72 44 55 4 72 42 87 56 67 78 25 1 90 81 60 2 77 42 22 43 3 77 19 48 96 12 77 0 66 86 76 38 83 32 95 7 26 82 64 45 12 41 46 54 74 6 57 51 1 31 ]
[ 47 56 60 66 4 56 79 33 57 45 20 33 36 3 17 31 10 95 65 26 41 78 19 87 32 93 46 41 97 99 72 44 55 33 10 60 41 89 93 50 87 65 84 23 20 53 6 83 1 71 ]
[ 61 42 1 81 81 34 74 27 27 71 26 52 67 34 37 78 94 78 19 39 29 6 57 65 81 77 70 39 12 71 11 74 65 12 55 47 98 81 26 78 5 53 30 72 39 19 2 85 97 22 ]
[ 24 78 80 33 43 14 63 66 53 75 37 64 1 3 29 8 2 79 42 28 57 47 33 39 71 72 58 26 57 56 48 34 34 80 67 30 94 30 96 48 58 85 64 59 88 93 68 90 73 10 ]
[ 71 82 9 4 22 32 77 80 58 34 88 58 68 75 39 88 57 33 70 53 33 28 38 98 40 79 91 60 21 16 22 92 51 83 97 73 15 26 5 26 60 46 36 81 73 75 21 30 61 91 ]
[ 83 94 72 73 44 12 52 36 24 26 4 46 18 55 81 67 80 48 93 38 74 54 84 63 87 57 38 8 87 51 51 22 98 23 47 42 87 52 30 11 78 35 9 96 42 90 16 23 39 9 ]
[ 61 65 15 97 28 2 54 19 62 93 22 66 67 20 89 14 63 29 18 93 40 96 80 2 45 75 92 61 98 83 70 11 49 86 8 29 40 14 0 55 59 23 21 78 95 62 44 58 91 63 ]
[ 4 84 59 36 86 4 11 30 65 61 14 88 72 15 26 80 96 66 46 97 73 5 72 46 83 67 61 28 78 52 91 82 88 2 70 26 7 34 57 24 95 23 64 68 90 90 0 86 9 99 ]
[ 35 82 4 7 81 40 27 42 20 5 46 63 39 35 65 9 13 24 43 70 1 91 45 65 59 35 56 11 74 65 10 61 99 67 21 80 7 48 22 79 53 21 42 92 8 59 53 21 84 49 ]
[ 44 85 40 89 50 51 77 58 14 3 75 77 64 75 44 37 7 3 85 82 82 90 3 76 34 11 35 88 32 19 89 76 56 81 18 59 84 47 17 98 50 93 27 66 20 71 56 27 74 41 ]
[ 9 8 32 12 84 18 75 20 58 8 91 47 36 0 80 6 11 16 53 28 15 55 73 94 74 45 66 30 73 92 23 34 1 7 99 85 26 74 57 84 34 1 84 71 53 64 29 64 81 83 ]
[ 44 48 90 70 42 64 15 60 46 40 53 70 75 54 77 74 91 55 0 1 40 35 54 24 58 7 40 87 71 73 22 67 73 13 37 68 77 53 28 76 93 81 46 20 87 75 94 79 31 47 ]

Timer (sort): 11369ms real	8970ms user	0ms sys
The output is sorted!
[ 10 24 11 87 29 12 7 26 2 3 95 42 16 82 0 24 66 33 30 66 74 1 60 27 68 23 29 23 48 38 43 10 14 6 49 44 18 8 70 73 11 65 15 27 0 16 51 18 1 34 ]
[ 3 84 32 5 68 1 41 29 22 0 18 81 52 36 10 7 62 30 68 33 4 40 66 17 91 19 44 7 57 18 18 13 54 2 18 22 55 60 3 77 12 22 10 16 10 72 23 24 54 44 ]
[ 85 79 41 28 7 42 55 6 24 38 21 18 43 52 11 39 32 13 0 92 88 18 20 23 7 38 71 14 5 61 69 42 41 11 70 0 5 25 7 30 16 80 0 11 33 11 2 65 77 3 ]
[ 54 8 55 46 26 4 69 53 10 45 14 5 51 36 24 7 0 90 26 44 22 4 12 18 7 68 60 35 34 8 36 89 69 43 35 47 47 4 1 9 49 15 14 0 3 39 60 56 81 38 ]
[ 35 3 36 0 97 45 32 3 1 42 93 98 23 58 30 28 0 40 11 9 84 99 40 89 10 27 34 73 19 0 31 6 3 19 7 52 65 39 8 18 33 1 16 8 11 46 36 63 39 47 ]
[ 74 28 88 4 6 10 58 7 35 22 22 12 45 38 2 34 0 42 86 31 45 16 37 96 61 58 91 35 29 2 76 4 30 17 8 37 27 18 96 14 40 18 27 38 9 81 24 9 23 10 ]
[ 4 5 31 81 10 54 14 91 98 0 70 30 51 60 6 51 10 12 93 18 5 4 3 91 36 17 9 20 50 76 90 55 33 21 36 43 27 3 34 25 3 4 55 7 16 13 58 27 25 51 ]
[ 15 18 50 23 5 16 76 49 28 6 98 12 87 34 46 3 71 3 12 34 50 49 50 20 0 27 46 86 87 27 6 3 45 9 26 2 25 55 51 5 61 1 17 49 36 63 4 59 66 16 ]
[ 11 25 33 15 64 10 27 36 4 31 16 90 68 53 2 40 69 60 8 28 48 35 66 12 88 78 56 28 5 23 7 16 0 40 83 16 2 10 52 58 41 20 0 61 73 2 2 43 15 62 ]
[ 28 0 43 91 22 44 9 0 64 48 6 67 40 54 19 2 1 85 35 4 94 61 10 28 52 56 54 26 28 63 74 8 15 17 0 38 62 9 38 26 9 96 45 2 51 16 4 4 1 92 ]
[ 18 21 60 24 3 47 10 9 2 9 44 95 60 2 2 67 59 75 23 16 82 52 22 1 51 13 96 10 32 49 98 2 22 10 27 25 10 89 34 12 50 31 7 10 85 62 30 44 37 5 ]
[ 3 6 6 26 50 58 2 53 4 43 21 92 26 90 41 35 32 4 73 3 70 20 58 66 82 27 47 13 7 21 45 62 80 4 40 30 14 42 36 18 38 9 11 16 51 4 51 84 9 24 ]
[ 12 20 77 7 51 58 13 35 25 7 6 20 18 20 20 44 20 3 25 34 94 5 13 33 97 15 58 71 43 25 66 7 97 95 15 48 53 28 35 30 88 42 51 6 14 23 3 34 26 28 ]
[ 84 81 12 9 55 23 33 43 13 48 82 69 3 66 16 17 76 35 58 11 66 29 51 3 7 26 14 28 44 19 77 28 52 42 89 7 65 22 3 78 22 37 0 25 3 16 42 31 4 0 ]
[ 27 28 72 47 43 22 43 44 55 93 80 38 84 75 4 79 44 31 3 51 22 3 99 2 34 14 4 25 1 30 8 28 10 33 27 53 7 22 49 14 15 29 4 99 5 8 30 1 92 34 ]
[ 37 8 23 6 39 45 1 86 1 8 0 2 4 29 12 22 81 22 20 49 90 31 24 6 66 41 54 89 94 17 97 83 25 20 41 16 65 42 3 18 50 3 20 6 32 32 81 66 6 53 ]
[ 23 31 77 71 21 18 57 59 0 10 62 48 71 31 10 11 31 13 25 3 26 61 6 61 55 50 26 24 34 6 51 10 89 29 81 62 99 90 21 0 0 36 0 24 19 11 35 2 76 12 ]
[ 88 18 34 28 34 1 88 0 15 9 61 98 47 43 2 9 38 9 82 38 67 3 34 8 37 65 55 35 44 5 51 32 24 85 61 10 87 1 10 54 10 72 52 10 67 7 19 5 16 1 ]
[ 39 6 5 1 74 33 58 39 48 62 39 22 73 41 66 62 69 0 29 16 32 10 12 83 2 76 15 2 10 0 48 1 59 53 54 33 38 13 72 86 27 63 8 0 5 27 14 26 79 43 ]
[ 31 48 40 45 36 36 23 14 89 4 6 13 14 9 76 60 48 84 43 75 13 16 4 78 7 3 4 6 23 10 72 6 10 12 4 98 0 27 64 90 31 23 55 97 32 83 9 33 67 4 ]

Timer (generate): 277ms real	130ms user	10ms sys
[ 46 48 62 30 12 72 97 75 10 78 34 52 59 44 11 18 71 68 54 9 19 87 69 76 24 90 34 57 44 44 77 90 44 39 72 8 63 21 83 26 52 69 78 11 14 41 82 37 62 36 ]
[ 47 33 23 16 61 0 6 95 57 50 91 86 92 87 77 64 95 41 38 30 67 90 0 97 1 66 90 83 3 4 20 2 37 95 71 98 95 29 94 52 32 37 90 24 25 68 41 72 9 79 ]
[ 3 28 21 3 77 22 21 19 58 76 24 30 79 61 25 50 12 73 31 58 77 63 95 68 88 72 36 81 45 97 60 48 77 33 3 54 55 76 25 65 52 1 95 83 63 21 85 27 94 17 ]
[ 85 23 80 80 91 20 53 27 1 50 24 13 50 1 46 5 7 54 81 33 19 85 34 15 69 49 88 6 76 34 23 61 57 56 94 49 76 99 76 78 1 53 43 51 54 90 56 14 44 89 ]
[ 47 15 74 33 82 95 35 70 2 63 56 77 25 14 33 71 15 10 22 43 40 23 96 83 74 3 25 82 17 21 71 64 37 45 49 19 41 84 42 95 48 98 72 25 64 6 48 79 16 70 ]
[ 23 8 93 71 91 19 74 17 1 91 38 24 7 27 69 9 99 62 93 41 57 93 91 30 70 56 88 70 87 56 40 10 64 85 34 55 56 8 24 9 0 15 33 59 94 55 68 93 17 14 ]
[ 86 27 59 78 9 30 86 97 52 73 53 45 36 69 30 22 24 39 30 1 48 82 16 82 42 10 37 10 4 6 76 42 85 36 72 94 18 58 43 70 84 48 15 72 17 98 94 94 37 24 ]
[ 95 85 59 11 19 1 73 8 63 29 15 40 72 0 28 44 47 46 55 42 16 91 91 32 63 8 30 9 2 67 85 97 4 44 60 24 97 34 84 61 15 99 53 87 52 81 84 51 27 39 ]
[ 93 95 30 84 27 45 45 9 54 99 76 39 49 33 36 61 9 33 47 93 46 63 45 99 2 49 32 86 0 11 77 45 7 59 82 34 56 79 96 10 78 72 2 27 57 38 89 66 23 88 ]
[ 60 70 51 57 21 54 6 6 92 58 17 70 3 76 81 85 63 38 16 59 0 95 83 54 74 41 44 15 7 68 4 19 90 55 76 11 61 82 69 54 92 87 76 96 15 9 33 78 99 50 ]
[ 37 0 97 21 6 71 14 51 87 21 19 43 93 61 50 69 72 12 4 94 18 96 81 46 44 48 55 78 27 55 80 16 7 77 89 13 0 3 64 39 77 35 82 70 96 33 91 21 97 95 ]
[ 15 15 44 48 61 88 96 68 18 75 23 98 92 30 27 81 44 80 37 60 19 14 96 2 84 44 87 27 65 84 23 80 51 67 80 12 7 77 80 26 52 56 76 96 38 56 78 82 36 15 ]
[ 95 55 81 91 9 17 87 96 44 53 32 67 85 83 86 66 47 94 95 28 72 47 36 48 96 74 4 74 9 92 41 4 48 22 47 57 91 34 6 35 39 38 55 25 22 41 43 69 87 38 ]
[ 49 59 37 37 60 33 12 16 59 73 9 52 29 9 26 76 18 17 62 24 53 54 15 8 31 89 1 74 58 89 64 60 0 53 97 12 39 61 81 50 34 42 3 63 51 29 91 21 47 6 ]
[ 46 52 60 13 60 91 2 13 17 60 2 81 72 55 86 22 19 77 83 0 28 70 42 31 33 45 12 77 67 11 83 65 63 95 78 75 38 80 89 55 92 91 88 65 98 26 87 18 4 22 ]
[ 70 32 92 13 63 78 58 27 55 77 39 90 42 2 37 20 78 75 52 67 82 45 10 70 62 61 96 1 79 0 23 49 84 68 14 47 46 25 27 53 2 66 95 97 68 32 17 98 59 22 ]
[ 65 41 67 28 11 81 89 59 82 20 12 57 69 96 25 36 96 23 61 23 76 63 89 23 60 9 55 30 8 66 52 25 7 71 5 70 52 94 82 86 14 94 43 36 42 21 72 90 44 85 ]
[ 13 73 0 54 96 13 16 4 43 24 70 47 1 30 70 7 0 74 53 34 60 20 28 55 56 23 76 80 13 73 65 27 98 65 33 94 30 49 50 25 25 73 24 27 55 94 86 7 68 39 ]
[ 42 80 59 70 36 67 45 64 47 59 37 64 38 35 82 71 82 12 73 84 38 98 9 62 77 64 9 63 72 29 55 14 10 14 36 98 34 82 14 33 93 4 98 31 39 32 54 73 44 27 ]
[ 10 34 78 19 49 55 36 58 71 60 39 26 74 1 92 62 99 78 96 66 12 89 70 10 72 61 94 27 87 90 6 97 25 84 68 26 92 4 36 63 64 75 41 90 29 85 53 80 64 1 ]

Timer (sort): 11818ms real	10330ms user	60ms sys
The output is sorted!
[ 26 20 39 26 24 96 4 6 10 35 60 4 36 76 49 1 57 17 37 13 26 85 5 93 51 51 65 24 32 9 6 11 29 45 37 6 41 41 12 4 28 24 8 16 0 57 18 9 26 55 ]
[ 3 1 69 6 33 16 22 11 9 86 7 36 54 71 31 39 23 70 35 3 78 4 61 44 4 24 42 31 50 7 26 5 8 47 11 41 15 86 4 24 24 63 61 79 34 44 70 10 15 5 ]
[ 77 67 42 25 75 38 0 75 45 55 2 31 5 29 49 25 36 36 3 12 77 95 0 17 8 14 28 6 4 21 41 33 41 35 10 16 25 11 44 22 66 46 53 23 75 3 0 11 39 56 ]
[ 53 25 16 25 47 7 46 15 4 66 8 28 5 1 8 35 32 24 49 31 34 64 89 8 74 15 25 57 14 75 98 20 0 14 45 99 21 92 14 26 10 74 6 15 28 15 2 60 39 3 ]
[ 73 56 47 22 55 28 70 30 40 11 39 23 62 59 13 4 22 92 0 8 37 17 51 80 54 1 32 2 57 3 4 82 12 51 4 19 31 26 2 23 89 41 47 51 0 12 8 74 4 8 ]
[ 47 93 36 76 57 35 30 44 44 0 13 64 90 23 9 0 57 22 9 19 19 40 29 14 48 64 26 41 68 18 3 15 11 91 43 20 26 25 65 22 25 30 39 15 5 0 15 15 23 77 ]
[ 34 26 38 3 19 22 7 6 21 8 17 34 71 30 4 85 36 11 0 44 90 38 16 62 69 17 42 0 43 16 7 77 42 45 33 13 68 40 19 41 0 89 27 71 71 31 8 60 42 8 ]
[ 94 95 31 55 1 17 25 12 9 1 22 24 43 48 54 0 71 46 1 3 79 0 25 1 3 45 85 60 30 96 45 24 43 28 31 44 45 8 9 7 9 31 31 4 32 37 5 55 83 58 ]
[ 64 21 86 4 63 16 2 9 6 33 61 92 26 87 6 62 37 8 11 5 56 0 28 1 2 16 56 20 21 3 13 37 76 0 41 39 16 43 1 74 28 62 66 7 1 24 21 90 84 84 ]
[ 48 43 73 16 9 23 10 25 46 34 24 57 42 21 34 42 0 0 69 21 18 16 60 26 0 27 8 38 5 77 19 5 20 92 21 81 15 83 59 13 70 83 22 12 4 57 7 4 57 76 ]
[ 21 9 34 10 5 28 76 6 50 15 20 74 4 0 0 6 20 23 65 9 29 68 47 15 58 37 39 67 77 13 25 98 74 11 9 31 91 37 38 42 52 10 16 56 11 69 14 31 44 31 ]
[ 6 60 99 33 50 2 12 58 33 1 25 11 14 54 98 20 10 59 28 91 6 3 0 14 0 54 11 72 59 44 15 17 4 66 50 6 69 14 16 2 16 42 13 82 48 63 3 10 75 83 ]
[ 12 22 62 11 23 2 16 16 64 27 51 45 57 35 38 55 50 78 55 4 5 38 48 64 7 24 35 12 19 49 37 32 23 99 43 47 1 11 15 18 38 18 63 48 53 53 55 4 32 10 ]
[ 21 27 24 83 23 22 2 59 15 73 3 10 21 89 49 45 49 14 46 5 11 41 34 58 2 31 1 23 20 39 12 41 18 36 76 93 58 78 4 25 4 7 36 25 48 85 23 97 0 21 ]
[ 97 48 22 31 73 12 1 31 12 10 87 6 10 34 4 18 2 8 25 6 53 4 75 68 31 10 15 17 98 75 53 47 75 27 79 0 39 32 32 4 42 19 62 53 6 18 23 60 26 48 ]
[ 93 39 11 2 42 70 11 21 25 53 32 50 41 12 54 28 54 10 14 11 22 12 67 36 68 8 22 66 3 23 98 96 14 9 50 8 32 61 29 9 14 14 59 56 26 14 36 32 76 3 ]
[ 2 11 41 0 20 24 64 23 53 34 14 13 22 21 29 39 13 63 17 4 50 9 13 71 36 31 9 11 11 9 82 65 72 23 66 45 99 82 68 5 17 34 18 91 55 0 30 21 63 47 ]
[ 53 51 31 16 4 12 74 72 2 50 2 2 16 46 87 30 1 25 4 39 17 33 6 3 51 73 57 3 29 75 24 34 27 7 50 83 19 77 8 21 27 10 75 95 9 62 25 10 40 81 ]
[ 77 31 87 7 14 33 28 50 2 26 23 81 29 41 26 34 83 24 8 15 42 12 1 0 26 12 2 8 68 28 43 97 11 30 5 78 15 33 28 18 11 3 51 40 96 78 27 79 54 35 ]
[ 57 41 49 67 45 18 54 11 31 9 50 3 75 26 17 0 29 47 65 8 97 1 7 66 36 39 33 46 84 19 82 41 12 32 61 10 2 15 21 33 76 24 37 4 2 6 56 32 54 21 ]

Timer (generate): 76ms real	70ms user	0ms sys
[ 91 78 15 64 44 81 68 51 31 77 34 22 13 29 5 65 20 67 69 25 96 23 35 75 52 58 20 7 78 41 0 69 19 15 86 63 96 54 14 79 32 1 1 97 30 6 63 2 73 84 ]
[ 27 22 60 14 49 64 72 69 71 3 10 23 24 81 91 10 97 39 17 11 19 1 64 20 98 46 79 13 49 4 50 28 26 10 43 75 26 15 97 97 70 59 73 95 41 64 57 38 3 74 ]
[ 1 74 27 18 95 78 64 26 43 65 30 93 94 9 55 89 36 81 56 33 31 27 93 4 22 86 20 79 24 23 6 77 98 85 95 45 63 12 23 7 77 53 0 23 14 8 64 51 89 21 ]
[ 84 72 48 29 76 22 15 48 53 91 72 11 69 22 97 16 19 60 28 42 67 58 47 20 33 62 80 98 65 21 19 49 94 19 79 22 41 46 71 46 38 95 58 7 69 55 75 88 67 56 ]
[ 82 87 14 81 7 99 43 39 97 8 60 16 10 6 87 41 29 80 87 52 27 25 47 37 84 68 92 12 8 59 68 90 46 82 71 5 81 67 44 31 27 57 99 89 63 87 30 44 67 18 ]
[ 96 46 95 95 83 32 63 27 44 71 87 12 13 85 46 85 91 79 4 87 10 31 96 62 21 60 49 3 56 68 21 53 67 69 0 50 53 16 78 97 87 17 61 53 2 59 90 45 90 94 ]
[ 85 53 25 81 15 98 41 16 2 98 84 75 3 51 96 3 54 49 19 84 98 59 53 11 64 7 70 54 53 61 48 38 14 25 19 29 76 13 45 78 63 81 5 18 85 2 73 91 3 45 ]
[ 75 2 4 80 13 20 87 36 74 40 97 74 30 11 99 50 92 27 15 89 57 30 70 63 48 55 17 21 46 20 66 73 74 22 53 40 94 41 76 68 33 73 42 64 36 94 66 80 73 81 ]
[ 69 31 63 39 94 11 47 63 84 45 83 3 71 10 77 76 50 72 69 26 40 3 51 35 67 87 81 85 67 54 18 88 85 81 27 31 44 26 94 28 24 30 31 95 40 61 23 42 33 93 ]
[ 68 25 96 19 60 15 58 93 0 77 48 18 65 85 51 44 69 95 71 15 75 47 45 59 94 37 20 17 79 53 10 99 78 6 18 91 73 28 84 25 5 84 43 70 22 46 15 91 41 38 ]
[ 6 17 85 4 28 79 93 48 48 73 1 59 72 31 17 43 22 91 23 59 16 29 95 12 99 17 58 66 8 52 56 67 21 93 71 49 72 64 97 73 89 50 32 14 33 49 9 56 40 32 ]
[ 67 9 61 62 21 13 80 31 31 40 83 88 59 56 81 82 5 6 99 54 79 88 4 63 54 90 12 63 46 5 48 65 14 61 27 87 26 59 70 58 52 6 46 11 62 79 94 20 85 93 ]
[ 74 16 81 31 79 88 21 92 3 19 49 51 84 15 13 63 2 39 75 72 49 27 78 95 38 93 27 32 13 12 25 87 81 59 70 60 47 43 4 50 62 53 54 98 20 67 14 22 58 89 ]
[ 47 8 16 77 55 54 22 82 39 35 47 64 75 28 75 97 40 74 41 45 25 3 50 31 54 71 98 68 45 8 57 44 16 25 74 24 79 96 6 70 84 53 87 11 33 62 8 74 37 49 ]
[ 71 14 5 73 45 59 44 95 27 42 3 84 38 72 9 12 96 40 61 2 11 97 8 98 8 93 12 16 67 49 66 90 15 23 64 60 82 60 7 9 2 11 45 93 35 6 57 31 98 18 ]
[ 85 61 15 45 59 75 39 24 92 58 25 10 49 41 33 65 53 67 25 61 76 80 24 73 73 59 79 30 42 77 1 27 39 68 25 50 44 64 74 88 74 52 50 75 93 35 40 98 2 18 ]
[ 11 78 98 87 51 23 46 82 5 40 11 6 20 50 27 45 53 71 9 79 11 35 31 61 11 76 96 51 27 98 69 38 28 19 26 31 94 24 13 0 65 76 58 85 79 85 82 32 8 43 ]
[ 63 19 78 47 32 89 75 80 93 2 78 14 41 58 86 19 89 80 43 54 80 60 31 39 97 10 24 79 94 85 22 57 56 53 56 89 42 32 69 87 34 0 2 27 58 88 98 0 68 94 ]
[ 6 1 54 37 40 4 99 16 83 93 53 58 3 10 11 11 99 5 43 20 93 30 20 47 57 31 87 8 31 55 2 37 8 8 27 0 12 26 17 48 72 70 6 27 32 69 38 31 74 34 ]
[ 52 19 64 24 18 73 7 5 81 90 13 83 80 21 92 7 22 4 85 91 4 9 13 10 88 46 31 27 77 58 61 81 77 77 58 96 50 65 53 32 8 66 67 88 88 59 95 62 16 32 ]

Timer (sort): 9716ms real	8640ms user	0ms sys
The output is sorted!
[ 6 7 77 84 68 59 59 12 93 17 1 1 24 40 43 17 21 47 27 50 6 49 1 24 58 29 18 54 17 18 38 23 25 16 7 45 27 18 10 20 36 11 74 12 3 17 81 24 16 8 ]
[ 14 70 12 10 29 2 29 5 27 29 25 49 17 61 29 44 33 40 12 24 38 44 66 10 50 15 35 99 10 0 85 24 71 49 34 52 3 15 9 30 45 34 32 14 47 61 10 32 1 23 ]
[ 1 20 6 39 30 30 9 31 46 4 6 1 45 83 70 63 46 26 2 35 50 8 21 46 6 26 46 32 55 45 72 8 17 78 99 0 60 9 31 6 65 89 8 10 72 30 25 18 8 27 ]
[ 75 88 12 21 59 47 34 3 14 14 10 31 8 99 13 30 42 0 40 26 26 95 36 37 1 70 40 46 27 43 45 2 31 9 23 91 56 10 46 70 24 8 1 84 7 15 14 1 67 6 ]
[ 21 69 2 18 8 7 6 12 5 87 40 98 27 57 32 14 3 1 9 54 12 61 99 8 47 88 58 7 88 30 51 61 99 53 79 7 12 38 19 17 25 11 16 4 21 0 19 24 1 80 ]
[ 64 53 33 50 68 22 52 15 11 96 0 19 17 36 35 39 27 42 57 22 2 2 29 51 10 20 22 5 84 71 34 48 24 67 50 45 42 54 12 53 2 13 25 19 49 12 10 28 54 19 ]
[ 81 2 11 66 55 44 5 43 16 71 2 88 10 56 67 4 32 43 12 52 8 61 19 0 3 16 6 15 1 95 11 34 97 22 52 5 67 10 0 35 81 3 23 44 11 42 0 44 86 64 ]
[ 87 20 89 9 64 1 17 53 25 51 55 38 29 29 30 26 14 4 19 31 7 13 23 93 41 9 28 17 17 3 20 5 75 61 14 39 15 84 93 40 35 0 31 16 29 61 42 44 17 61 ]
[ 12 12 9 67 1 15 54 30 17 9 62 22 24 32 65 22 6 96 20 19 17 68 28 16 61 25 5 38 40 42 18 52 7 80 72 8 47 78 90 16 40 52 38 16 36 3 38 42 51 10 ]
[ 34 0 47 9 49 12 33 6 60 50 0 46 11 5 88 34 57 35 65 53 5 6 84 45 6 65 2 40 29 4 11 63 4 58 72 6 70 5 12 30 7 64 76 70 22 17 57 79 4 22 ]
[ 54 23 3 4 15 31 35 40 14 91 22 29 0 27 56 22 57 88 34 76 20 11 26 30 97 76 46 9 11 29 28 17 52 31 22 19 15 9 60 29 0 34 58 52 13 15 74 23 55 60 ]
[ 30 54 19 61 12 5 12 55 91 86 41 13 11 19 6 37 28 10 15 4 25 28 18 23 45 16 78 91 11 2 81 41 8 53 54 20 58 66 27 1 4 68 14 16 88 73 5 68 35 20 ]
[ 66 1 0 37 14 19 29 4 3 63 7 24 0 20 55 27 46 9 82 59 1 16 50 33 60 5 27 7 55 82 86 22 35 86 11 1 58 92 5 61 8 12 37 8 84 44 88 31 54 22 ]
[ 77 16 66 76 9 33 15 21 78 42 60 87 7 83 11 9 37 1 1 57 10 78 45 11 90 32 35 17 31 55 23 8 23 42 37 32 27 4 5 57 46 66 45 5 1 8 14 90 9 16 ]
[ 2 25 43 16 25 9 47 31 21 50 48 36 80 65 9 31 28 24 97 80 15 45 63 4 47 40 30 29 26 14 19 28 91 14 97 17 24 44 0 45 46 1 33 26 66 42 9 46 18 7 ]
[ 70 66 22 92 1 12 53 37 49 22 45 4 22 60 45 15 21 5 24 64 2 26 30 41 16 23 12 23 35 31 34 58 49 8 50 50 20 3 40 21 25 85 25 47 97 22 15 18 28 91 ]
[ 25 6 66 68 31 50 19 69 34 32 0 48 43 49 14 9 22 20 14 44 53 1 92 69 15 28 3 56 6 94 96 32 52 62 0 36 12 20 5 46 4 6 46 47 7 60 8 81 32 23 ]
[ 36 14 35 47 28 30 64 2 43 2 98 16 65 80 10 21 21 53 20 21 52 17 29 4 35 13 4 30 2 17 2 38 31 90 38 11 20 2 13 15 56 12 84 22 44 94 95 17 99 68 ]
[ 45 5 31 2 53 14 45 54 13 66 16 38 0 48 30 60 95 56 46 36 57 23 2 9 2 78 73 84 14 42 25 11 47 56 14 0 22 11 6 87 29 22 26 30 22 56 42 17 13 88 ]
[ 10 73 8 48 26 8 46 0 46 34 0 40 56 83 25 57 49 17 48 94 6 23 74 30 0 69 4 69 62 22 35 25 96 43 25 22 3 71 22 1 5 75 41 13 58 19 23 7 36 23 ]

Timer (generate): 163ms real	70ms user	10ms sys
[ 0 96 81 29 39 29 83 15 96 55 55 86 4 31 36 59 13 26 61 94 81 16 49 7 16 26 19 10 23 92 19 75 40 0 5 79 81 88 46 30 44 1 16 0 32 4 60 45 83 21 ]
[ 92 64 89 93 71 57 19 43 19 94 35 38 70 27 90 75 6 24 15 52 54 59 6 22 60 38 79 72 36 62 93 80 78 34 73 2 91 45 45 11 91 32 1 61 59 44 88 65 68 4 ]
[ 69 74 15 27 48 27 66 27 99 54 89 44 34 20 78 59 22 22 4 67 85 96 99 86 9 58 30 50 75 50 54 96 24 21 24 73 49 42 0 0 96 42 97 82 62 75 41 84 49 98 ]
[ 3 34 46 54 73 55 64 3 57 39 6 63 87 30 85 11 55 86 53 56 86 1 50 83 83 64 11 77 0 60 27 3 47 73 57 20 80 21 75 38 12 81 1 99 12 86 63 67 24 68 ]
[ 75 63 70 77 46 5 41 9 34 41 22 61 96 69 34 53 89 15 26 16 53 90 98 6 90 10 45 5 29 69 73 57 32 95 34 31 1 28 40 35 69 14 49 66 83 83 71 24 50 98 ]
[ 41 55 40 91 62 30 53 7 35 82 76 61 91 61 56 78 92 57 6 84 45 75 99 46 93 82 29 65 59 32 15 52 87 55 43 1 38 96 8 25 30 37 86 22 98 43 0 42 52 6 ]
[ 26 49 33 25 95 79 60 77 96 19 9 63 71 48 70 66 2 8 62 10 86 92 99 72 66 49 67 18 91 20 76 70 21 10 95 17 41 55 46 37 26 7 0 49 7 70 15 9 31 77 ]
[ 72 17 22 71 41 88 73 9 7 16 81 35 86 2 45 34 71 38 89 69 75 68 76 27 17 84 98 33 93 29 62 65 98 36 89 39 25 62 48 84 30 81 19 17 36 17 51 7 7 92 ]
[ 77 83 60 5 10 30 41 60 15 87 89 77 52 39 66 93 79 91 7 79 27 38 61 98 55 97 67 58 56 75 50 85 10 63 43 20 45 84 81 60 71 22 89 76 62 55 69 93 98 29 ]
[ 72 77 67 85 76 74 82 95 84 91 70 34 76 80 49 19 53 94 56 86 6 27 60 48 3 74 3 25 67 54 54 92 31 73 77 59 47 60 55 31 3 77 17 31 10 19 51 15 65 7 ]
[ 53 72 86 13 20 90 88 75 15 7 81 21 99 13 94 77 24 93 89 31 76 44 9 93 75 71 64 26 86 30 85 39 54 24 4 26 14 44 1 81 52 35 2 3 48 48 32 72 41 73 ]
[ 4 17 17 65 62 93 36 79 71 74 9 9 65 15 33 69 41 99 14 94 80 18 29 34 73 29 34 6 54 27 31 58 96 49 75 58 94 63 89 65 89 98 26 54 13 59 75 6 10 41 ]
[ 1 42 59 30 28 85 60 62 91 14 89 22 24 85 23 51 96 17 66 85 35 55 36 61 61 49 73 36 8 83 78 9 26 89 91 54 74 3 17 17 17 58 92 93 96 15 96 92 85 62 ]
[ 29 20 69 65 81 30 67 6 67 75 90 97 84 16 38 75 22 65 79 91 82 48 50 26 94 46 94 90 90 79 5 19 51 74 85 32 5 4 91 24 79 81 73 15 49 63 42 71 28 73 ]
[ 63 63 22 13 41 68 11 35 10 1 14 15 20 65 42 57 50 99 61 41 75 92 74 0 7 23 63 50 94 44 23 9 59 97 22 0 65 85 36 28 86 2 95 59 20 37 16 22 88 30 ]
[ 15 63 22 41 15 30 64 79 32 10 75 55 20 34 53 94 86 70 80 74 98 18 29 46 77 1 83 46 75 72 76 90 87 50 31 3 32 47 34 64 57 9 72 77 95 77 24 81 47 4 ]
[ 8 98 22 37 44 52 38 79 98 13 3 26 55 43 76 38 46 9 85 32 25 94 93 97 24 88 74 48 21 74 52 29 24 26 18 20 78 8 99 76 21 3 54 28 98 31 66 44 92 3 ]
[ 28 69 98 21 67 74 9 93 22 82 19 26 64 43 52 82 63 83 91 15 59 64 70 66 93 68 49 11 64 41 15 92 62 65 13 81 39 74 75 61 56 46 39 72 90 91 55 5 74 98 ]
[ 20 86 14 90 4 7 58 53 71 74 46 86 66 8 3 79 90 42 5 17 55 62 63 94 86 5 37 93 11 64 91 31 2 6 74 6 65 84 59 36 59 57 74 25 65 77 57 7 71 62 ]
[ 24 78 76 88 72 63 93 62 8 56 78 0 88 32 58 14 38 75 50 49 64 9 6 38 87 23 68 96 31 39 58 7 18 87 95 42 2 41 56 10 97 34 62 37 66 72 3 56 48 54 ]

Timer (sort): 9714ms real	8420ms user	0ms sys
The output is sorted!
[ 6 17 1 46 9 6 78 40 32 5 96 14 44 38 40 85 38 45 35 56 9 44 88 87 11 9 59 4 2 86 5 8 3 58 6 13 16 85 5 48 42 1 15 39 40 55 24 30 0 11 ]
[ 17 39 7 23 16 26 37 7 89 11 21 34 90 68 18 14 90 93 15 57 5 36 5 19 71 51 8 9 9 13 45 26 5 52 1 21 31 38 80 20 49 1 6 92 69 24 6 12 70 21 ]
[ 70 53 4 28 53 32 14 86 50 15 0 83 33 10 7 3 47 62 0 64 3 12 89 52 42 19 35 24 35 13 36 6 66 40 34 71 24 48 57 74 15 10 58 0 20 17 4 19 31 4 ]
[ 49 33 1 54 8 7 8 61 53 57 13 48 32 11 64 4 40 19 9 39 22 15 14 26 40 32 2 44 29 7 74 30 93 27 36 1 35 45 63 40 2 28 88 35 40 5 91 32 76 0 ]
[ 47 5 46 43 55 49 30 36 10 13 34 31 24 16 92 14 11 46 9 31 7 72 26 11 25 19 95 40 27 58 8 26 15 6 21 23 8 51 11 18 64 45 50 88 62 42 2 25 41 64 ]
[ 26 9 17 38 28 39 24 50 69 47 23 23 54 27 6 99 20 59 93 7 67 13 7 43 67 58 6 60 29 10 5 7 19 74 45 0 13 22 50 35 21 26 58 28 5 16 27 25 27 72 ]
[ 25 51 42 38 40 25 69 64 15 17 27 22 72 69 42 26 29 25 66 19 15 83 5 31 50 47 39 5 23 5 90 0 8 32 38 1 9 7 17 24 76 44 46 1 13 41 27 42 66 46 ]
[ 27 19 24 71 23 93 10 44 57 16 16 19 11 13 22 11 40 39 15 50 13 32 41 87 12 21 28 40 52 13 81 32 32 5 55 55 51 18 51 60 34 20 32 45 33 54 8 25 45 24 ]
[ 20 43 28 27 46 92 11 13 8 25 11 39 8 37 11 54 11 95 24 21 23 29 16 59 85 11 46 47 78 60 76 50 4 56 77 2 1 41 16 9 66 27 48 26 16 11 80 28 7 4 ]
[ 13 4 68 4 4 17 19 4 51 17 6 12 27 15 17 33 63 51 44 27 14 75 10 61 27 23 20 35 55 56 64 68 60 85 24 16 2 43 20 53 12 27 17 91 42 35 76 58 38 21 ]
[ 50 7 26 59 95 30 75 39 80 2 55 8 85 11 60 7 2 23 10 9 95 16 1 9 16 19 54 45 31 54 37 33 14 15 92 9 45 19 0 25 21 55 33 58 18 45 65 21 20 27 ]
[ 41 17 41 4 25 13 37 15 18 10 92 17 23 74 31 57 12 9 37 23 82 33 16 27 12 94 80 9 16 57 4 9 26 46 13 52 11 2 19 29 12 11 98 36 37 81 45 49 90 34 ]
[ 5 40 74 45 20 18 13 17 48 58 86 19 40 27 82 2 57 67 30 25 65 23 23 54 0 55 13 33 17 27 57 22 67 31 19 40 1 33 57 1 43 43 20 83 23 2 37 32 21 19 ]
[ 93 50 25 13 10 48 7 16 20 53 58 39 15 36 55 59 20 25 8 0 75 76 4 3 9 13 19 12 0 38 10 93 40 87 6 2 35 66 18 8 19 29 99 86 65 6 45 85 31 5 ]
[ 33 26 55 1 32 23 43 99 18 78 46 15 28 32 11 36 37 23 7 4 78 64 36 13 3 5 44 62 71 14 93 4 41 49 58 25 24 53 24 43 31 22 10 11 54 21 47 43 44 6 ]
[ 72 1 64 24 32 16 15 36 25 12 32 10 27 29 24 71 11 31 12 6 32 3 85 9 69 5 25 7 63 98 21 35 0 85 59 32 54 26 20 79 39 4 41 18 34 65 41 97 49 5 ]
[ 55 52 39 59 48 24 29 2 11 55 38 27 31 10 45 46 51 16 94 19 6 9 46 18 46 35 24 37 34 11 11 42 64 50 53 12 26 82 67 37 89 5 17 20 15 14 19 19 30 65 ]
[ 17 23 40 2 80 23 37 46 57 43 40 26 10 45 40 23 73 19 64 31 3 6 60 25 7 4 56 22 43 78 9 60 1 50 14 33 25 4 31 34 99 71 61 9 16 1 85 41 20 49 ]
[ 27 16 33 5 11 4 29 47 20 6 39 1 89 62 19 46 34 11 9 10 91 46 20 17 61 12 53 53 82 97 14 9 13 0 67 77 4 96 24 25 54 64 26 44 26 97 42 13 9 3 ]
[ 24 1 10 64 47 39 18 51 68 1 78 46 46 16 30 29 24 60 6 20 27 66 17 43 49 14 20 1 30 7 54 6 9 16 23 8 55 41 59 75 43 90 74 41 6 56 23 83 16 29 ]

Timer (generate): 91ms real	80ms user	10ms sys
[ 31 85 21 35 95 47 98 74 38 6 5 81 83 45 98 42 88 44 78 50 6 38 82 45 27 69 24 82 67 36 71 51 21 44 86 16 91 36 42 29 42 48 62 25 93 61 19 33 5 97 ]
[ 83 63 87 17 9 66 38 33 48 57 69 72 60 42 68 98 59 12 34 53 93 76 1 56 53 46 69 24 31 74 22 66 90 61 83 99 28 73 84 28 31 5 0 43 47 21 42 58 33 76 ]
[ 12 26 5 65 34 58 12 3 83 95 30 57 62 20 18 97 19 46 71 55 27 54 60 79 97 59 0 91 18 85 68 30 12 25 47 98 83 11 2 18 7 32 27 69 52 98 66 23 96 89 ]
[ 30 23 95 90 3 93 49 3 84 19 89 4 1 53 29 49 3 65 60 5 35 19 89 63 88 93 61 7 16 9 48 46 33 44 88 36 89 90 91 73 9 32 30 11 37 59 12 41 76 24 ]
[ 46 12 44 88 27 32 81 40 91 98 49 40 96 34 36 37 22 25 27 14 50 88 98 80 51 36 92 63 29 68 88 27 32 32 15 11 16 97 3 60 47 53 52 43 87 88 32 10 13 59 ]
[ 76 63 48 74 96 51 62 88 15 91 8 55 19 93 39 34 56 55 83 60 67 30 13 19 26 52 7 58 14 72 70 42 36 18 69 84 69 31 24 36 23 84 91 94 77 30 80 34 38 64 ]
[ 94 57 94 59 77 20 63 84 31 78 9 1 72 97 71 41 81 92 73 5 29 48 89 72 94 19 55 74 5 45 38 99 2 85 10 79 57 73 16 88 3 25 89 76 22 60 17 55 53 42 ]
[ 60 34 42 1 6 36 20 61 11 77 6 1 76 61 38 38 40 96 12 56 84 67 33 74 43 7 86 13 62 39 55 74 73 98 28 32 86 0 45 49 78 4 3 6 65 41 45 5 37 57 ]
[ 14 22 76 99 48 20 7 34 33 21 74 40 96 99 90 24 31 77 24 77 78 54 81 81 61 46 23 6 3 60 15 69 34 91 69 82 11 28 17 96 49 43 89 97 42 79 73 26 8 50 ]
[ 55 87 4 88 68 65 86 91 71 89 4 38 59 38 30 80 73 93 8 90 42 9 85 31 7 79 62 80 5 71 30 12 58 87 0 78 52 86 22 76 28 26 14 39 16 96 19 89 42 79 ]
[ 31 84 88 68 67 47 48 29 80 5 0 10 18 58 49 18 89 2 57 11 30 85 89 96 24 5 93 95 47 35 74 30 71 14 99 38 62 47 67 42 4 68 4 22 78 54 93 67 8 50 ]
[ 30 38 87 19 34 11 25 79 58 24 66 84 54 37 98 5 75 12 4 43 6 9 63 63 83 93 69 76 61 77 26 43 67 13 63 53 76 88 85 34 64 51 70 70 89 69 76 16 33 80 ]
[ 11 40 41 26 55 25 20 24 1 33 53 80 76 72 45 39 25 74 79 62 60 43 14 31 14 55 52 90 71 85 22 83 77 64 9 32 89 81 56 42 14 61 22 91 33 68 30 11 42 62 ]
[ 73 2 5 87 85 71 42 37 61 66 23 36 49 0 0 10 85 41 92 93 83 6 55 58 49 40 78 32 51 72 94 25 26 99 64 12 71 59 49 84 25 72 72 74 25 24 36 62 65 80 ]
[ 55 1 39 62 11 88 3 89 20 54 61 66 31 87 18 96 99 89 55 1 25 80 25 98 6 50 22 94 12 40 75 20 93 14 82 4 54 85 93 27 92 6 93 23 45 11 19 97 52 26 ]
[ 98 78 58 23 28 64 26 2 11 38 42 86 10 35 52 93 91 6 30 36 33 22 42 27 46 88 90 17 85 43 96 83 21 54 58 1 71 84 3 82 75 46 20 85 33 72 30 77 30 61 ]
[ 13 16 83 56 95 81 96 85 51 33 28 47 68 1 1 26 2 72 11 6 6 86 4 26 23 89 50 54 66 81 15 80 97 50 88 92 84 84 29 35 17 58 82 85 59 83 11 62 8 74 ]
[ 20 14 12 24 41 36 65 91 90 32 24 57 12 73 59 52 17 43 36 47 30 5 5 12 90 16 48 53 78 56 28 98 22 92 74 15 28 40 59 70 72 83 79 36 9 39 88 26 34 76 ]
[ 25 65 81 82 29 23 99 77 76 29 85 56 28 60 49 54 75 77 94 34 0 18 18 79 6 79 70 46 5 5 74 83 22 55 65 51 78 64 81 7 94 18 63 74 78 64 28 54 94 75 ]
[ 88 94 45 58 25 52 37 96 50 95 53 25 78 27 32 43 30 63 60 11 70 54 82 85 80 60 50 8 66 44 35 55 90 81 65 15 85 55 63 87 2 16 12 32 95 45 75 26 8 87 ]

Timer (sort): 11246ms real	9540ms user	0ms sys
The output is sorted!
[ 69 6 73 5 46 5 17 40 13 82 52 10 14 5 69 26 24 34 68 24 5 13 41 6 28 81 35 22 38 54 2 7 12 28 12 10 33 82 3 98 16 55 9 83 13 30 9 37 16 29 ]
[ 46 22 4 36 5 37 29 38 10 52 20 6 5 49 79 2 56 64 21 89 44 95 13 16 33 27 31 7 23 11 47 21 33 3 9 38 40 39 28 3 91 0 61 48 49 40 2 6 57 23 ]
[ 17 19 0 55 5 23 27 69 36 10 1 37 5 71 35 0 48 15 46 25 98 17 21 0 72 37 39 2 55 93 5 73 13 5 28 70 28 7 40 16 17 93 5 23 16 40 23 64 8 69 ]
[ 34 17 70 54 38 29 1 2 96 50 57 66 20 29 19 50 47 11 65 40 58 49 88 3 19 9 32 86 21 1 60 7 71 30 13 9 12 14 11 8 17 20 26 89 1 45 39 0 9 4 ]
[ 9 13 18 18 37 3 3 94 20 48 22 18 5 84 69 14 10 46 25 33 51 8 35 44 75 9 32 33 21 99 2 83 12 72 1 1 76 4 47 96 4 69 15 10 54 36 24 16 35 1 ]
[ 41 31 15 41 75 26 36 53 58 59 27 54 80 53 1 3 14 87 14 9 33 3 11 49 57 60 62 15 30 51 1 23 34 16 16 9 42 53 14 0 12 41 6 44 46 7 48 12 47 62 ]
[ 31 26 23 47 1 51 6 8 2 59 25 50 11 41 88 96 34 0 1 31 50 14 94 62 67 8 49 21 22 45 29 6 71 4 5 24 55 11 32 9 71 9 60 34 50 0 30 36 52 31 ]
[ 4 12 55 10 57 35 11 8 93 15 67 16 61 21 79 8 42 81 26 9 22 32 32 11 71 36 0 66 88 36 12 44 0 68 55 10 55 18 18 1 33 37 17 46 10 49 6 52 30 32 ]
[ 12 32 14 2 18 16 15 46 72 44 92 77 35 74 3 37 6 36 42 54 56 15 35 32 11 1 50 96 95 21 30 7 5 44 10 24 13 77 22 37 21 14 15 8 88 18 45 47 6 39 ]
[ 74 32 8 16 38 17 42 4 15 6 5 51 22 6 11 55 55 2 27 0 70 43 1 37 26 29 27 23 11 59 14 37 43 75 53 34 92 47 90 60 5 95 63 28 1 26 35 9 29 62 ]
[ 16 38 5 86 30 40 21 7 21 17 13 36 45 36 74 27 43 88 72 34 58 84 1 10 20 72 3 39 58 75 5 26 13 11 13 43 3 86 2 24 3 15 61 1 3 35 80 46 24 52 ]
[ 3 9 4 62 24 1 30 2 15 8 95 5 77 3 5 67 49 45 9 65 87 4 32 3 37 76 61 1 11 17 38 67 26 42 29 3 96 11 5 63 20 52 68 49 55 25 16 4 71 77 ]
[ 52 11 14 49 15 80 92 46 6 81 4 28 4 23 28 51 86 1 14 0 66 25 80 34 68 87 57 33 4 23 38 9 86 4 10 1 37 2 47 43 35 52 23 40 75 3 43 14 4 9 ]
[ 33 20 32 23 33 63 24 1 68 25 5 2 18 2 98 87 43 9 12 6 1 94 2 80 84 3 32 31 76 36 19 9 8 3 84 41 18 8 43 86 86 0 40 56 54 38 44 49 0 8 ]
[ 57 88 45 87 45 3 54 5 16 44 46 40 43 5 29 77 64 30 95 38 6 32 2 24 43 14 15 27 25 19 49 35 7 46 22 4 49 29 9 17 25 7 10 20 13 91 49 77 21 44 ]
[ 48 34 29 21 23 7 95 78 25 83 53 6 9 93 14 17 48 35 83 14 12 33 31 6 63 1 21 23 65 24 36 65 58 17 86 33 25 81 11 2 16 16 9 26 9 75 43 9 10 26 ]
[ 3 52 23 70 19 84 50 48 36 20 32 5 2 24 40 53 61 2 58 58 24 25 55 38 72 5 61 5 7 30 10 63 34 33 33 5 18 83 6 54 55 90 11 58 66 3 11 27 5 22 ]
[ 5 40 64 30 33 34 15 2 41 47 66 2 10 30 54 65 4 1 3 19 22 31 9 23 23 73 43 13 13 89 37 18 30 2 0 63 36 15 18 77 14 84 31 25 66 38 90 70 39 93 ]
[ 4 78 13 63 12 7 3 61 35 74 1 48 36 46 1 14 21 20 30 84 34 13 0 49 29 38 21 75 72 76 9 76 7 22 91 19 29 94 33 16 20 34 16 56 33 17 23 6 90 5 ]
[ 12 19 3 45 25 72 20 39 55 75 88 50 53 54 3 28 88 57 2 72 71 16 12 26 46 91 51 5 38 36 20 2 55 24 0 32 96 20 23 3 47 11 5 0 17 9 80 5 18 35 ]

Timer (generate): 133ms real	80ms user	20ms sys
[ 40 8 77 40 9 25 21 64 37 58 2 63 58 70 17 64 27 16 73 58 70 8 19 89 24 28 42 89 88 12 9 80 21 87 20 82 64 41 98 54 51 1 17 9 23 86 25 2 55 51 ]
[ 12 25 11 32 14 36 12 9 77 0 21 87 80 94 26 52 29 42 45 27 96 96 28 65 57 3 52 34 5 59 37 18 84 49 2 50 37 14 11 14 14 85 53 46 31 79 98 60 22 43 ]
[ 88 18 91 68 36 0 72 40 86 29 99 24 99 35 73 1 85 62 15 49 76 81 34 82 27 65 61 77 78 35 20 66 6 63 86 42 15 10 82 2 40 81 26 39 16 99 93 53 13 8 ]
[ 54 41 42 88 23 69 6 85 99 84 72 19 2 78 35 88 20 50 99 54 52 91 35 78 30 3 29 75 9 42 36 63 84 78 4 59 99 62 44 98 46 17 18 0 47 5 88 20 55 87 ]
[ 74 60 78 62 90 61 17 20 36 26 14 24 42 50 2 98 10 2 60 6 0 58 75 70 58 23 75 46 43 83 86 69 43 16 31 33 29 49 5 18 27 72 42 21 22 45 19 84 47 31 ]
[ 43 99 89 18 70 99 93 97 98 88 80 36 10 75 52 41 61 34 90 66 52 70 38 46 91 13 91 11 49 90 94 92 42 36 63 12 35 8 61 33 49 42 69 59 17 74 0 78 8 43 ]
[ 97 12 65 87 58 56 52 50 19 2 92 14 46 34 50 61 98 37 70 60 71 71 54 92 30 71 66 82 2 26 77 51 38 42 38 97 99 43 99 70 45 91 84 43 78 86 5 28 24 75 ]
[ 88 47 98 42 39 28 66 58 62 20 84 92 23 23 34 61 20 85 56 19 8 1 62 92 45 92 31 50 21 7 77 61 54 75 4 93 55 22 51 69 94 88 61 17 11 48 30 83 33 87 ]
[ 54 41 88 16 86 85 61 69 87 82 76 16 43 30 43 99 75 98 21 79 20 15 67 81 32 30 29 15 13 15 2 67 8 90 35 94 28 96 15 67 30 91 84 26 73 79 25 49 30 99 ]
[ 80 50 66 99 31 51 29 13 66 42 28 68 61 36 10 48 83 38 45 98 58 27 90 42 53 15 21 79 16 51 78 96 53 44 95 85 47 24 98 13 18 78 81 31 14 92 80 97 82 77 ]
[ 48 40 4 90 34 58 5 8 89 22 11 67 18 65 63 66 2 11 90 52 76 61 30 58 92 96 2 24 46 36 1 94 29 6 84 63 64 41 23 53 63 35 72 34 52 87 0 54 50 42 ]
[ 6 27 3 88 37 48 84 39 72 30 27 74 24 56 32 60 20 96 2 95 1 65 82 25 99 34 64 51 88 67 94 46 94 49 34 83 49 19 74 22 49 1 48 26 58 80 86 30 28 88 ]
[ 77 81 6 60 58 57 94 22 9 35 89 55 33 35 4 68 70 6 39 44 28 40 98 28 66 8 8 5 38 88 45 15 69 51 27 27 61 22 1 70 9 43 77 42 78 33 62 49 39 1 ]
[ 45 67 42 43 47 60 51 7 65 41 95 11 9 16 14 36 95 75 10 97 97 19 40 74 14 70 8 76 71 47 78 17 67 72 60 14 32 64 22 50 5 69 61 14 86 27 3 81 3 13 ]
[ 78 0 85 70 27 99 41 35 75 12 34 5 81 1 77 94 68 62 58 42 12 15 11 25 82 97 52 85 79 7 50 9 8 35 32 87 34 73 22 62 37 56 67 19 10 45 65 30 59 23 ]
[ 72 71 38 83 96 20 33 0 57 64 8 8 25 68 95 57 55 82 30 77 44 20 85 63 91 47 60 56 77 19 31 1 90 69 37 86 42 70 39 51 34 47 11 59 15 7 69 70 89 51 ]
[ 99 85 71 84 48 14 84 9 70 13 28 1 15 71 23 52 9 17 22 48 68 8 95 80 19 10 39 88 80 28 40 31 13 63 16 13 78 52 22 48 65 3 2 80 74 25 84 83 94 58 ]
[ 32 62 66 79 94 38 90 33 78 22 13 18 54 78 34 22 92 12 26 66 12 91 69 14 24 95 91 8 31 37 19 15 52 37 94 46 75 36 32 54 11 45 24 17 24 10 91 68 22 17 ]
[ 34 87 60 56 53 84 3 97 45 34 34 64 1 86 53 96 33 29 84 17 35 47 62 11 64 86 22 55 54 96 24 41 83 85 97 37 21 0 34 18 87 68 34 88 7 88 36 40 17 73 ]
[ 9 4 20 71 67 85 10 89 92 16 86 17 57 21 54 6 58 75 59 92 46 46 13 80 86 20 68 75 12 37 48 21 93 20 92 61 57 54 2 50 71 40 19 28 62 25 87 20 52 46 ]

Timer (sort): 10534ms real	8820ms user	0ms sys
The output is sorted!
[ 47 20 4 9 62 23 20 13 7 9 27 14 41 42 12 13 14 29 56 46 15 24 81 14 32 51 62 52 29 12 43 28 32 0 37 46 23 10 11 30 19 39 96 12 33 8 26 48 89 82 ]
[ 51 40 8 19 27 18 20 64 26 43 3 28 11 1 1 28 7 46 39 43 80 43 55 18 62 0 33 42 29 69 67 32 9 28 3 36 46 75 52 24 19 56 5 30 57 6 58 16 53 49 ]
[ 2 47 36 68 16 17 73 33 3 58 13 18 97 28 32 2 21 13 6 20 76 52 28 86 74 12 3 22 0 56 60 54 3 48 22 72 66 48 5 21 6 19 39 3 47 24 6 20 37 64 ]
[ 40 11 34 27 29 3 35 5 91 92 18 83 24 53 24 35 19 0 43 0 68 0 18 28 9 70 28 53 9 58 22 49 22 57 28 3 12 63 60 56 8 30 39 84 83 15 20 3 16 15 ]
[ 93 2 9 97 38 1 3 34 36 26 1 43 0 22 0 51 17 6 26 99 53 66 15 45 56 9 40 40 8 65 12 53 19 21 2 9 74 58 44 10 84 45 5 36 68 6 87 37 12 13 ]
[ 4 0 55 13 34 17 15 14 72 11 57 8 63 93 27 78 33 11 58 11 38 2 90 41 2 82 54 10 65 26 6 70 26 61 35 12 78 2 27 2 14 36 10 77 30 89 7 15 0 17 ]
[ 9 21 2 74 99 77 65 8 31 48 99 4 46 79 29 27 62 60 14 39 38 4 13 42 1 20 11 97 18 26 41 27 48 43 1 47 73 19 7 4 19 6 60 17 38 41 44 0 1 10 ]
[ 46 88 4 11 49 6 56 36 34 66 91 8 3 4 26 17 87 91 62 36 58 53 21 4 7 3 75 16 54 31 0 0 19 57 11 20 15 19 57 49 37 0 9 40 57 35 9 44 26 72 ]
[ 85 6 17 17 61 3 42 62 25 35 2 64 36 62 97 4 41 46 43 49 38 34 28 7 59 4 6 96 3 36 16 88 42 33 5 3 36 99 17 13 35 19 29 23 33 26 27 26 25 22 ]
[ 41 5 28 60 2 22 14 36 6 0 62 45 1 96 44 0 16 50 47 54 58 6 1 28 27 41 2 37 55 95 10 48 0 38 8 2 60 74 38 18 74 52 16 75 49 60 27 17 10 75 ]
[ 32 6 45 15 75 11 15 4 7 91 14 83 34 32 44 28 2 47 18 36 54 2 41 34 34 16 36 10 10 18 83 42 76 80 9 52 91 25 56 98 16 23 33 3 7 77 31 9 24 1 ]
[ 15 12 10 29 8 0 2 89 20 5 9 64 45 85 48 36 88 49 5 55 96 52 46 19 42 56 44 45 7 56 12 22 68 22 3 29 74 6 18 94 11 79 11 8 16 11 45 4 60 2 ]
[ 11 32 11 9 13 70 15 94 71 26 7 48 26 45 98 97 24 55 20 72 0 10 21 1 18 17 49 0 60 14 36 24 46 47 33 11 69 0 5 40 78 13 40 4 58 39 2 35 46 74 ]
[ 10 24 25 39 77 48 17 57 32 99 0 8 42 27 2 42 19 60 7 23 21 24 12 82 40 96 20 35 5 58 22 15 34 47 6 12 95 23 69 27 23 21 35 17 49 89 11 68 1 19 ]
[ 39 5 23 69 9 35 55 66 63 44 6 21 94 18 44 2 14 25 56 18 30 18 18 37 32 39 3 58 87 27 33 78 32 56 0 41 44 7 59 59 4 18 80 98 36 25 0 2 2 8 ]
[ 13 14 41 74 52 22 89 88 7 6 0 12 48 46 40 12 34 10 18 49 73 60 30 78 81 9 25 22 20 2 14 85 17 55 11 21 29 1 10 36 59 10 49 8 8 41 72 43 3 91 ]
[ 8 33 14 21 50 41 3 20 3 66 27 75 0 65 16 66 16 20 44 40 30 7 8 12 12 62 19 80 30 32 51 39 17 18 60 20 11 63 40 14 29 19 42 30 85 58 48 53 78 44 ]
[ 40 49 11 48 29 56 29 4 31 5 62 33 94 14 31 39 7 48 43 4 58 13 34 51 3 2 84 57 53 66 51 45 15 62 45 44 18 75 0 1 32 15 34 26 29 17 18 36 18 61 ]
[ 32 85 63 4 5 55 34 43 2 12 43 22 49 16 14 41 40 8 50 46 32 17 40 39 37 20 24 69 79 27 20 11 13 83 15 18 90 2 13 45 14 56 67 15 24 33 8 16 93 58 ]
[ 27 1 19 6 66 31 75 42 36 71 26 29 57 25 10 1 40 47 23 31 22 44 1 39 10 6 82 57 27 81 38 6 34 9 64 0 41 39 95 29 11 21 10 20 98 21 22 39 20 97 ]

Timer (generate): 136ms real	70ms user	0ms sys
[ 94 99 82 80 32 13 59 65 85 50 92 14 38 90 48 39 15 81 75 26 80 69 57 40 58 5 63 87 34 35 33 29 34 15 61 66 29 20 32 66 23 76 81 61 18 29 1 34 63 28 ]
[ 12 43 49 69 35 7 27 98 94 61 33 28 90 67 95 51 86 24 24 70 91 47 98 24 60 17 53 13 3 16 42 15 59 91 37 47 99 64 45 45 25 79 25 68 98 21 71 36 97 95 ]
[ 58 40 94 57 64 55 74 18 68 29 34 10 96 46 54 33 93 5 97 38 2 23 69 28 91 20 49 62 56 46 10 15 39 4 24 3 59 50 21 28 79 8 90 75 54 96 9 99 1 6 ]
[ 89 4 81 11 84 72 31 33 87 39 31 97 6 70 53 30 26 13 32 47 93 11 7 83 39 13 32 0 12 85 58 54 89 40 65 25 64 96 10 51 87 94 0 46 16 54 28 42 19 61 ]
[ 42 12 72 49 47 63 63 79 63 27 65 22 81 6 62 46 32 78 94 42 30 34 36 82 80 53 88 8 47 7 69 89 19 94 39 67 57 54 98 21 81 63 95 15 22 9 13 54 87 8 ]
[ 48 69 42 37 4 74 42 92 82 89 0 4 31 19 98 70 38 55 76 37 28 9 52 75 24 74 84 38 80 24 98 81 93 92 18 49 66 12 42 48 53 42 52 84 13 2 6 52 10 82 ]
[ 89 38 92 41 66 68 68 50 6 48 26 56 29 20 48 99 21 14 11 63 15 65 5 19 49 19 22 56 71 32 90 12 22 82 5 88 3 25 91 61 74 17 18 55 89 66 55 11 33 18 ]
[ 74 0 83 32 19 85 3 93 93 26 77 83 38 0 18 95 40 21 21 83 82 47 53 52 2 94 19 9 5 4 28 32 4 63 16 23 48 19 69 41 45 46 77 35 98 95 30 39 16 3 ]
[ 74 50 50 27 3 53 22 74 14 79 78 42 63 34 6 79 9 6 50 78 48 95 25 77 82 23 72 13 14 40 68 89 90 19 68 45 24 42 19 38 22 49 33 37 83 39 69 93 45 19 ]
[ 71 45 67 48 22 49 72 46 14 38 86 83 79 29 54 0 74 78 42 46 68 16 95 53 54 31 92 23 24 90 42 47 87 61 96 62 11 20 8 25 10 47 60 42 28 14 42 2 44 84 ]
[ 0 65 53 48 18 59 79 63 82 55 53 76 2 92 38 50 54 1 22 15 26 85 14 39 27 42 53 69 96 98 5 97 15 58 45 33 17 76 96 51 31 1 80 85 94 70 88 0 71 62 ]
[ 67 49 47 81 88 74 75 42 95 72 92 1 69 7 11 66 40 81 42 89 84 25 90 64 62 84 34 50 37 5 13 4 55 60 38 43 87 13 37 82 37 81 35 58 88 99 24 81 80 18 ]
[ 70 64 95 12 81 58 49 15 8 86 73 73 42 80 86 32 75 25 98 65 59 35 46 95 94 35 94 18 68 26 89 90 42 84 2 23 94 3 91 55 89 16 28 84 48 66 16 75 91 66 ]
[ 40 51 2 87 98 96 74 44 66 94 70 55 84 64 92 38 40 86 42 31 41 83 99 22 19 47 40 88 74 84 54 15 35 56 54 85 52 28 29 19 74 99 26 58 15 70 48 55 57 42 ]
[ 86 50 26 37 24 97 36 65 85 11 49 40 78 36 96 32 21 1 12 50 72 86 1 98 96 16 21 44 72 78 87 10 80 65 0 5 62 36 22 48 99 23 40 77 59 88 9 32 89 21 ]
[ 34 13 59 87 12 55 3 85 0 27 63 39 90 95 56 42 52 70 30 74 70 30 49 10 59 60 99 21 92 40 94 26 54 54 65 18 9 69 3 61 48 18 52 90 13 60 32 18 31 63 ]
[ 44 1 45 94 64 56 54 63 77 99 55 72 77 9 78 43 79 39 64 82 53 12 0 5 55 66 66 39 84 49 54 28 50 51 74 14 8 29 29 85 28 37 9 57 46 87 0 78 27 64 ]
[ 60 32 29 13 37 84 31 55 75 67 4 30 95 7 81 22 73 89 51 55 27 31 92 36 88 90 76 89 68 55 5 29 87 34 94 76 70 25 32 46 44 88 28 91 47 9 13 21 51 16 ]
[ 28 78 47 20 66 88 62 94 29 31 49 34 12 88 21 6 65 91 83 49 89 27 89 17 70 37 79 84 10 82 0 38 12 48 10 78 88 72 25 17 3 26 3 67 15 24 25 32 68 60 ]
[ 33 9 39 22 79 10 11 58 94 73 92 94 63 4 94 73 34 82 98 59 51 53 86 7 21 1 83 46 85 51 7 18 13 46 92 92 56 56 2 50 29 94 97 93 50 91 18 84 26 16 ]

Timer (sort): 9618ms real	8380ms user	0ms sys
The output is sorted!
[ 17 76 8 71 26 56 23 14 39 2 23 17 39 47 0 55 2 14 18 8 6 37 52 29 36 89 19 9 20 4 20 89 32 80 12 11 36 35 25 75 38 0 45 77 47 45 32 1 11 2 ]
[ 2 64 15 9 4 40 19 60 41 46 85 13 15 0 22 10 6 8 17 49 23 4 49 40 90 45 6 10 42 30 27 45 46 94 6 50 35 25 62 28 23 99 41 91 0 64 1 6 24 18 ]
[ 69 18 20 51 33 45 44 31 43 36 0 55 18 61 0 92 5 7 37 0 35 71 24 69 54 25 26 85 44 5 34 65 23 6 16 9 3 61 40 47 49 40 2 19 1 2 11 59 61 1 ]
[ 42 16 4 66 46 21 38 31 18 67 4 66 49 26 47 2 17 71 38 89 1 28 8 5 73 56 4 20 7 15 67 1 31 23 67 30 44 5 13 14 25 17 32 26 95 79 28 13 50 19 ]
[ 18 47 13 62 48 18 20 32 54 36 19 0 8 55 2 78 60 80 31 18 63 80 8 21 9 32 2 97 8 3 5 26 2 18 40 3 36 12 35 42 48 54 42 9 61 96 39 21 29 22 ]
[ 6 66 6 21 17 18 8 75 28 48 46 45 53 34 0 24 2 55 18 1 4 78 26 27 50 97 75 16 24 10 61 31 76 19 4 45 38 12 72 18 12 18 16 65 4 16 90 7 23 60 ]
[ 10 97 53 59 25 60 27 4 17 21 86 32 10 3 17 75 49 47 2 5 7 43 52 90 90 20 6 23 0 33 17 62 30 22 21 7 83 49 12 0 22 50 85 32 54 2 7 55 2 9 ]
[ 89 27 84 55 26 3 3 19 26 94 1 33 30 70 20 73 61 40 27 47 22 10 32 17 36 17 23 3 54 25 19 43 52 3 50 30 58 53 1 37 0 2 22 30 24 42 3 38 82 31 ]
[ 56 10 34 79 0 86 34 52 26 7 4 17 49 9 73 42 8 45 21 26 47 56 48 2 15 2 0 2 29 42 75 38 4 62 17 4 48 3 57 27 10 13 44 60 22 70 54 83 15 75 ]
[ 31 45 72 34 49 68 37 39 1 29 42 45 64 57 7 74 18 21 19 84 40 26 84 10 2 42 5 53 7 22 9 90 19 81 25 20 2 14 11 3 44 54 48 60 11 7 34 29 28 5 ]
[ 31 4 16 6 25 3 20 22 62 23 59 1 54 7 71 21 58 48 59 22 26 22 92 44 60 0 52 20 22 32 31 54 36 0 60 13 3 80 88 18 56 47 19 10 6 90 31 17 38 42 ]
[ 53 27 57 44 4 85 68 76 43 88 10 1 17 27 19 43 3 66 54 16 19 9 8 33 11 62 7 5 6 4 43 11 31 52 56 87 37 76 15 33 16 26 34 86 5 5 29 9 71 35 ]
[ 43 23 2 94 31 7 7 11 14 19 33 46 20 32 85 25 26 99 7 23 39 93 48 42 1 52 85 22 22 95 0 66 18 54 12 1 61 20 13 27 39 46 26 11 30 11 36 8 10 96 ]
[ 82 15 13 2 3 39 71 15 54 53 21 61 62 59 41 41 93 23 86 69 33 42 42 29 64 25 17 25 0 5 11 34 20 25 36 75 16 7 90 70 12 11 31 26 22 25 19 15 0 5 ]
[ 62 77 98 86 11 53 97 0 0 3 26 0 7 1 11 40 36 34 0 36 59 40 72 0 53 29 7 95 2 59 0 64 37 98 2 0 3 51 53 3 54 31 4 14 84 15 54 21 1 54 ]
[ 20 64 35 4 22 42 70 56 32 19 8 10 31 28 70 4 57 4 62 17 15 13 11 7 22 26 32 34 44 93 16 16 9 3 20 31 45 90 40 30 9 48 40 93 28 10 97 85 66 12 ]
[ 4 35 62 95 18 11 46 17 21 94 85 22 28 88 44 19 92 1 45 29 6 7 8 82 23 16 4 51 62 28 35 18 15 97 13 33 60 11 2 81 5 87 3 85 28 0 4 20 1 1 ]
[ 59 73 36 26 15 4 11 26 66 12 8 19 71 11 5 50 92 1 54 4 5 6 64 86 68 69 62 73 68 9 69 27 34 5 5 1 9 16 27 28 29 36 47 52 99 4 3 43 5 57 ]
[ 46 48 16 14 14 67 3 17 27 27 35 93 47 69 62 27 9 49 1 6 8 12 20 12 32 7 38 23 31 33 57 78 34 26 44 48 93 47 17 72 74 5 17 21 26 79 1 35 81 2 ]
[ 47 24 6 96 20 6 24 71 36 23 74 9 14 31 34 13 62 96 17 17 10 60 17 7 88 71 69 84 16 41 55 15 18 13 11 38 20 36 62 8 11 36 17 26 19 4 91 81 0 9 ]

