Timer (generate): 7ms real	0ms user	0ms sys
[ 10000 10000 10000 10000 10000 10000 10000 10000 10000 10000 ]
[ 9999 10000 10000 10000 10000 10000 10000 10000 10000 10000 ]
[ 9999 9999 10000 10000 10000 10000 10000 10000 10000 10000 ]
[ 9999 9999 9999 10000 10000 10000 10000 10000 10000 10000 ]
[ 9999 9999 9999 9999 10000 10000 10000 10000 10000 10000 ]
[ 9999 9999 9999 9999 9999 10000 10000 10000 10000 10000 ]
[ 9999 9999 9999 9999 9999 9999 10000 10000 10000 10000 ]
[ 9999 9999 9999 9999 9999 9999 9999 10000 10000 10000 ]
[ 9999 9999 9999 9999 9999 9999 9999 9999 10000 10000 ]
[ 9999 9999 9999 9999 9999 9999 9999 9999 9999 10000 ]
[ 9999 9999 9999 9999 9999 9999 9999 9999 9999 9999 ]
[ 9998 9999 9999 9999 9999 9999 9999 9999 9999 9999 ]
[ 9998 9998 9999 9999 9999 9999 9999 9999 9999 9999 ]
[ 9998 9998 9998 9999 9999 9999 9999 9999 9999 9999 ]
[ 9998 9998 9998 9998 9999 9999 9999 9999 9999 9999 ]
[ 9998 9998 9998 9998 9998 9999 9999 9999 9999 9999 ]
[ 9998 9998 9998 9998 9998 9998 9999 9999 9999 9999 ]
[ 9998 9998 9998 9998 9998 9998 9998 9999 9999 9999 ]
[ 9998 9998 9998 9998 9998 9998 9998 9998 9999 9999 ]
[ 9998 9998 9998 9998 9998 9998 9998 9998 9998 9999 ]

Timer (sort): 23192ms real	17810ms user	0ms sys
The output is sorted!
[ 0 0 0 0 0 0 0 0 0 1 ]
[ 0 0 0 0 0 0 0 0 1 1 ]
[ 0 0 0 0 0 0 0 1 1 1 ]
[ 0 0 0 0 0 0 1 1 1 1 ]
[ 0 0 0 0 0 1 1 1 1 1 ]
[ 0 0 0 0 1 1 1 1 1 1 ]
[ 0 0 0 1 1 1 1 1 1 1 ]
[ 0 0 1 1 1 1 1 1 1 1 ]
[ 0 1 1 1 1 1 1 1 1 1 ]
[ 1 1 1 1 1 1 1 1 1 1 ]
[ 1 1 1 1 1 1 1 1 1 2 ]
[ 1 1 1 1 1 1 1 1 2 2 ]
[ 1 1 1 1 1 1 1 2 2 2 ]
[ 1 1 1 1 1 1 2 2 2 2 ]
[ 1 1 1 1 1 2 2 2 2 2 ]
[ 1 1 1 1 2 2 2 2 2 2 ]
[ 1 1 1 2 2 2 2 2 2 2 ]
[ 1 1 2 2 2 2 2 2 2 2 ]
[ 1 2 2 2 2 2 2 2 2 2 ]
[ 2 2 2 2 2 2 2 2 2 2 ]

Timer (generate): 7ms real	0ms user	0ms sys
[ 10000 10000 10000 10000 10000 10000 10000 10000 10000 10000 ]
[ 9999 10000 10000 10000 10000 10000 10000 10000 10000 10000 ]
[ 9999 9999 10000 10000 10000 10000 10000 10000 10000 10000 ]
[ 9999 9999 9999 10000 10000 10000 10000 10000 10000 10000 ]
[ 9999 9999 9999 9999 10000 10000 10000 10000 10000 10000 ]
[ 9999 9999 9999 9999 9999 10000 10000 10000 10000 10000 ]
[ 9999 9999 9999 9999 9999 9999 10000 10000 10000 10000 ]
[ 9999 9999 9999 9999 9999 9999 9999 10000 10000 10000 ]
[ 9999 9999 9999 9999 9999 9999 9999 9999 10000 10000 ]
[ 9999 9999 9999 9999 9999 9999 9999 9999 9999 10000 ]
[ 9999 9999 9999 9999 9999 9999 9999 9999 9999 9999 ]
[ 9998 9999 9999 9999 9999 9999 9999 9999 9999 9999 ]
[ 9998 9998 9999 9999 9999 9999 9999 9999 9999 9999 ]
[ 9998 9998 9998 9999 9999 9999 9999 9999 9999 9999 ]
[ 9998 9998 9998 9998 9999 9999 9999 9999 9999 9999 ]
[ 9998 9998 9998 9998 9998 9999 9999 9999 9999 9999 ]
[ 9998 9998 9998 9998 9998 9998 9999 9999 9999 9999 ]
[ 9998 9998 9998 9998 9998 9998 9998 9999 9999 9999 ]
[ 9998 9998 9998 9998 9998 9998 9998 9998 9999 9999 ]
[ 9998 9998 9998 9998 9998 9998 9998 9998 9998 9999 ]

Timer (sort): 19776ms real	17340ms user	10ms sys
The output is sorted!
[ 0 0 0 0 0 0 0 0 0 1 ]
[ 0 0 0 0 0 0 0 0 1 1 ]
[ 0 0 0 0 0 0 0 1 1 1 ]
[ 0 0 0 0 0 0 1 1 1 1 ]
[ 0 0 0 0 0 1 1 1 1 1 ]
[ 0 0 0 0 1 1 1 1 1 1 ]
[ 0 0 0 1 1 1 1 1 1 1 ]
[ 0 0 1 1 1 1 1 1 1 1 ]
[ 0 1 1 1 1 1 1 1 1 1 ]
[ 1 1 1 1 1 1 1 1 1 1 ]
[ 1 1 1 1 1 1 1 1 1 2 ]
[ 1 1 1 1 1 1 1 1 2 2 ]
[ 1 1 1 1 1 1 1 2 2 2 ]
[ 1 1 1 1 1 1 2 2 2 2 ]
[ 1 1 1 1 1 2 2 2 2 2 ]
[ 1 1 1 1 2 2 2 2 2 2 ]
[ 1 1 1 2 2 2 2 2 2 2 ]
[ 1 1 2 2 2 2 2 2 2 2 ]
[ 1 2 2 2 2 2 2 2 2 2 ]
[ 2 2 2 2 2 2 2 2 2 2 ]

Timer (generate): 7ms real	0ms user	0ms sys
[ 10000 10000 10000 10000 10000 10000 10000 10000 10000 10000 ]
[ 9999 10000 10000 10000 10000 10000 10000 10000 10000 10000 ]
[ 9999 9999 10000 10000 10000 10000 10000 10000 10000 10000 ]
[ 9999 9999 9999 10000 10000 10000 10000 10000 10000 10000 ]
[ 9999 9999 9999 9999 10000 10000 10000 10000 10000 10000 ]
[ 9999 9999 9999 9999 9999 10000 10000 10000 10000 10000 ]
[ 9999 9999 9999 9999 9999 9999 10000 10000 10000 10000 ]
[ 9999 9999 9999 9999 9999 9999 9999 10000 10000 10000 ]
[ 9999 9999 9999 9999 9999 9999 9999 9999 10000 10000 ]
[ 9999 9999 9999 9999 9999 9999 9999 9999 9999 10000 ]
[ 9999 9999 9999 9999 9999 9999 9999 9999 9999 9999 ]
[ 9998 9999 9999 9999 9999 9999 9999 9999 9999 9999 ]
[ 9998 9998 9999 9999 9999 9999 9999 9999 9999 9999 ]
[ 9998 9998 9998 9999 9999 9999 9999 9999 9999 9999 ]
[ 9998 9998 9998 9998 9999 9999 9999 9999 9999 9999 ]
[ 9998 9998 9998 9998 9998 9999 9999 9999 9999 9999 ]
[ 9998 9998 9998 9998 9998 9998 9999 9999 9999 9999 ]
[ 9998 9998 9998 9998 9998 9998 9998 9999 9999 9999 ]
[ 9998 9998 9998 9998 9998 9998 9998 9998 9999 9999 ]
[ 9998 9998 9998 9998 9998 9998 9998 9998 9998 9999 ]

Timer (sort): 18839ms real	17170ms user	10ms sys
The output is sorted!
[ 0 0 0 0 0 0 0 0 0 1 ]
[ 0 0 0 0 0 0 0 0 1 1 ]
[ 0 0 0 0 0 0 0 1 1 1 ]
[ 0 0 0 0 0 0 1 1 1 1 ]
[ 0 0 0 0 0 1 1 1 1 1 ]
[ 0 0 0 0 1 1 1 1 1 1 ]
[ 0 0 0 1 1 1 1 1 1 1 ]
[ 0 0 1 1 1 1 1 1 1 1 ]
[ 0 1 1 1 1 1 1 1 1 1 ]
[ 1 1 1 1 1 1 1 1 1 1 ]
[ 1 1 1 1 1 1 1 1 1 2 ]
[ 1 1 1 1 1 1 1 1 2 2 ]
[ 1 1 1 1 1 1 1 2 2 2 ]
[ 1 1 1 1 1 1 2 2 2 2 ]
[ 1 1 1 1 1 2 2 2 2 2 ]
[ 1 1 1 1 2 2 2 2 2 2 ]
[ 1 1 1 2 2 2 2 2 2 2 ]
[ 1 1 2 2 2 2 2 2 2 2 ]
[ 1 2 2 2 2 2 2 2 2 2 ]
[ 2 2 2 2 2 2 2 2 2 2 ]

Timer (generate): 34ms real	10ms user	0ms sys
[ 10000 10000 10000 10000 10000 10000 10000 10000 10000 10000 ]
[ 9999 10000 10000 10000 10000 10000 10000 10000 10000 10000 ]
[ 9999 9999 10000 10000 10000 10000 10000 10000 10000 10000 ]
[ 9999 9999 9999 10000 10000 10000 10000 10000 10000 10000 ]
[ 9999 9999 9999 9999 10000 10000 10000 10000 10000 10000 ]
[ 9999 9999 9999 9999 9999 10000 10000 10000 10000 10000 ]
[ 9999 9999 9999 9999 9999 9999 10000 10000 10000 10000 ]
[ 9999 9999 9999 9999 9999 9999 9999 10000 10000 10000 ]
[ 9999 9999 9999 9999 9999 9999 9999 9999 10000 10000 ]
[ 9999 9999 9999 9999 9999 9999 9999 9999 9999 10000 ]
[ 9999 9999 9999 9999 9999 9999 9999 9999 9999 9999 ]
[ 9998 9999 9999 9999 9999 9999 9999 9999 9999 9999 ]
[ 9998 9998 9999 9999 9999 9999 9999 9999 9999 9999 ]
[ 9998 9998 9998 9999 9999 9999 9999 9999 9999 9999 ]
[ 9998 9998 9998 9998 9999 9999 9999 9999 9999 9999 ]
[ 9998 9998 9998 9998 9998 9999 9999 9999 9999 9999 ]
[ 9998 9998 9998 9998 9998 9998 9999 9999 9999 9999 ]
[ 9998 9998 9998 9998 9998 9998 9998 9999 9999 9999 ]
[ 9998 9998 9998 9998 9998 9998 9998 9998 9999 9999 ]
[ 9998 9998 9998 9998 9998 9998 9998 9998 9998 9999 ]

Timer (sort): 20247ms real	16510ms user	120ms sys
The output is sorted!
[ 0 0 0 0 0 0 0 0 0 1 ]
[ 0 0 0 0 0 0 0 0 1 1 ]
[ 0 0 0 0 0 0 0 1 1 1 ]
[ 0 0 0 0 0 0 1 1 1 1 ]
[ 0 0 0 0 0 1 1 1 1 1 ]
[ 0 0 0 0 1 1 1 1 1 1 ]
[ 0 0 0 1 1 1 1 1 1 1 ]
[ 0 0 1 1 1 1 1 1 1 1 ]
[ 0 1 1 1 1 1 1 1 1 1 ]
[ 1 1 1 1 1 1 1 1 1 1 ]
[ 1 1 1 1 1 1 1 1 1 2 ]
[ 1 1 1 1 1 1 1 1 2 2 ]
[ 1 1 1 1 1 1 1 2 2 2 ]
[ 1 1 1 1 1 1 2 2 2 2 ]
[ 1 1 1 1 1 2 2 2 2 2 ]
[ 1 1 1 1 2 2 2 2 2 2 ]
[ 1 1 1 2 2 2 2 2 2 2 ]
[ 1 1 2 2 2 2 2 2 2 2 ]
[ 1 2 2 2 2 2 2 2 2 2 ]
[ 2 2 2 2 2 2 2 2 2 2 ]

Timer (generate): 7ms real	0ms user	0ms sys
[ 10000 10000 10000 10000 10000 10000 10000 10000 10000 10000 ]
[ 9999 10000 10000 10000 10000 10000 10000 10000 10000 10000 ]
[ 9999 9999 10000 10000 10000 10000 10000 10000 10000 10000 ]
[ 9999 9999 9999 10000 10000 10000 10000 10000 10000 10000 ]
[ 9999 9999 9999 9999 10000 10000 10000 10000 10000 10000 ]
[ 9999 9999 9999 9999 9999 10000 10000 10000 10000 10000 ]
[ 9999 9999 9999 9999 9999 9999 10000 10000 10000 10000 ]
[ 9999 9999 9999 9999 9999 9999 9999 10000 10000 10000 ]
[ 9999 9999 9999 9999 9999 9999 9999 9999 10000 10000 ]
[ 9999 9999 9999 9999 9999 9999 9999 9999 9999 10000 ]
[ 9999 9999 9999 9999 9999 9999 9999 9999 9999 9999 ]
[ 9998 9999 9999 9999 9999 9999 9999 9999 9999 9999 ]
[ 9998 9998 9999 9999 9999 9999 9999 9999 9999 9999 ]
[ 9998 9998 9998 9999 9999 9999 9999 9999 9999 9999 ]
[ 9998 9998 9998 9998 9999 9999 9999 9999 9999 9999 ]
[ 9998 9998 9998 9998 9998 9999 9999 9999 9999 9999 ]
[ 9998 9998 9998 9998 9998 9998 9999 9999 9999 9999 ]
[ 9998 9998 9998 9998 9998 9998 9998 9999 9999 9999 ]
[ 9998 9998 9998 9998 9998 9998 9998 9998 9999 9999 ]
[ 9998 9998 9998 9998 9998 9998 9998 9998 9998 9999 ]

Timer (sort): 17725ms real	16060ms user	310ms sys
The output is sorted!
[ 0 0 0 0 0 0 0 0 0 1 ]
[ 0 0 0 0 0 0 0 0 1 1 ]
[ 0 0 0 0 0 0 0 1 1 1 ]
[ 0 0 0 0 0 0 1 1 1 1 ]
[ 0 0 0 0 0 1 1 1 1 1 ]
[ 0 0 0 0 1 1 1 1 1 1 ]
[ 0 0 0 1 1 1 1 1 1 1 ]
[ 0 0 1 1 1 1 1 1 1 1 ]
[ 0 1 1 1 1 1 1 1 1 1 ]
[ 1 1 1 1 1 1 1 1 1 1 ]
[ 1 1 1 1 1 1 1 1 1 2 ]
[ 1 1 1 1 1 1 1 1 2 2 ]
[ 1 1 1 1 1 1 1 2 2 2 ]
[ 1 1 1 1 1 1 2 2 2 2 ]
[ 1 1 1 1 1 2 2 2 2 2 ]
[ 1 1 1 1 2 2 2 2 2 2 ]
[ 1 1 1 2 2 2 2 2 2 2 ]
[ 1 1 2 2 2 2 2 2 2 2 ]
[ 1 2 2 2 2 2 2 2 2 2 ]
[ 2 2 2 2 2 2 2 2 2 2 ]

Timer (generate): 7ms real	0ms user	0ms sys
[ 10000 10000 10000 10000 10000 10000 10000 10000 10000 10000 ]
[ 9999 10000 10000 10000 10000 10000 10000 10000 10000 10000 ]
[ 9999 9999 10000 10000 10000 10000 10000 10000 10000 10000 ]
[ 9999 9999 9999 10000 10000 10000 10000 10000 10000 10000 ]
[ 9999 9999 9999 9999 10000 10000 10000 10000 10000 10000 ]
[ 9999 9999 9999 9999 9999 10000 10000 10000 10000 10000 ]
[ 9999 9999 9999 9999 9999 9999 10000 10000 10000 10000 ]
[ 9999 9999 9999 9999 9999 9999 9999 10000 10000 10000 ]
[ 9999 9999 9999 9999 9999 9999 9999 9999 10000 10000 ]
[ 9999 9999 9999 9999 9999 9999 9999 9999 9999 10000 ]
[ 9999 9999 9999 9999 9999 9999 9999 9999 9999 9999 ]
[ 9998 9999 9999 9999 9999 9999 9999 9999 9999 9999 ]
[ 9998 9998 9999 9999 9999 9999 9999 9999 9999 9999 ]
[ 9998 9998 9998 9999 9999 9999 9999 9999 9999 9999 ]
[ 9998 9998 9998 9998 9999 9999 9999 9999 9999 9999 ]
[ 9998 9998 9998 9998 9998 9999 9999 9999 9999 9999 ]
[ 9998 9998 9998 9998 9998 9998 9999 9999 9999 9999 ]
[ 9998 9998 9998 9998 9998 9998 9998 9999 9999 9999 ]
[ 9998 9998 9998 9998 9998 9998 9998 9998 9999 9999 ]
[ 9998 9998 9998 9998 9998 9998 9998 9998 9998 9999 ]

Timer (sort): 17506ms real	16180ms user	100ms sys
The output is sorted!
[ 0 0 0 0 0 0 0 0 0 1 ]
[ 0 0 0 0 0 0 0 0 1 1 ]
[ 0 0 0 0 0 0 0 1 1 1 ]
[ 0 0 0 0 0 0 1 1 1 1 ]
[ 0 0 0 0 0 1 1 1 1 1 ]
[ 0 0 0 0 1 1 1 1 1 1 ]
[ 0 0 0 1 1 1 1 1 1 1 ]
[ 0 0 1 1 1 1 1 1 1 1 ]
[ 0 1 1 1 1 1 1 1 1 1 ]
[ 1 1 1 1 1 1 1 1 1 1 ]
[ 1 1 1 1 1 1 1 1 1 2 ]
[ 1 1 1 1 1 1 1 1 2 2 ]
[ 1 1 1 1 1 1 1 2 2 2 ]
[ 1 1 1 1 1 1 2 2 2 2 ]
[ 1 1 1 1 1 2 2 2 2 2 ]
[ 1 1 1 1 2 2 2 2 2 2 ]
[ 1 1 1 2 2 2 2 2 2 2 ]
[ 1 1 2 2 2 2 2 2 2 2 ]
[ 1 2 2 2 2 2 2 2 2 2 ]
[ 2 2 2 2 2 2 2 2 2 2 ]

Timer (generate): 10ms real	10ms user	0ms sys
[ 10000 10000 10000 10000 10000 10000 10000 10000 10000 10000 ]
[ 9999 10000 10000 10000 10000 10000 10000 10000 10000 10000 ]
[ 9999 9999 10000 10000 10000 10000 10000 10000 10000 10000 ]
[ 9999 9999 9999 10000 10000 10000 10000 10000 10000 10000 ]
[ 9999 9999 9999 9999 10000 10000 10000 10000 10000 10000 ]
[ 9999 9999 9999 9999 9999 10000 10000 10000 10000 10000 ]
[ 9999 9999 9999 9999 9999 9999 10000 10000 10000 10000 ]
[ 9999 9999 9999 9999 9999 9999 9999 10000 10000 10000 ]
[ 9999 9999 9999 9999 9999 9999 9999 9999 10000 10000 ]
[ 9999 9999 9999 9999 9999 9999 9999 9999 9999 10000 ]
[ 9999 9999 9999 9999 9999 9999 9999 9999 9999 9999 ]
[ 9998 9999 9999 9999 9999 9999 9999 9999 9999 9999 ]
[ 9998 9998 9999 9999 9999 9999 9999 9999 9999 9999 ]
[ 9998 9998 9998 9999 9999 9999 9999 9999 9999 9999 ]
[ 9998 9998 9998 9998 9999 9999 9999 9999 9999 9999 ]
[ 9998 9998 9998 9998 9998 9999 9999 9999 9999 9999 ]
[ 9998 9998 9998 9998 9998 9998 9999 9999 9999 9999 ]
[ 9998 9998 9998 9998 9998 9998 9998 9999 9999 9999 ]
[ 9998 9998 9998 9998 9998 9998 9998 9998 9999 9999 ]
[ 9998 9998 9998 9998 9998 9998 9998 9998 9998 9999 ]

Timer (sort): 17780ms real	16010ms user	280ms sys
The output is sorted!
[ 0 0 0 0 0 0 0 0 0 1 ]
[ 0 0 0 0 0 0 0 0 1 1 ]
[ 0 0 0 0 0 0 0 1 1 1 ]
[ 0 0 0 0 0 0 1 1 1 1 ]
[ 0 0 0 0 0 1 1 1 1 1 ]
[ 0 0 0 0 1 1 1 1 1 1 ]
[ 0 0 0 1 1 1 1 1 1 1 ]
[ 0 0 1 1 1 1 1 1 1 1 ]
[ 0 1 1 1 1 1 1 1 1 1 ]
[ 1 1 1 1 1 1 1 1 1 1 ]
[ 1 1 1 1 1 1 1 1 1 2 ]
[ 1 1 1 1 1 1 1 1 2 2 ]
[ 1 1 1 1 1 1 1 2 2 2 ]
[ 1 1 1 1 1 1 2 2 2 2 ]
[ 1 1 1 1 1 2 2 2 2 2 ]
[ 1 1 1 1 2 2 2 2 2 2 ]
[ 1 1 1 2 2 2 2 2 2 2 ]
[ 1 1 2 2 2 2 2 2 2 2 ]
[ 1 2 2 2 2 2 2 2 2 2 ]
[ 2 2 2 2 2 2 2 2 2 2 ]

Timer (generate): 7ms real	0ms user	0ms sys
[ 10000 10000 10000 10000 10000 10000 10000 10000 10000 10000 ]
[ 9999 10000 10000 10000 10000 10000 10000 10000 10000 10000 ]
[ 9999 9999 10000 10000 10000 10000 10000 10000 10000 10000 ]
[ 9999 9999 9999 10000 10000 10000 10000 10000 10000 10000 ]
[ 9999 9999 9999 9999 10000 10000 10000 10000 10000 10000 ]
[ 9999 9999 9999 9999 9999 10000 10000 10000 10000 10000 ]
[ 9999 9999 9999 9999 9999 9999 10000 10000 10000 10000 ]
[ 9999 9999 9999 9999 9999 9999 9999 10000 10000 10000 ]
[ 9999 9999 9999 9999 9999 9999 9999 9999 10000 10000 ]
[ 9999 9999 9999 9999 9999 9999 9999 9999 9999 10000 ]
[ 9999 9999 9999 9999 9999 9999 9999 9999 9999 9999 ]
[ 9998 9999 9999 9999 9999 9999 9999 9999 9999 9999 ]
[ 9998 9998 9999 9999 9999 9999 9999 9999 9999 9999 ]
[ 9998 9998 9998 9999 9999 9999 9999 9999 9999 9999 ]
[ 9998 9998 9998 9998 9999 9999 9999 9999 9999 9999 ]
[ 9998 9998 9998 9998 9998 9999 9999 9999 9999 9999 ]
[ 9998 9998 9998 9998 9998 9998 9999 9999 9999 9999 ]
[ 9998 9998 9998 9998 9998 9998 9998 9999 9999 9999 ]
[ 9998 9998 9998 9998 9998 9998 9998 9998 9999 9999 ]
[ 9998 9998 9998 9998 9998 9998 9998 9998 9998 9999 ]

Timer (sort): 17848ms real	16520ms user	120ms sys
The output is sorted!
[ 0 0 0 0 0 0 0 0 0 1 ]
[ 0 0 0 0 0 0 0 0 1 1 ]
[ 0 0 0 0 0 0 0 1 1 1 ]
[ 0 0 0 0 0 0 1 1 1 1 ]
[ 0 0 0 0 0 1 1 1 1 1 ]
[ 0 0 0 0 1 1 1 1 1 1 ]
[ 0 0 0 1 1 1 1 1 1 1 ]
[ 0 0 1 1 1 1 1 1 1 1 ]
[ 0 1 1 1 1 1 1 1 1 1 ]
[ 1 1 1 1 1 1 1 1 1 1 ]
[ 1 1 1 1 1 1 1 1 1 2 ]
[ 1 1 1 1 1 1 1 1 2 2 ]
[ 1 1 1 1 1 1 1 2 2 2 ]
[ 1 1 1 1 1 1 2 2 2 2 ]
[ 1 1 1 1 1 2 2 2 2 2 ]
[ 1 1 1 1 2 2 2 2 2 2 ]
[ 1 1 1 2 2 2 2 2 2 2 ]
[ 1 1 2 2 2 2 2 2 2 2 ]
[ 1 2 2 2 2 2 2 2 2 2 ]
[ 2 2 2 2 2 2 2 2 2 2 ]

Timer (generate): 8ms real	0ms user	0ms sys
[ 10000 10000 10000 10000 10000 10000 10000 10000 10000 10000 ]
[ 9999 10000 10000 10000 10000 10000 10000 10000 10000 10000 ]
[ 9999 9999 10000 10000 10000 10000 10000 10000 10000 10000 ]
[ 9999 9999 9999 10000 10000 10000 10000 10000 10000 10000 ]
[ 9999 9999 9999 9999 10000 10000 10000 10000 10000 10000 ]
[ 9999 9999 9999 9999 9999 10000 10000 10000 10000 10000 ]
[ 9999 9999 9999 9999 9999 9999 10000 10000 10000 10000 ]
[ 9999 9999 9999 9999 9999 9999 9999 10000 10000 10000 ]
[ 9999 9999 9999 9999 9999 9999 9999 9999 10000 10000 ]
[ 9999 9999 9999 9999 9999 9999 9999 9999 9999 10000 ]
[ 9999 9999 9999 9999 9999 9999 9999 9999 9999 9999 ]
[ 9998 9999 9999 9999 9999 9999 9999 9999 9999 9999 ]
[ 9998 9998 9999 9999 9999 9999 9999 9999 9999 9999 ]
[ 9998 9998 9998 9999 9999 9999 9999 9999 9999 9999 ]
[ 9998 9998 9998 9998 9999 9999 9999 9999 9999 9999 ]
[ 9998 9998 9998 9998 9998 9999 9999 9999 9999 9999 ]
[ 9998 9998 9998 9998 9998 9998 9999 9999 9999 9999 ]
[ 9998 9998 9998 9998 9998 9998 9998 9999 9999 9999 ]
[ 9998 9998 9998 9998 9998 9998 9998 9998 9999 9999 ]
[ 9998 9998 9998 9998 9998 9998 9998 9998 9998 9999 ]

Timer (sort): 18255ms real	17310ms user	0ms sys
The output is sorted!
[ 0 0 0 0 0 0 0 0 0 1 ]
[ 0 0 0 0 0 0 0 0 1 1 ]
[ 0 0 0 0 0 0 0 1 1 1 ]
[ 0 0 0 0 0 0 1 1 1 1 ]
[ 0 0 0 0 0 1 1 1 1 1 ]
[ 0 0 0 0 1 1 1 1 1 1 ]
[ 0 0 0 1 1 1 1 1 1 1 ]
[ 0 0 1 1 1 1 1 1 1 1 ]
[ 0 1 1 1 1 1 1 1 1 1 ]
[ 1 1 1 1 1 1 1 1 1 1 ]
[ 1 1 1 1 1 1 1 1 1 2 ]
[ 1 1 1 1 1 1 1 1 2 2 ]
[ 1 1 1 1 1 1 1 2 2 2 ]
[ 1 1 1 1 1 1 2 2 2 2 ]
[ 1 1 1 1 1 2 2 2 2 2 ]
[ 1 1 1 1 2 2 2 2 2 2 ]
[ 1 1 1 2 2 2 2 2 2 2 ]
[ 1 1 2 2 2 2 2 2 2 2 ]
[ 1 2 2 2 2 2 2 2 2 2 ]
[ 2 2 2 2 2 2 2 2 2 2 ]

Timer (generate): 7ms real	0ms user	0ms sys
[ 10000 10000 10000 10000 10000 10000 10000 10000 10000 10000 ]
[ 9999 10000 10000 10000 10000 10000 10000 10000 10000 10000 ]
[ 9999 9999 10000 10000 10000 10000 10000 10000 10000 10000 ]
[ 9999 9999 9999 10000 10000 10000 10000 10000 10000 10000 ]
[ 9999 9999 9999 9999 10000 10000 10000 10000 10000 10000 ]
[ 9999 9999 9999 9999 9999 10000 10000 10000 10000 10000 ]
[ 9999 9999 9999 9999 9999 9999 10000 10000 10000 10000 ]
[ 9999 9999 9999 9999 9999 9999 9999 10000 10000 10000 ]
[ 9999 9999 9999 9999 9999 9999 9999 9999 10000 10000 ]
[ 9999 9999 9999 9999 9999 9999 9999 9999 9999 10000 ]
[ 9999 9999 9999 9999 9999 9999 9999 9999 9999 9999 ]
[ 9998 9999 9999 9999 9999 9999 9999 9999 9999 9999 ]
[ 9998 9998 9999 9999 9999 9999 9999 9999 9999 9999 ]
[ 9998 9998 9998 9999 9999 9999 9999 9999 9999 9999 ]
[ 9998 9998 9998 9998 9999 9999 9999 9999 9999 9999 ]
[ 9998 9998 9998 9998 9998 9999 9999 9999 9999 9999 ]
[ 9998 9998 9998 9998 9998 9998 9999 9999 9999 9999 ]
[ 9998 9998 9998 9998 9998 9998 9998 9999 9999 9999 ]
[ 9998 9998 9998 9998 9998 9998 9998 9998 9999 9999 ]
[ 9998 9998 9998 9998 9998 9998 9998 9998 9998 9999 ]

Timer (sort): 18261ms real	16900ms user	190ms sys
The output is sorted!
[ 0 0 0 0 0 0 0 0 0 1 ]
[ 0 0 0 0 0 0 0 0 1 1 ]
[ 0 0 0 0 0 0 0 1 1 1 ]
[ 0 0 0 0 0 0 1 1 1 1 ]
[ 0 0 0 0 0 1 1 1 1 1 ]
[ 0 0 0 0 1 1 1 1 1 1 ]
[ 0 0 0 1 1 1 1 1 1 1 ]
[ 0 0 1 1 1 1 1 1 1 1 ]
[ 0 1 1 1 1 1 1 1 1 1 ]
[ 1 1 1 1 1 1 1 1 1 1 ]
[ 1 1 1 1 1 1 1 1 1 2 ]
[ 1 1 1 1 1 1 1 1 2 2 ]
[ 1 1 1 1 1 1 1 2 2 2 ]
[ 1 1 1 1 1 1 2 2 2 2 ]
[ 1 1 1 1 1 2 2 2 2 2 ]
[ 1 1 1 1 2 2 2 2 2 2 ]
[ 1 1 1 2 2 2 2 2 2 2 ]
[ 1 1 2 2 2 2 2 2 2 2 ]
[ 1 2 2 2 2 2 2 2 2 2 ]
[ 2 2 2 2 2 2 2 2 2 2 ]

