Timer (generate): 37ms real	10ms user	0ms sys
[ 25000 25000 25000 25000 25000 25000 25000 25000 25000 25000 ]
[ 24999 25000 25000 25000 25000 25000 25000 25000 25000 25000 ]
[ 24999 24999 25000 25000 25000 25000 25000 25000 25000 25000 ]
[ 24999 24999 24999 25000 25000 25000 25000 25000 25000 25000 ]
[ 24999 24999 24999 24999 25000 25000 25000 25000 25000 25000 ]
[ 24999 24999 24999 24999 24999 25000 25000 25000 25000 25000 ]
[ 24999 24999 24999 24999 24999 24999 25000 25000 25000 25000 ]
[ 24999 24999 24999 24999 24999 24999 24999 25000 25000 25000 ]
[ 24999 24999 24999 24999 24999 24999 24999 24999 25000 25000 ]
[ 24999 24999 24999 24999 24999 24999 24999 24999 24999 25000 ]
[ 24999 24999 24999 24999 24999 24999 24999 24999 24999 24999 ]
[ 24998 24999 24999 24999 24999 24999 24999 24999 24999 24999 ]
[ 24998 24998 24999 24999 24999 24999 24999 24999 24999 24999 ]
[ 24998 24998 24998 24999 24999 24999 24999 24999 24999 24999 ]
[ 24998 24998 24998 24998 24999 24999 24999 24999 24999 24999 ]
[ 24998 24998 24998 24998 24998 24999 24999 24999 24999 24999 ]
[ 24998 24998 24998 24998 24998 24998 24999 24999 24999 24999 ]
[ 24998 24998 24998 24998 24998 24998 24998 24999 24999 24999 ]
[ 24998 24998 24998 24998 24998 24998 24998 24998 24999 24999 ]
[ 24998 24998 24998 24998 24998 24998 24998 24998 24998 24999 ]

Timer (sort): 109073ms real	100550ms user	3280ms sys
The output is sorted!
[ 0 0 0 0 0 0 0 0 0 1 ]
[ 0 0 0 0 0 0 0 0 1 1 ]
[ 0 0 0 0 0 0 0 1 1 1 ]
[ 0 0 0 0 0 0 1 1 1 1 ]
[ 0 0 0 0 0 1 1 1 1 1 ]
[ 0 0 0 0 1 1 1 1 1 1 ]
[ 0 0 0 1 1 1 1 1 1 1 ]
[ 0 0 1 1 1 1 1 1 1 1 ]
[ 0 1 1 1 1 1 1 1 1 1 ]
[ 1 1 1 1 1 1 1 1 1 1 ]
[ 1 1 1 1 1 1 1 1 1 2 ]
[ 1 1 1 1 1 1 1 1 2 2 ]
[ 1 1 1 1 1 1 1 2 2 2 ]
[ 1 1 1 1 1 1 2 2 2 2 ]
[ 1 1 1 1 1 2 2 2 2 2 ]
[ 1 1 1 1 2 2 2 2 2 2 ]
[ 1 1 1 2 2 2 2 2 2 2 ]
[ 1 1 2 2 2 2 2 2 2 2 ]
[ 1 2 2 2 2 2 2 2 2 2 ]
[ 2 2 2 2 2 2 2 2 2 2 ]

Timer (generate): 38ms real	10ms user	0ms sys
[ 25000 25000 25000 25000 25000 25000 25000 25000 25000 25000 ]
[ 24999 25000 25000 25000 25000 25000 25000 25000 25000 25000 ]
[ 24999 24999 25000 25000 25000 25000 25000 25000 25000 25000 ]
[ 24999 24999 24999 25000 25000 25000 25000 25000 25000 25000 ]
[ 24999 24999 24999 24999 25000 25000 25000 25000 25000 25000 ]
[ 24999 24999 24999 24999 24999 25000 25000 25000 25000 25000 ]
[ 24999 24999 24999 24999 24999 24999 25000 25000 25000 25000 ]
[ 24999 24999 24999 24999 24999 24999 24999 25000 25000 25000 ]
[ 24999 24999 24999 24999 24999 24999 24999 24999 25000 25000 ]
[ 24999 24999 24999 24999 24999 24999 24999 24999 24999 25000 ]
[ 24999 24999 24999 24999 24999 24999 24999 24999 24999 24999 ]
[ 24998 24999 24999 24999 24999 24999 24999 24999 24999 24999 ]
[ 24998 24998 24999 24999 24999 24999 24999 24999 24999 24999 ]
[ 24998 24998 24998 24999 24999 24999 24999 24999 24999 24999 ]
[ 24998 24998 24998 24998 24999 24999 24999 24999 24999 24999 ]
[ 24998 24998 24998 24998 24998 24999 24999 24999 24999 24999 ]
[ 24998 24998 24998 24998 24998 24998 24999 24999 24999 24999 ]
[ 24998 24998 24998 24998 24998 24998 24998 24999 24999 24999 ]
[ 24998 24998 24998 24998 24998 24998 24998 24998 24999 24999 ]
[ 24998 24998 24998 24998 24998 24998 24998 24998 24998 24999 ]

Timer (sort): 112210ms real	106040ms user	620ms sys
The output is sorted!
[ 0 0 0 0 0 0 0 0 0 1 ]
[ 0 0 0 0 0 0 0 0 1 1 ]
[ 0 0 0 0 0 0 0 1 1 1 ]
[ 0 0 0 0 0 0 1 1 1 1 ]
[ 0 0 0 0 0 1 1 1 1 1 ]
[ 0 0 0 0 1 1 1 1 1 1 ]
[ 0 0 0 1 1 1 1 1 1 1 ]
[ 0 0 1 1 1 1 1 1 1 1 ]
[ 0 1 1 1 1 1 1 1 1 1 ]
[ 1 1 1 1 1 1 1 1 1 1 ]
[ 1 1 1 1 1 1 1 1 1 2 ]
[ 1 1 1 1 1 1 1 1 2 2 ]
[ 1 1 1 1 1 1 1 2 2 2 ]
[ 1 1 1 1 1 1 2 2 2 2 ]
[ 1 1 1 1 1 2 2 2 2 2 ]
[ 1 1 1 1 2 2 2 2 2 2 ]
[ 1 1 1 2 2 2 2 2 2 2 ]
[ 1 1 2 2 2 2 2 2 2 2 ]
[ 1 2 2 2 2 2 2 2 2 2 ]
[ 2 2 2 2 2 2 2 2 2 2 ]

Timer (generate): 18ms real	20ms user	0ms sys
[ 25000 25000 25000 25000 25000 25000 25000 25000 25000 25000 ]
[ 24999 25000 25000 25000 25000 25000 25000 25000 25000 25000 ]
[ 24999 24999 25000 25000 25000 25000 25000 25000 25000 25000 ]
[ 24999 24999 24999 25000 25000 25000 25000 25000 25000 25000 ]
[ 24999 24999 24999 24999 25000 25000 25000 25000 25000 25000 ]
[ 24999 24999 24999 24999 24999 25000 25000 25000 25000 25000 ]
[ 24999 24999 24999 24999 24999 24999 25000 25000 25000 25000 ]
[ 24999 24999 24999 24999 24999 24999 24999 25000 25000 25000 ]
[ 24999 24999 24999 24999 24999 24999 24999 24999 25000 25000 ]
[ 24999 24999 24999 24999 24999 24999 24999 24999 24999 25000 ]
[ 24999 24999 24999 24999 24999 24999 24999 24999 24999 24999 ]
[ 24998 24999 24999 24999 24999 24999 24999 24999 24999 24999 ]
[ 24998 24998 24999 24999 24999 24999 24999 24999 24999 24999 ]
[ 24998 24998 24998 24999 24999 24999 24999 24999 24999 24999 ]
[ 24998 24998 24998 24998 24999 24999 24999 24999 24999 24999 ]
[ 24998 24998 24998 24998 24998 24999 24999 24999 24999 24999 ]
[ 24998 24998 24998 24998 24998 24998 24999 24999 24999 24999 ]
[ 24998 24998 24998 24998 24998 24998 24998 24999 24999 24999 ]
[ 24998 24998 24998 24998 24998 24998 24998 24998 24999 24999 ]
[ 24998 24998 24998 24998 24998 24998 24998 24998 24998 24999 ]

Timer (sort): 107089ms real	107090ms user	0ms sys
The output is sorted!
[ 0 0 0 0 0 0 0 0 0 1 ]
[ 0 0 0 0 0 0 0 0 1 1 ]
[ 0 0 0 0 0 0 0 1 1 1 ]
[ 0 0 0 0 0 0 1 1 1 1 ]
[ 0 0 0 0 0 1 1 1 1 1 ]
[ 0 0 0 0 1 1 1 1 1 1 ]
[ 0 0 0 1 1 1 1 1 1 1 ]
[ 0 0 1 1 1 1 1 1 1 1 ]
[ 0 1 1 1 1 1 1 1 1 1 ]
[ 1 1 1 1 1 1 1 1 1 1 ]
[ 1 1 1 1 1 1 1 1 1 2 ]
[ 1 1 1 1 1 1 1 1 2 2 ]
[ 1 1 1 1 1 1 1 2 2 2 ]
[ 1 1 1 1 1 1 2 2 2 2 ]
[ 1 1 1 1 1 2 2 2 2 2 ]
[ 1 1 1 1 2 2 2 2 2 2 ]
[ 1 1 1 2 2 2 2 2 2 2 ]
[ 1 1 2 2 2 2 2 2 2 2 ]
[ 1 2 2 2 2 2 2 2 2 2 ]
[ 2 2 2 2 2 2 2 2 2 2 ]

Timer (generate): 17ms real	10ms user	0ms sys
[ 25000 25000 25000 25000 25000 25000 25000 25000 25000 25000 ]
[ 24999 25000 25000 25000 25000 25000 25000 25000 25000 25000 ]
[ 24999 24999 25000 25000 25000 25000 25000 25000 25000 25000 ]
[ 24999 24999 24999 25000 25000 25000 25000 25000 25000 25000 ]
[ 24999 24999 24999 24999 25000 25000 25000 25000 25000 25000 ]
[ 24999 24999 24999 24999 24999 25000 25000 25000 25000 25000 ]
[ 24999 24999 24999 24999 24999 24999 25000 25000 25000 25000 ]
[ 24999 24999 24999 24999 24999 24999 24999 25000 25000 25000 ]
[ 24999 24999 24999 24999 24999 24999 24999 24999 25000 25000 ]
[ 24999 24999 24999 24999 24999 24999 24999 24999 24999 25000 ]
[ 24999 24999 24999 24999 24999 24999 24999 24999 24999 24999 ]
[ 24998 24999 24999 24999 24999 24999 24999 24999 24999 24999 ]
[ 24998 24998 24999 24999 24999 24999 24999 24999 24999 24999 ]
[ 24998 24998 24998 24999 24999 24999 24999 24999 24999 24999 ]
[ 24998 24998 24998 24998 24999 24999 24999 24999 24999 24999 ]
[ 24998 24998 24998 24998 24998 24999 24999 24999 24999 24999 ]
[ 24998 24998 24998 24998 24998 24998 24999 24999 24999 24999 ]
[ 24998 24998 24998 24998 24998 24998 24998 24999 24999 24999 ]
[ 24998 24998 24998 24998 24998 24998 24998 24998 24999 24999 ]
[ 24998 24998 24998 24998 24998 24998 24998 24998 24998 24999 ]

Timer (sort): 102672ms real	102660ms user	0ms sys
The output is sorted!
[ 0 0 0 0 0 0 0 0 0 1 ]
[ 0 0 0 0 0 0 0 0 1 1 ]
[ 0 0 0 0 0 0 0 1 1 1 ]
[ 0 0 0 0 0 0 1 1 1 1 ]
[ 0 0 0 0 0 1 1 1 1 1 ]
[ 0 0 0 0 1 1 1 1 1 1 ]
[ 0 0 0 1 1 1 1 1 1 1 ]
[ 0 0 1 1 1 1 1 1 1 1 ]
[ 0 1 1 1 1 1 1 1 1 1 ]
[ 1 1 1 1 1 1 1 1 1 1 ]
[ 1 1 1 1 1 1 1 1 1 2 ]
[ 1 1 1 1 1 1 1 1 2 2 ]
[ 1 1 1 1 1 1 1 2 2 2 ]
[ 1 1 1 1 1 1 2 2 2 2 ]
[ 1 1 1 1 1 2 2 2 2 2 ]
[ 1 1 1 1 2 2 2 2 2 2 ]
[ 1 1 1 2 2 2 2 2 2 2 ]
[ 1 1 2 2 2 2 2 2 2 2 ]
[ 1 2 2 2 2 2 2 2 2 2 ]
[ 2 2 2 2 2 2 2 2 2 2 ]

Timer (generate): 18ms real	10ms user	0ms sys
[ 25000 25000 25000 25000 25000 25000 25000 25000 25000 25000 ]
[ 24999 25000 25000 25000 25000 25000 25000 25000 25000 25000 ]
[ 24999 24999 25000 25000 25000 25000 25000 25000 25000 25000 ]
[ 24999 24999 24999 25000 25000 25000 25000 25000 25000 25000 ]
[ 24999 24999 24999 24999 25000 25000 25000 25000 25000 25000 ]
[ 24999 24999 24999 24999 24999 25000 25000 25000 25000 25000 ]
[ 24999 24999 24999 24999 24999 24999 25000 25000 25000 25000 ]
[ 24999 24999 24999 24999 24999 24999 24999 25000 25000 25000 ]
[ 24999 24999 24999 24999 24999 24999 24999 24999 25000 25000 ]
[ 24999 24999 24999 24999 24999 24999 24999 24999 24999 25000 ]
[ 24999 24999 24999 24999 24999 24999 24999 24999 24999 24999 ]
[ 24998 24999 24999 24999 24999 24999 24999 24999 24999 24999 ]
[ 24998 24998 24999 24999 24999 24999 24999 24999 24999 24999 ]
[ 24998 24998 24998 24999 24999 24999 24999 24999 24999 24999 ]
[ 24998 24998 24998 24998 24999 24999 24999 24999 24999 24999 ]
[ 24998 24998 24998 24998 24998 24999 24999 24999 24999 24999 ]
[ 24998 24998 24998 24998 24998 24998 24999 24999 24999 24999 ]
[ 24998 24998 24998 24998 24998 24998 24998 24999 24999 24999 ]
[ 24998 24998 24998 24998 24998 24998 24998 24998 24999 24999 ]
[ 24998 24998 24998 24998 24998 24998 24998 24998 24998 24999 ]

Timer (sort): 104263ms real	104250ms user	0ms sys
The output is sorted!
[ 0 0 0 0 0 0 0 0 0 1 ]
[ 0 0 0 0 0 0 0 0 1 1 ]
[ 0 0 0 0 0 0 0 1 1 1 ]
[ 0 0 0 0 0 0 1 1 1 1 ]
[ 0 0 0 0 0 1 1 1 1 1 ]
[ 0 0 0 0 1 1 1 1 1 1 ]
[ 0 0 0 1 1 1 1 1 1 1 ]
[ 0 0 1 1 1 1 1 1 1 1 ]
[ 0 1 1 1 1 1 1 1 1 1 ]
[ 1 1 1 1 1 1 1 1 1 1 ]
[ 1 1 1 1 1 1 1 1 1 2 ]
[ 1 1 1 1 1 1 1 1 2 2 ]
[ 1 1 1 1 1 1 1 2 2 2 ]
[ 1 1 1 1 1 1 2 2 2 2 ]
[ 1 1 1 1 1 2 2 2 2 2 ]
[ 1 1 1 1 2 2 2 2 2 2 ]
[ 1 1 1 2 2 2 2 2 2 2 ]
[ 1 1 2 2 2 2 2 2 2 2 ]
[ 1 2 2 2 2 2 2 2 2 2 ]
[ 2 2 2 2 2 2 2 2 2 2 ]

Timer (generate): 18ms real	10ms user	0ms sys
[ 25000 25000 25000 25000 25000 25000 25000 25000 25000 25000 ]
[ 24999 25000 25000 25000 25000 25000 25000 25000 25000 25000 ]
[ 24999 24999 25000 25000 25000 25000 25000 25000 25000 25000 ]
[ 24999 24999 24999 25000 25000 25000 25000 25000 25000 25000 ]
[ 24999 24999 24999 24999 25000 25000 25000 25000 25000 25000 ]
[ 24999 24999 24999 24999 24999 25000 25000 25000 25000 25000 ]
[ 24999 24999 24999 24999 24999 24999 25000 25000 25000 25000 ]
[ 24999 24999 24999 24999 24999 24999 24999 25000 25000 25000 ]
[ 24999 24999 24999 24999 24999 24999 24999 24999 25000 25000 ]
[ 24999 24999 24999 24999 24999 24999 24999 24999 24999 25000 ]
[ 24999 24999 24999 24999 24999 24999 24999 24999 24999 24999 ]
[ 24998 24999 24999 24999 24999 24999 24999 24999 24999 24999 ]
[ 24998 24998 24999 24999 24999 24999 24999 24999 24999 24999 ]
[ 24998 24998 24998 24999 24999 24999 24999 24999 24999 24999 ]
[ 24998 24998 24998 24998 24999 24999 24999 24999 24999 24999 ]
[ 24998 24998 24998 24998 24998 24999 24999 24999 24999 24999 ]
[ 24998 24998 24998 24998 24998 24998 24999 24999 24999 24999 ]
[ 24998 24998 24998 24998 24998 24998 24998 24999 24999 24999 ]
[ 24998 24998 24998 24998 24998 24998 24998 24998 24999 24999 ]
[ 24998 24998 24998 24998 24998 24998 24998 24998 24998 24999 ]

Timer (sort): 108583ms real	108560ms user	10ms sys
The output is sorted!
[ 0 0 0 0 0 0 0 0 0 1 ]
[ 0 0 0 0 0 0 0 0 1 1 ]
[ 0 0 0 0 0 0 0 1 1 1 ]
[ 0 0 0 0 0 0 1 1 1 1 ]
[ 0 0 0 0 0 1 1 1 1 1 ]
[ 0 0 0 0 1 1 1 1 1 1 ]
[ 0 0 0 1 1 1 1 1 1 1 ]
[ 0 0 1 1 1 1 1 1 1 1 ]
[ 0 1 1 1 1 1 1 1 1 1 ]
[ 1 1 1 1 1 1 1 1 1 1 ]
[ 1 1 1 1 1 1 1 1 1 2 ]
[ 1 1 1 1 1 1 1 1 2 2 ]
[ 1 1 1 1 1 1 1 2 2 2 ]
[ 1 1 1 1 1 1 2 2 2 2 ]
[ 1 1 1 1 1 2 2 2 2 2 ]
[ 1 1 1 1 2 2 2 2 2 2 ]
[ 1 1 1 2 2 2 2 2 2 2 ]
[ 1 1 2 2 2 2 2 2 2 2 ]
[ 1 2 2 2 2 2 2 2 2 2 ]
[ 2 2 2 2 2 2 2 2 2 2 ]

Timer (generate): 20ms real	20ms user	0ms sys
[ 25000 25000 25000 25000 25000 25000 25000 25000 25000 25000 ]
[ 24999 25000 25000 25000 25000 25000 25000 25000 25000 25000 ]
[ 24999 24999 25000 25000 25000 25000 25000 25000 25000 25000 ]
[ 24999 24999 24999 25000 25000 25000 25000 25000 25000 25000 ]
[ 24999 24999 24999 24999 25000 25000 25000 25000 25000 25000 ]
[ 24999 24999 24999 24999 24999 25000 25000 25000 25000 25000 ]
[ 24999 24999 24999 24999 24999 24999 25000 25000 25000 25000 ]
[ 24999 24999 24999 24999 24999 24999 24999 25000 25000 25000 ]
[ 24999 24999 24999 24999 24999 24999 24999 24999 25000 25000 ]
[ 24999 24999 24999 24999 24999 24999 24999 24999 24999 25000 ]
[ 24999 24999 24999 24999 24999 24999 24999 24999 24999 24999 ]
[ 24998 24999 24999 24999 24999 24999 24999 24999 24999 24999 ]
[ 24998 24998 24999 24999 24999 24999 24999 24999 24999 24999 ]
[ 24998 24998 24998 24999 24999 24999 24999 24999 24999 24999 ]
[ 24998 24998 24998 24998 24999 24999 24999 24999 24999 24999 ]
[ 24998 24998 24998 24998 24998 24999 24999 24999 24999 24999 ]
[ 24998 24998 24998 24998 24998 24998 24999 24999 24999 24999 ]
[ 24998 24998 24998 24998 24998 24998 24998 24999 24999 24999 ]
[ 24998 24998 24998 24998 24998 24998 24998 24998 24999 24999 ]
[ 24998 24998 24998 24998 24998 24998 24998 24998 24998 24999 ]

Timer (sort): 107144ms real	107140ms user	0ms sys
The output is sorted!
[ 0 0 0 0 0 0 0 0 0 1 ]
[ 0 0 0 0 0 0 0 0 1 1 ]
[ 0 0 0 0 0 0 0 1 1 1 ]
[ 0 0 0 0 0 0 1 1 1 1 ]
[ 0 0 0 0 0 1 1 1 1 1 ]
[ 0 0 0 0 1 1 1 1 1 1 ]
[ 0 0 0 1 1 1 1 1 1 1 ]
[ 0 0 1 1 1 1 1 1 1 1 ]
[ 0 1 1 1 1 1 1 1 1 1 ]
[ 1 1 1 1 1 1 1 1 1 1 ]
[ 1 1 1 1 1 1 1 1 1 2 ]
[ 1 1 1 1 1 1 1 1 2 2 ]
[ 1 1 1 1 1 1 1 2 2 2 ]
[ 1 1 1 1 1 1 2 2 2 2 ]
[ 1 1 1 1 1 2 2 2 2 2 ]
[ 1 1 1 1 2 2 2 2 2 2 ]
[ 1 1 1 2 2 2 2 2 2 2 ]
[ 1 1 2 2 2 2 2 2 2 2 ]
[ 1 2 2 2 2 2 2 2 2 2 ]
[ 2 2 2 2 2 2 2 2 2 2 ]

Timer (generate): 21ms real	20ms user	0ms sys
[ 25000 25000 25000 25000 25000 25000 25000 25000 25000 25000 ]
[ 24999 25000 25000 25000 25000 25000 25000 25000 25000 25000 ]
[ 24999 24999 25000 25000 25000 25000 25000 25000 25000 25000 ]
[ 24999 24999 24999 25000 25000 25000 25000 25000 25000 25000 ]
[ 24999 24999 24999 24999 25000 25000 25000 25000 25000 25000 ]
[ 24999 24999 24999 24999 24999 25000 25000 25000 25000 25000 ]
[ 24999 24999 24999 24999 24999 24999 25000 25000 25000 25000 ]
[ 24999 24999 24999 24999 24999 24999 24999 25000 25000 25000 ]
[ 24999 24999 24999 24999 24999 24999 24999 24999 25000 25000 ]
[ 24999 24999 24999 24999 24999 24999 24999 24999 24999 25000 ]
[ 24999 24999 24999 24999 24999 24999 24999 24999 24999 24999 ]
[ 24998 24999 24999 24999 24999 24999 24999 24999 24999 24999 ]
[ 24998 24998 24999 24999 24999 24999 24999 24999 24999 24999 ]
[ 24998 24998 24998 24999 24999 24999 24999 24999 24999 24999 ]
[ 24998 24998 24998 24998 24999 24999 24999 24999 24999 24999 ]
[ 24998 24998 24998 24998 24998 24999 24999 24999 24999 24999 ]
[ 24998 24998 24998 24998 24998 24998 24999 24999 24999 24999 ]
[ 24998 24998 24998 24998 24998 24998 24998 24999 24999 24999 ]
[ 24998 24998 24998 24998 24998 24998 24998 24998 24999 24999 ]
[ 24998 24998 24998 24998 24998 24998 24998 24998 24998 24999 ]

Timer (sort): 109729ms real	109680ms user	10ms sys
The output is sorted!
[ 0 0 0 0 0 0 0 0 0 1 ]
[ 0 0 0 0 0 0 0 0 1 1 ]
[ 0 0 0 0 0 0 0 1 1 1 ]
[ 0 0 0 0 0 0 1 1 1 1 ]
[ 0 0 0 0 0 1 1 1 1 1 ]
[ 0 0 0 0 1 1 1 1 1 1 ]
[ 0 0 0 1 1 1 1 1 1 1 ]
[ 0 0 1 1 1 1 1 1 1 1 ]
[ 0 1 1 1 1 1 1 1 1 1 ]
[ 1 1 1 1 1 1 1 1 1 1 ]
[ 1 1 1 1 1 1 1 1 1 2 ]
[ 1 1 1 1 1 1 1 1 2 2 ]
[ 1 1 1 1 1 1 1 2 2 2 ]
[ 1 1 1 1 1 1 2 2 2 2 ]
[ 1 1 1 1 1 2 2 2 2 2 ]
[ 1 1 1 1 2 2 2 2 2 2 ]
[ 1 1 1 2 2 2 2 2 2 2 ]
[ 1 1 2 2 2 2 2 2 2 2 ]
[ 1 2 2 2 2 2 2 2 2 2 ]
[ 2 2 2 2 2 2 2 2 2 2 ]

Timer (generate): 18ms real	10ms user	0ms sys
[ 25000 25000 25000 25000 25000 25000 25000 25000 25000 25000 ]
[ 24999 25000 25000 25000 25000 25000 25000 25000 25000 25000 ]
[ 24999 24999 25000 25000 25000 25000 25000 25000 25000 25000 ]
[ 24999 24999 24999 25000 25000 25000 25000 25000 25000 25000 ]
[ 24999 24999 24999 24999 25000 25000 25000 25000 25000 25000 ]
[ 24999 24999 24999 24999 24999 25000 25000 25000 25000 25000 ]
[ 24999 24999 24999 24999 24999 24999 25000 25000 25000 25000 ]
[ 24999 24999 24999 24999 24999 24999 24999 25000 25000 25000 ]
[ 24999 24999 24999 24999 24999 24999 24999 24999 25000 25000 ]
[ 24999 24999 24999 24999 24999 24999 24999 24999 24999 25000 ]
[ 24999 24999 24999 24999 24999 24999 24999 24999 24999 24999 ]
[ 24998 24999 24999 24999 24999 24999 24999 24999 24999 24999 ]
[ 24998 24998 24999 24999 24999 24999 24999 24999 24999 24999 ]
[ 24998 24998 24998 24999 24999 24999 24999 24999 24999 24999 ]
[ 24998 24998 24998 24998 24999 24999 24999 24999 24999 24999 ]
[ 24998 24998 24998 24998 24998 24999 24999 24999 24999 24999 ]
[ 24998 24998 24998 24998 24998 24998 24999 24999 24999 24999 ]
[ 24998 24998 24998 24998 24998 24998 24998 24999 24999 24999 ]
[ 24998 24998 24998 24998 24998 24998 24998 24998 24999 24999 ]
[ 24998 24998 24998 24998 24998 24998 24998 24998 24998 24999 ]

Timer (sort): 109283ms real	109250ms user	10ms sys
The output is sorted!
[ 0 0 0 0 0 0 0 0 0 1 ]
[ 0 0 0 0 0 0 0 0 1 1 ]
[ 0 0 0 0 0 0 0 1 1 1 ]
[ 0 0 0 0 0 0 1 1 1 1 ]
[ 0 0 0 0 0 1 1 1 1 1 ]
[ 0 0 0 0 1 1 1 1 1 1 ]
[ 0 0 0 1 1 1 1 1 1 1 ]
[ 0 0 1 1 1 1 1 1 1 1 ]
[ 0 1 1 1 1 1 1 1 1 1 ]
[ 1 1 1 1 1 1 1 1 1 1 ]
[ 1 1 1 1 1 1 1 1 1 2 ]
[ 1 1 1 1 1 1 1 1 2 2 ]
[ 1 1 1 1 1 1 1 2 2 2 ]
[ 1 1 1 1 1 1 2 2 2 2 ]
[ 1 1 1 1 1 2 2 2 2 2 ]
[ 1 1 1 1 2 2 2 2 2 2 ]
[ 1 1 1 2 2 2 2 2 2 2 ]
[ 1 1 2 2 2 2 2 2 2 2 ]
[ 1 2 2 2 2 2 2 2 2 2 ]
[ 2 2 2 2 2 2 2 2 2 2 ]

Timer (generate): 18ms real	20ms user	0ms sys
[ 25000 25000 25000 25000 25000 25000 25000 25000 25000 25000 ]
[ 24999 25000 25000 25000 25000 25000 25000 25000 25000 25000 ]
[ 24999 24999 25000 25000 25000 25000 25000 25000 25000 25000 ]
[ 24999 24999 24999 25000 25000 25000 25000 25000 25000 25000 ]
[ 24999 24999 24999 24999 25000 25000 25000 25000 25000 25000 ]
[ 24999 24999 24999 24999 24999 25000 25000 25000 25000 25000 ]
[ 24999 24999 24999 24999 24999 24999 25000 25000 25000 25000 ]
[ 24999 24999 24999 24999 24999 24999 24999 25000 25000 25000 ]
[ 24999 24999 24999 24999 24999 24999 24999 24999 25000 25000 ]
[ 24999 24999 24999 24999 24999 24999 24999 24999 24999 25000 ]
[ 24999 24999 24999 24999 24999 24999 24999 24999 24999 24999 ]
[ 24998 24999 24999 24999 24999 24999 24999 24999 24999 24999 ]
[ 24998 24998 24999 24999 24999 24999 24999 24999 24999 24999 ]
[ 24998 24998 24998 24999 24999 24999 24999 24999 24999 24999 ]
[ 24998 24998 24998 24998 24999 24999 24999 24999 24999 24999 ]
[ 24998 24998 24998 24998 24998 24999 24999 24999 24999 24999 ]
[ 24998 24998 24998 24998 24998 24998 24999 24999 24999 24999 ]
[ 24998 24998 24998 24998 24998 24998 24998 24999 24999 24999 ]
[ 24998 24998 24998 24998 24998 24998 24998 24998 24999 24999 ]
[ 24998 24998 24998 24998 24998 24998 24998 24998 24998 24999 ]

Timer (sort): 109047ms real	109030ms user	10ms sys
The output is sorted!
[ 0 0 0 0 0 0 0 0 0 1 ]
[ 0 0 0 0 0 0 0 0 1 1 ]
[ 0 0 0 0 0 0 0 1 1 1 ]
[ 0 0 0 0 0 0 1 1 1 1 ]
[ 0 0 0 0 0 1 1 1 1 1 ]
[ 0 0 0 0 1 1 1 1 1 1 ]
[ 0 0 0 1 1 1 1 1 1 1 ]
[ 0 0 1 1 1 1 1 1 1 1 ]
[ 0 1 1 1 1 1 1 1 1 1 ]
[ 1 1 1 1 1 1 1 1 1 1 ]
[ 1 1 1 1 1 1 1 1 1 2 ]
[ 1 1 1 1 1 1 1 1 2 2 ]
[ 1 1 1 1 1 1 1 2 2 2 ]
[ 1 1 1 1 1 1 2 2 2 2 ]
[ 1 1 1 1 1 2 2 2 2 2 ]
[ 1 1 1 1 2 2 2 2 2 2 ]
[ 1 1 1 2 2 2 2 2 2 2 ]
[ 1 1 2 2 2 2 2 2 2 2 ]
[ 1 2 2 2 2 2 2 2 2 2 ]
[ 2 2 2 2 2 2 2 2 2 2 ]

