Timer (generate): 115ms real	90ms user	10ms sys
[ 250000 250000 250000 250000 250000 250000 250000 250000 250000 250000 ]
[ 249999 250000 250000 250000 250000 250000 250000 250000 250000 250000 ]
[ 249999 249999 250000 250000 250000 250000 250000 250000 250000 250000 ]
[ 249999 249999 249999 250000 250000 250000 250000 250000 250000 250000 ]
[ 249999 249999 249999 249999 250000 250000 250000 250000 250000 250000 ]
[ 249999 249999 249999 249999 249999 250000 250000 250000 250000 250000 ]
[ 249999 249999 249999 249999 249999 249999 250000 250000 250000 250000 ]
[ 249999 249999 249999 249999 249999 249999 249999 250000 250000 250000 ]
[ 249999 249999 249999 249999 249999 249999 249999 249999 250000 250000 ]
[ 249999 249999 249999 249999 249999 249999 249999 249999 249999 250000 ]
[ 249999 249999 249999 249999 249999 249999 249999 249999 249999 249999 ]
[ 249998 249999 249999 249999 249999 249999 249999 249999 249999 249999 ]
[ 249998 249998 249999 249999 249999 249999 249999 249999 249999 249999 ]
[ 249998 249998 249998 249999 249999 249999 249999 249999 249999 249999 ]
[ 249998 249998 249998 249998 249999 249999 249999 249999 249999 249999 ]
[ 249998 249998 249998 249998 249998 249999 249999 249999 249999 249999 ]
[ 249998 249998 249998 249998 249998 249998 249999 249999 249999 249999 ]
[ 249998 249998 249998 249998 249998 249998 249998 249999 249999 249999 ]
[ 249998 249998 249998 249998 249998 249998 249998 249998 249999 249999 ]
[ 249998 249998 249998 249998 249998 249998 249998 249998 249998 249999 ]

Timer (generate): 114ms real	110ms user	0ms sys
[ 250000 250000 250000 250000 250000 250000 250000 250000 250000 250000 ]
[ 249999 250000 250000 250000 250000 250000 250000 250000 250000 250000 ]
[ 249999 249999 250000 250000 250000 250000 250000 250000 250000 250000 ]
[ 249999 249999 249999 250000 250000 250000 250000 250000 250000 250000 ]
[ 249999 249999 249999 249999 250000 250000 250000 250000 250000 250000 ]
[ 249999 249999 249999 249999 249999 250000 250000 250000 250000 250000 ]
[ 249999 249999 249999 249999 249999 249999 250000 250000 250000 250000 ]
[ 249999 249999 249999 249999 249999 249999 249999 250000 250000 250000 ]
[ 249999 249999 249999 249999 249999 249999 249999 249999 250000 250000 ]
[ 249999 249999 249999 249999 249999 249999 249999 249999 249999 250000 ]
[ 249999 249999 249999 249999 249999 249999 249999 249999 249999 249999 ]
[ 249998 249999 249999 249999 249999 249999 249999 249999 249999 249999 ]
[ 249998 249998 249999 249999 249999 249999 249999 249999 249999 249999 ]
[ 249998 249998 249998 249999 249999 249999 249999 249999 249999 249999 ]
[ 249998 249998 249998 249998 249999 249999 249999 249999 249999 249999 ]
[ 249998 249998 249998 249998 249998 249999 249999 249999 249999 249999 ]
[ 249998 249998 249998 249998 249998 249998 249999 249999 249999 249999 ]
[ 249998 249998 249998 249998 249998 249998 249998 249999 249999 249999 ]
[ 249998 249998 249998 249998 249998 249998 249998 249998 249999 249999 ]
[ 249998 249998 249998 249998 249998 249998 249998 249998 249998 249999 ]

Timer (generate): 100ms real	80ms user	20ms sys
[ 250000 250000 250000 250000 250000 250000 250000 250000 250000 250000 ]
[ 249999 250000 250000 250000 250000 250000 250000 250000 250000 250000 ]
[ 249999 249999 250000 250000 250000 250000 250000 250000 250000 250000 ]
[ 249999 249999 249999 250000 250000 250000 250000 250000 250000 250000 ]
[ 249999 249999 249999 249999 250000 250000 250000 250000 250000 250000 ]
[ 249999 249999 249999 249999 249999 250000 250000 250000 250000 250000 ]
[ 249999 249999 249999 249999 249999 249999 250000 250000 250000 250000 ]
[ 249999 249999 249999 249999 249999 249999 249999 250000 250000 250000 ]
[ 249999 249999 249999 249999 249999 249999 249999 249999 250000 250000 ]
[ 249999 249999 249999 249999 249999 249999 249999 249999 249999 250000 ]
[ 249999 249999 249999 249999 249999 249999 249999 249999 249999 249999 ]
[ 249998 249999 249999 249999 249999 249999 249999 249999 249999 249999 ]
[ 249998 249998 249999 249999 249999 249999 249999 249999 249999 249999 ]
[ 249998 249998 249998 249999 249999 249999 249999 249999 249999 249999 ]
[ 249998 249998 249998 249998 249999 249999 249999 249999 249999 249999 ]
[ 249998 249998 249998 249998 249998 249999 249999 249999 249999 249999 ]
[ 249998 249998 249998 249998 249998 249998 249999 249999 249999 249999 ]
[ 249998 249998 249998 249998 249998 249998 249998 249999 249999 249999 ]
[ 249998 249998 249998 249998 249998 249998 249998 249998 249999 249999 ]
[ 249998 249998 249998 249998 249998 249998 249998 249998 249998 249999 ]

Timer (generate): 118ms real	90ms user	20ms sys
[ 250000 250000 250000 250000 250000 250000 250000 250000 250000 250000 ]
[ 249999 250000 250000 250000 250000 250000 250000 250000 250000 250000 ]
[ 249999 249999 250000 250000 250000 250000 250000 250000 250000 250000 ]
[ 249999 249999 249999 250000 250000 250000 250000 250000 250000 250000 ]
[ 249999 249999 249999 249999 250000 250000 250000 250000 250000 250000 ]
[ 249999 249999 249999 249999 249999 250000 250000 250000 250000 250000 ]
[ 249999 249999 249999 249999 249999 249999 250000 250000 250000 250000 ]
[ 249999 249999 249999 249999 249999 249999 249999 250000 250000 250000 ]
[ 249999 249999 249999 249999 249999 249999 249999 249999 250000 250000 ]
[ 249999 249999 249999 249999 249999 249999 249999 249999 249999 250000 ]
[ 249999 249999 249999 249999 249999 249999 249999 249999 249999 249999 ]
[ 249998 249999 249999 249999 249999 249999 249999 249999 249999 249999 ]
[ 249998 249998 249999 249999 249999 249999 249999 249999 249999 249999 ]
[ 249998 249998 249998 249999 249999 249999 249999 249999 249999 249999 ]
[ 249998 249998 249998 249998 249999 249999 249999 249999 249999 249999 ]
[ 249998 249998 249998 249998 249998 249999 249999 249999 249999 249999 ]
[ 249998 249998 249998 249998 249998 249998 249999 249999 249999 249999 ]
[ 249998 249998 249998 249998 249998 249998 249998 249999 249999 249999 ]
[ 249998 249998 249998 249998 249998 249998 249998 249998 249999 249999 ]
[ 249998 249998 249998 249998 249998 249998 249998 249998 249998 249999 ]

Timer (generate): 100ms real	90ms user	10ms sys
[ 250000 250000 250000 250000 250000 250000 250000 250000 250000 250000 ]
[ 249999 250000 250000 250000 250000 250000 250000 250000 250000 250000 ]
[ 249999 249999 250000 250000 250000 250000 250000 250000 250000 250000 ]
[ 249999 249999 249999 250000 250000 250000 250000 250000 250000 250000 ]
[ 249999 249999 249999 249999 250000 250000 250000 250000 250000 250000 ]
[ 249999 249999 249999 249999 249999 250000 250000 250000 250000 250000 ]
[ 249999 249999 249999 249999 249999 249999 250000 250000 250000 250000 ]
[ 249999 249999 249999 249999 249999 249999 249999 250000 250000 250000 ]
[ 249999 249999 249999 249999 249999 249999 249999 249999 250000 250000 ]
[ 249999 249999 249999 249999 249999 249999 249999 249999 249999 250000 ]
[ 249999 249999 249999 249999 249999 249999 249999 249999 249999 249999 ]
[ 249998 249999 249999 249999 249999 249999 249999 249999 249999 249999 ]
[ 249998 249998 249999 249999 249999 249999 249999 249999 249999 249999 ]
[ 249998 249998 249998 249999 249999 249999 249999 249999 249999 249999 ]
[ 249998 249998 249998 249998 249999 249999 249999 249999 249999 249999 ]
[ 249998 249998 249998 249998 249998 249999 249999 249999 249999 249999 ]
[ 249998 249998 249998 249998 249998 249998 249999 249999 249999 249999 ]
[ 249998 249998 249998 249998 249998 249998 249998 249999 249999 249999 ]
[ 249998 249998 249998 249998 249998 249998 249998 249998 249999 249999 ]
[ 249998 249998 249998 249998 249998 249998 249998 249998 249998 249999 ]

Timer (generate): 116ms real	90ms user	20ms sys
[ 250000 250000 250000 250000 250000 250000 250000 250000 250000 250000 ]
[ 249999 250000 250000 250000 250000 250000 250000 250000 250000 250000 ]
[ 249999 249999 250000 250000 250000 250000 250000 250000 250000 250000 ]
[ 249999 249999 249999 250000 250000 250000 250000 250000 250000 250000 ]
[ 249999 249999 249999 249999 250000 250000 250000 250000 250000 250000 ]
[ 249999 249999 249999 249999 249999 250000 250000 250000 250000 250000 ]
[ 249999 249999 249999 249999 249999 249999 250000 250000 250000 250000 ]
[ 249999 249999 249999 249999 249999 249999 249999 250000 250000 250000 ]
[ 249999 249999 249999 249999 249999 249999 249999 249999 250000 250000 ]
[ 249999 249999 249999 249999 249999 249999 249999 249999 249999 250000 ]
[ 249999 249999 249999 249999 249999 249999 249999 249999 249999 249999 ]
[ 249998 249999 249999 249999 249999 249999 249999 249999 249999 249999 ]
[ 249998 249998 249999 249999 249999 249999 249999 249999 249999 249999 ]
[ 249998 249998 249998 249999 249999 249999 249999 249999 249999 249999 ]
[ 249998 249998 249998 249998 249999 249999 249999 249999 249999 249999 ]
[ 249998 249998 249998 249998 249998 249999 249999 249999 249999 249999 ]
[ 249998 249998 249998 249998 249998 249998 249999 249999 249999 249999 ]
[ 249998 249998 249998 249998 249998 249998 249998 249999 249999 249999 ]
[ 249998 249998 249998 249998 249998 249998 249998 249998 249999 249999 ]
[ 249998 249998 249998 249998 249998 249998 249998 249998 249998 249999 ]

Timer (generate): 112ms real	90ms user	20ms sys
[ 250000 250000 250000 250000 250000 250000 250000 250000 250000 250000 ]
[ 249999 250000 250000 250000 250000 250000 250000 250000 250000 250000 ]
[ 249999 249999 250000 250000 250000 250000 250000 250000 250000 250000 ]
[ 249999 249999 249999 250000 250000 250000 250000 250000 250000 250000 ]
[ 249999 249999 249999 249999 250000 250000 250000 250000 250000 250000 ]
[ 249999 249999 249999 249999 249999 250000 250000 250000 250000 250000 ]
[ 249999 249999 249999 249999 249999 249999 250000 250000 250000 250000 ]
[ 249999 249999 249999 249999 249999 249999 249999 250000 250000 250000 ]
[ 249999 249999 249999 249999 249999 249999 249999 249999 250000 250000 ]
[ 249999 249999 249999 249999 249999 249999 249999 249999 249999 250000 ]
[ 249999 249999 249999 249999 249999 249999 249999 249999 249999 249999 ]
[ 249998 249999 249999 249999 249999 249999 249999 249999 249999 249999 ]
[ 249998 249998 249999 249999 249999 249999 249999 249999 249999 249999 ]
[ 249998 249998 249998 249999 249999 249999 249999 249999 249999 249999 ]
[ 249998 249998 249998 249998 249999 249999 249999 249999 249999 249999 ]
[ 249998 249998 249998 249998 249998 249999 249999 249999 249999 249999 ]
[ 249998 249998 249998 249998 249998 249998 249999 249999 249999 249999 ]
[ 249998 249998 249998 249998 249998 249998 249998 249999 249999 249999 ]
[ 249998 249998 249998 249998 249998 249998 249998 249998 249999 249999 ]
[ 249998 249998 249998 249998 249998 249998 249998 249998 249998 249999 ]

Timer (generate): 100ms real	70ms user	30ms sys
[ 250000 250000 250000 250000 250000 250000 250000 250000 250000 250000 ]
[ 249999 250000 250000 250000 250000 250000 250000 250000 250000 250000 ]
[ 249999 249999 250000 250000 250000 250000 250000 250000 250000 250000 ]
[ 249999 249999 249999 250000 250000 250000 250000 250000 250000 250000 ]
[ 249999 249999 249999 249999 250000 250000 250000 250000 250000 250000 ]
[ 249999 249999 249999 249999 249999 250000 250000 250000 250000 250000 ]
[ 249999 249999 249999 249999 249999 249999 250000 250000 250000 250000 ]
[ 249999 249999 249999 249999 249999 249999 249999 250000 250000 250000 ]
[ 249999 249999 249999 249999 249999 249999 249999 249999 250000 250000 ]
[ 249999 249999 249999 249999 249999 249999 249999 249999 249999 250000 ]
[ 249999 249999 249999 249999 249999 249999 249999 249999 249999 249999 ]
[ 249998 249999 249999 249999 249999 249999 249999 249999 249999 249999 ]
[ 249998 249998 249999 249999 249999 249999 249999 249999 249999 249999 ]
[ 249998 249998 249998 249999 249999 249999 249999 249999 249999 249999 ]
[ 249998 249998 249998 249998 249999 249999 249999 249999 249999 249999 ]
[ 249998 249998 249998 249998 249998 249999 249999 249999 249999 249999 ]
[ 249998 249998 249998 249998 249998 249998 249999 249999 249999 249999 ]
[ 249998 249998 249998 249998 249998 249998 249998 249999 249999 249999 ]
[ 249998 249998 249998 249998 249998 249998 249998 249998 249999 249999 ]
[ 249998 249998 249998 249998 249998 249998 249998 249998 249998 249999 ]

Timer (generate): 100ms real	90ms user	10ms sys
[ 250000 250000 250000 250000 250000 250000 250000 250000 250000 250000 ]
[ 249999 250000 250000 250000 250000 250000 250000 250000 250000 250000 ]
[ 249999 249999 250000 250000 250000 250000 250000 250000 250000 250000 ]
[ 249999 249999 249999 250000 250000 250000 250000 250000 250000 250000 ]
[ 249999 249999 249999 249999 250000 250000 250000 250000 250000 250000 ]
[ 249999 249999 249999 249999 249999 250000 250000 250000 250000 250000 ]
[ 249999 249999 249999 249999 249999 249999 250000 250000 250000 250000 ]
[ 249999 249999 249999 249999 249999 249999 249999 250000 250000 250000 ]
[ 249999 249999 249999 249999 249999 249999 249999 249999 250000 250000 ]
[ 249999 249999 249999 249999 249999 249999 249999 249999 249999 250000 ]
[ 249999 249999 249999 249999 249999 249999 249999 249999 249999 249999 ]
[ 249998 249999 249999 249999 249999 249999 249999 249999 249999 249999 ]
[ 249998 249998 249999 249999 249999 249999 249999 249999 249999 249999 ]
[ 249998 249998 249998 249999 249999 249999 249999 249999 249999 249999 ]
[ 249998 249998 249998 249998 249999 249999 249999 249999 249999 249999 ]
[ 249998 249998 249998 249998 249998 249999 249999 249999 249999 249999 ]
[ 249998 249998 249998 249998 249998 249998 249999 249999 249999 249999 ]
[ 249998 249998 249998 249998 249998 249998 249998 249999 249999 249999 ]
[ 249998 249998 249998 249998 249998 249998 249998 249998 249999 249999 ]
[ 249998 249998 249998 249998 249998 249998 249998 249998 249998 249999 ]

Timer (generate): 102ms real	100ms user	0ms sys
[ 250000 250000 250000 250000 250000 250000 250000 250000 250000 250000 ]
[ 249999 250000 250000 250000 250000 250000 250000 250000 250000 250000 ]
[ 249999 249999 250000 250000 250000 250000 250000 250000 250000 250000 ]
[ 249999 249999 249999 250000 250000 250000 250000 250000 250000 250000 ]
[ 249999 249999 249999 249999 250000 250000 250000 250000 250000 250000 ]
[ 249999 249999 249999 249999 249999 250000 250000 250000 250000 250000 ]
[ 249999 249999 249999 249999 249999 249999 250000 250000 250000 250000 ]
[ 249999 249999 249999 249999 249999 249999 249999 250000 250000 250000 ]
[ 249999 249999 249999 249999 249999 249999 249999 249999 250000 250000 ]
[ 249999 249999 249999 249999 249999 249999 249999 249999 249999 250000 ]
[ 249999 249999 249999 249999 249999 249999 249999 249999 249999 249999 ]
[ 249998 249999 249999 249999 249999 249999 249999 249999 249999 249999 ]
[ 249998 249998 249999 249999 249999 249999 249999 249999 249999 249999 ]
[ 249998 249998 249998 249999 249999 249999 249999 249999 249999 249999 ]
[ 249998 249998 249998 249998 249999 249999 249999 249999 249999 249999 ]
[ 249998 249998 249998 249998 249998 249999 249999 249999 249999 249999 ]
[ 249998 249998 249998 249998 249998 249998 249999 249999 249999 249999 ]
[ 249998 249998 249998 249998 249998 249998 249998 249999 249999 249999 ]
[ 249998 249998 249998 249998 249998 249998 249998 249998 249999 249999 ]
[ 249998 249998 249998 249998 249998 249998 249998 249998 249998 249999 ]

