Timer (generate): 1ms real	0ms user	0ms sys
[ 400 400 400 400 400 400 400 400 400 400 400 400 400 400 400 400 400 400 400 400 400 400 400 400 400 ]
[ 399 400 400 400 400 400 400 400 400 400 400 400 400 400 400 400 400 400 400 400 400 400 400 400 400 ]
[ 399 399 400 400 400 400 400 400 400 400 400 400 400 400 400 400 400 400 400 400 400 400 400 400 400 ]
[ 399 399 399 400 400 400 400 400 400 400 400 400 400 400 400 400 400 400 400 400 400 400 400 400 400 ]
[ 399 399 399 399 400 400 400 400 400 400 400 400 400 400 400 400 400 400 400 400 400 400 400 400 400 ]
[ 399 399 399 399 399 400 400 400 400 400 400 400 400 400 400 400 400 400 400 400 400 400 400 400 400 ]
[ 399 399 399 399 399 399 400 400 400 400 400 400 400 400 400 400 400 400 400 400 400 400 400 400 400 ]
[ 399 399 399 399 399 399 399 400 400 400 400 400 400 400 400 400 400 400 400 400 400 400 400 400 400 ]
[ 399 399 399 399 399 399 399 399 400 400 400 400 400 400 400 400 400 400 400 400 400 400 400 400 400 ]
[ 399 399 399 399 399 399 399 399 399 400 400 400 400 400 400 400 400 400 400 400 400 400 400 400 400 ]
[ 399 399 399 399 399 399 399 399 399 399 400 400 400 400 400 400 400 400 400 400 400 400 400 400 400 ]
[ 399 399 399 399 399 399 399 399 399 399 399 400 400 400 400 400 400 400 400 400 400 400 400 400 400 ]
[ 399 399 399 399 399 399 399 399 399 399 399 399 400 400 400 400 400 400 400 400 400 400 400 400 400 ]
[ 399 399 399 399 399 399 399 399 399 399 399 399 399 400 400 400 400 400 400 400 400 400 400 400 400 ]
[ 399 399 399 399 399 399 399 399 399 399 399 399 399 399 400 400 400 400 400 400 400 400 400 400 400 ]
[ 399 399 399 399 399 399 399 399 399 399 399 399 399 399 399 400 400 400 400 400 400 400 400 400 400 ]
[ 399 399 399 399 399 399 399 399 399 399 399 399 399 399 399 399 400 400 400 400 400 400 400 400 400 ]
[ 399 399 399 399 399 399 399 399 399 399 399 399 399 399 399 399 399 400 400 400 400 400 400 400 400 ]
[ 399 399 399 399 399 399 399 399 399 399 399 399 399 399 399 399 399 399 400 400 400 400 400 400 400 ]
[ 399 399 399 399 399 399 399 399 399 399 399 399 399 399 399 399 399 399 399 400 400 400 400 400 400 ]

Running insertion sort algorithm: 
Timer (sort): 6907ms real	5320ms user	60ms sys
The output is sorted!
[ 0 0 0 0 0 0 0 0 0 0 0 0 0 0 0 0 0 0 0 0 0 0 0 0 1 ]
[ 0 0 0 0 0 0 0 0 0 0 0 0 0 0 0 0 0 0 0 0 0 0 0 1 1 ]
[ 0 0 0 0 0 0 0 0 0 0 0 0 0 0 0 0 0 0 0 0 0 0 1 1 1 ]
[ 0 0 0 0 0 0 0 0 0 0 0 0 0 0 0 0 0 0 0 0 0 1 1 1 1 ]
[ 0 0 0 0 0 0 0 0 0 0 0 0 0 0 0 0 0 0 0 0 1 1 1 1 1 ]
[ 0 0 0 0 0 0 0 0 0 0 0 0 0 0 0 0 0 0 0 1 1 1 1 1 1 ]
[ 0 0 0 0 0 0 0 0 0 0 0 0 0 0 0 0 0 0 1 1 1 1 1 1 1 ]
[ 0 0 0 0 0 0 0 0 0 0 0 0 0 0 0 0 0 1 1 1 1 1 1 1 1 ]
[ 0 0 0 0 0 0 0 0 0 0 0 0 0 0 0 0 1 1 1 1 1 1 1 1 1 ]
[ 0 0 0 0 0 0 0 0 0 0 0 0 0 0 0 1 1 1 1 1 1 1 1 1 1 ]
[ 0 0 0 0 0 0 0 0 0 0 0 0 0 0 1 1 1 1 1 1 1 1 1 1 1 ]
[ 0 0 0 0 0 0 0 0 0 0 0 0 0 1 1 1 1 1 1 1 1 1 1 1 1 ]
[ 0 0 0 0 0 0 0 0 0 0 0 0 1 1 1 1 1 1 1 1 1 1 1 1 1 ]
[ 0 0 0 0 0 0 0 0 0 0 0 1 1 1 1 1 1 1 1 1 1 1 1 1 1 ]
[ 0 0 0 0 0 0 0 0 0 0 1 1 1 1 1 1 1 1 1 1 1 1 1 1 1 ]
[ 0 0 0 0 0 0 0 0 0 1 1 1 1 1 1 1 1 1 1 1 1 1 1 1 1 ]
[ 0 0 0 0 0 0 0 0 1 1 1 1 1 1 1 1 1 1 1 1 1 1 1 1 1 ]
[ 0 0 0 0 0 0 0 1 1 1 1 1 1 1 1 1 1 1 1 1 1 1 1 1 1 ]
[ 0 0 0 0 0 0 1 1 1 1 1 1 1 1 1 1 1 1 1 1 1 1 1 1 1 ]
[ 0 0 0 0 0 1 1 1 1 1 1 1 1 1 1 1 1 1 1 1 1 1 1 1 1 ]

Timer (generate): 2ms real	0ms user	0ms sys
[ 400 400 400 400 400 400 400 400 400 400 400 400 400 400 400 400 400 400 400 400 400 400 400 400 400 ]
[ 399 400 400 400 400 400 400 400 400 400 400 400 400 400 400 400 400 400 400 400 400 400 400 400 400 ]
[ 399 399 400 400 400 400 400 400 400 400 400 400 400 400 400 400 400 400 400 400 400 400 400 400 400 ]
[ 399 399 399 400 400 400 400 400 400 400 400 400 400 400 400 400 400 400 400 400 400 400 400 400 400 ]
[ 399 399 399 399 400 400 400 400 400 400 400 400 400 400 400 400 400 400 400 400 400 400 400 400 400 ]
[ 399 399 399 399 399 400 400 400 400 400 400 400 400 400 400 400 400 400 400 400 400 400 400 400 400 ]
[ 399 399 399 399 399 399 400 400 400 400 400 400 400 400 400 400 400 400 400 400 400 400 400 400 400 ]
[ 399 399 399 399 399 399 399 400 400 400 400 400 400 400 400 400 400 400 400 400 400 400 400 400 400 ]
[ 399 399 399 399 399 399 399 399 400 400 400 400 400 400 400 400 400 400 400 400 400 400 400 400 400 ]
[ 399 399 399 399 399 399 399 399 399 400 400 400 400 400 400 400 400 400 400 400 400 400 400 400 400 ]
[ 399 399 399 399 399 399 399 399 399 399 400 400 400 400 400 400 400 400 400 400 400 400 400 400 400 ]
[ 399 399 399 399 399 399 399 399 399 399 399 400 400 400 400 400 400 400 400 400 400 400 400 400 400 ]
[ 399 399 399 399 399 399 399 399 399 399 399 399 400 400 400 400 400 400 400 400 400 400 400 400 400 ]
[ 399 399 399 399 399 399 399 399 399 399 399 399 399 400 400 400 400 400 400 400 400 400 400 400 400 ]
[ 399 399 399 399 399 399 399 399 399 399 399 399 399 399 400 400 400 400 400 400 400 400 400 400 400 ]
[ 399 399 399 399 399 399 399 399 399 399 399 399 399 399 399 400 400 400 400 400 400 400 400 400 400 ]
[ 399 399 399 399 399 399 399 399 399 399 399 399 399 399 399 399 400 400 400 400 400 400 400 400 400 ]
[ 399 399 399 399 399 399 399 399 399 399 399 399 399 399 399 399 399 400 400 400 400 400 400 400 400 ]
[ 399 399 399 399 399 399 399 399 399 399 399 399 399 399 399 399 399 399 400 400 400 400 400 400 400 ]
[ 399 399 399 399 399 399 399 399 399 399 399 399 399 399 399 399 399 399 399 400 400 400 400 400 400 ]

Running insertion sort algorithm: 
Timer (sort): 8084ms real	4850ms user	0ms sys
The output is sorted!
[ 0 0 0 0 0 0 0 0 0 0 0 0 0 0 0 0 0 0 0 0 0 0 0 0 1 ]
[ 0 0 0 0 0 0 0 0 0 0 0 0 0 0 0 0 0 0 0 0 0 0 0 1 1 ]
[ 0 0 0 0 0 0 0 0 0 0 0 0 0 0 0 0 0 0 0 0 0 0 1 1 1 ]
[ 0 0 0 0 0 0 0 0 0 0 0 0 0 0 0 0 0 0 0 0 0 1 1 1 1 ]
[ 0 0 0 0 0 0 0 0 0 0 0 0 0 0 0 0 0 0 0 0 1 1 1 1 1 ]
[ 0 0 0 0 0 0 0 0 0 0 0 0 0 0 0 0 0 0 0 1 1 1 1 1 1 ]
[ 0 0 0 0 0 0 0 0 0 0 0 0 0 0 0 0 0 0 1 1 1 1 1 1 1 ]
[ 0 0 0 0 0 0 0 0 0 0 0 0 0 0 0 0 0 1 1 1 1 1 1 1 1 ]
[ 0 0 0 0 0 0 0 0 0 0 0 0 0 0 0 0 1 1 1 1 1 1 1 1 1 ]
[ 0 0 0 0 0 0 0 0 0 0 0 0 0 0 0 1 1 1 1 1 1 1 1 1 1 ]
[ 0 0 0 0 0 0 0 0 0 0 0 0 0 0 1 1 1 1 1 1 1 1 1 1 1 ]
[ 0 0 0 0 0 0 0 0 0 0 0 0 0 1 1 1 1 1 1 1 1 1 1 1 1 ]
[ 0 0 0 0 0 0 0 0 0 0 0 0 1 1 1 1 1 1 1 1 1 1 1 1 1 ]
[ 0 0 0 0 0 0 0 0 0 0 0 1 1 1 1 1 1 1 1 1 1 1 1 1 1 ]
[ 0 0 0 0 0 0 0 0 0 0 1 1 1 1 1 1 1 1 1 1 1 1 1 1 1 ]
[ 0 0 0 0 0 0 0 0 0 1 1 1 1 1 1 1 1 1 1 1 1 1 1 1 1 ]
[ 0 0 0 0 0 0 0 0 1 1 1 1 1 1 1 1 1 1 1 1 1 1 1 1 1 ]
[ 0 0 0 0 0 0 0 1 1 1 1 1 1 1 1 1 1 1 1 1 1 1 1 1 1 ]
[ 0 0 0 0 0 0 1 1 1 1 1 1 1 1 1 1 1 1 1 1 1 1 1 1 1 ]
[ 0 0 0 0 0 1 1 1 1 1 1 1 1 1 1 1 1 1 1 1 1 1 1 1 1 ]

Timer (generate): 14ms real	0ms user	0ms sys
[ 400 400 400 400 400 400 400 400 400 400 400 400 400 400 400 400 400 400 400 400 400 400 400 400 400 ]
[ 399 400 400 400 400 400 400 400 400 400 400 400 400 400 400 400 400 400 400 400 400 400 400 400 400 ]
[ 399 399 400 400 400 400 400 400 400 400 400 400 400 400 400 400 400 400 400 400 400 400 400 400 400 ]
[ 399 399 399 400 400 400 400 400 400 400 400 400 400 400 400 400 400 400 400 400 400 400 400 400 400 ]
[ 399 399 399 399 400 400 400 400 400 400 400 400 400 400 400 400 400 400 400 400 400 400 400 400 400 ]
[ 399 399 399 399 399 400 400 400 400 400 400 400 400 400 400 400 400 400 400 400 400 400 400 400 400 ]
[ 399 399 399 399 399 399 400 400 400 400 400 400 400 400 400 400 400 400 400 400 400 400 400 400 400 ]
[ 399 399 399 399 399 399 399 400 400 400 400 400 400 400 400 400 400 400 400 400 400 400 400 400 400 ]
[ 399 399 399 399 399 399 399 399 400 400 400 400 400 400 400 400 400 400 400 400 400 400 400 400 400 ]
[ 399 399 399 399 399 399 399 399 399 400 400 400 400 400 400 400 400 400 400 400 400 400 400 400 400 ]
[ 399 399 399 399 399 399 399 399 399 399 400 400 400 400 400 400 400 400 400 400 400 400 400 400 400 ]
[ 399 399 399 399 399 399 399 399 399 399 399 400 400 400 400 400 400 400 400 400 400 400 400 400 400 ]
[ 399 399 399 399 399 399 399 399 399 399 399 399 400 400 400 400 400 400 400 400 400 400 400 400 400 ]
[ 399 399 399 399 399 399 399 399 399 399 399 399 399 400 400 400 400 400 400 400 400 400 400 400 400 ]
[ 399 399 399 399 399 399 399 399 399 399 399 399 399 399 400 400 400 400 400 400 400 400 400 400 400 ]
[ 399 399 399 399 399 399 399 399 399 399 399 399 399 399 399 400 400 400 400 400 400 400 400 400 400 ]
[ 399 399 399 399 399 399 399 399 399 399 399 399 399 399 399 399 400 400 400 400 400 400 400 400 400 ]
[ 399 399 399 399 399 399 399 399 399 399 399 399 399 399 399 399 399 400 400 400 400 400 400 400 400 ]
[ 399 399 399 399 399 399 399 399 399 399 399 399 399 399 399 399 399 399 400 400 400 400 400 400 400 ]
[ 399 399 399 399 399 399 399 399 399 399 399 399 399 399 399 399 399 399 399 400 400 400 400 400 400 ]

Running insertion sort algorithm: 
Timer (sort): 8335ms real	5050ms user	0ms sys
The output is sorted!
[ 0 0 0 0 0 0 0 0 0 0 0 0 0 0 0 0 0 0 0 0 0 0 0 0 1 ]
[ 0 0 0 0 0 0 0 0 0 0 0 0 0 0 0 0 0 0 0 0 0 0 0 1 1 ]
[ 0 0 0 0 0 0 0 0 0 0 0 0 0 0 0 0 0 0 0 0 0 0 1 1 1 ]
[ 0 0 0 0 0 0 0 0 0 0 0 0 0 0 0 0 0 0 0 0 0 1 1 1 1 ]
[ 0 0 0 0 0 0 0 0 0 0 0 0 0 0 0 0 0 0 0 0 1 1 1 1 1 ]
[ 0 0 0 0 0 0 0 0 0 0 0 0 0 0 0 0 0 0 0 1 1 1 1 1 1 ]
[ 0 0 0 0 0 0 0 0 0 0 0 0 0 0 0 0 0 0 1 1 1 1 1 1 1 ]
[ 0 0 0 0 0 0 0 0 0 0 0 0 0 0 0 0 0 1 1 1 1 1 1 1 1 ]
[ 0 0 0 0 0 0 0 0 0 0 0 0 0 0 0 0 1 1 1 1 1 1 1 1 1 ]
[ 0 0 0 0 0 0 0 0 0 0 0 0 0 0 0 1 1 1 1 1 1 1 1 1 1 ]
[ 0 0 0 0 0 0 0 0 0 0 0 0 0 0 1 1 1 1 1 1 1 1 1 1 1 ]
[ 0 0 0 0 0 0 0 0 0 0 0 0 0 1 1 1 1 1 1 1 1 1 1 1 1 ]
[ 0 0 0 0 0 0 0 0 0 0 0 0 1 1 1 1 1 1 1 1 1 1 1 1 1 ]
[ 0 0 0 0 0 0 0 0 0 0 0 1 1 1 1 1 1 1 1 1 1 1 1 1 1 ]
[ 0 0 0 0 0 0 0 0 0 0 1 1 1 1 1 1 1 1 1 1 1 1 1 1 1 ]
[ 0 0 0 0 0 0 0 0 0 1 1 1 1 1 1 1 1 1 1 1 1 1 1 1 1 ]
[ 0 0 0 0 0 0 0 0 1 1 1 1 1 1 1 1 1 1 1 1 1 1 1 1 1 ]
[ 0 0 0 0 0 0 0 1 1 1 1 1 1 1 1 1 1 1 1 1 1 1 1 1 1 ]
[ 0 0 0 0 0 0 1 1 1 1 1 1 1 1 1 1 1 1 1 1 1 1 1 1 1 ]
[ 0 0 0 0 0 1 1 1 1 1 1 1 1 1 1 1 1 1 1 1 1 1 1 1 1 ]

Timer (generate): 1ms real	0ms user	0ms sys
[ 400 400 400 400 400 400 400 400 400 400 400 400 400 400 400 400 400 400 400 400 400 400 400 400 400 ]
[ 399 400 400 400 400 400 400 400 400 400 400 400 400 400 400 400 400 400 400 400 400 400 400 400 400 ]
[ 399 399 400 400 400 400 400 400 400 400 400 400 400 400 400 400 400 400 400 400 400 400 400 400 400 ]
[ 399 399 399 400 400 400 400 400 400 400 400 400 400 400 400 400 400 400 400 400 400 400 400 400 400 ]
[ 399 399 399 399 400 400 400 400 400 400 400 400 400 400 400 400 400 400 400 400 400 400 400 400 400 ]
[ 399 399 399 399 399 400 400 400 400 400 400 400 400 400 400 400 400 400 400 400 400 400 400 400 400 ]
[ 399 399 399 399 399 399 400 400 400 400 400 400 400 400 400 400 400 400 400 400 400 400 400 400 400 ]
[ 399 399 399 399 399 399 399 400 400 400 400 400 400 400 400 400 400 400 400 400 400 400 400 400 400 ]
[ 399 399 399 399 399 399 399 399 400 400 400 400 400 400 400 400 400 400 400 400 400 400 400 400 400 ]
[ 399 399 399 399 399 399 399 399 399 400 400 400 400 400 400 400 400 400 400 400 400 400 400 400 400 ]
[ 399 399 399 399 399 399 399 399 399 399 400 400 400 400 400 400 400 400 400 400 400 400 400 400 400 ]
[ 399 399 399 399 399 399 399 399 399 399 399 400 400 400 400 400 400 400 400 400 400 400 400 400 400 ]
[ 399 399 399 399 399 399 399 399 399 399 399 399 400 400 400 400 400 400 400 400 400 400 400 400 400 ]
[ 399 399 399 399 399 399 399 399 399 399 399 399 399 400 400 400 400 400 400 400 400 400 400 400 400 ]
[ 399 399 399 399 399 399 399 399 399 399 399 399 399 399 400 400 400 400 400 400 400 400 400 400 400 ]
[ 399 399 399 399 399 399 399 399 399 399 399 399 399 399 399 400 400 400 400 400 400 400 400 400 400 ]
[ 399 399 399 399 399 399 399 399 399 399 399 399 399 399 399 399 400 400 400 400 400 400 400 400 400 ]
[ 399 399 399 399 399 399 399 399 399 399 399 399 399 399 399 399 399 400 400 400 400 400 400 400 400 ]
[ 399 399 399 399 399 399 399 399 399 399 399 399 399 399 399 399 399 399 400 400 400 400 400 400 400 ]
[ 399 399 399 399 399 399 399 399 399 399 399 399 399 399 399 399 399 399 399 400 400 400 400 400 400 ]

Running insertion sort algorithm: 
Timer (sort): 7499ms real	4800ms user	0ms sys
The output is sorted!
[ 0 0 0 0 0 0 0 0 0 0 0 0 0 0 0 0 0 0 0 0 0 0 0 0 1 ]
[ 0 0 0 0 0 0 0 0 0 0 0 0 0 0 0 0 0 0 0 0 0 0 0 1 1 ]
[ 0 0 0 0 0 0 0 0 0 0 0 0 0 0 0 0 0 0 0 0 0 0 1 1 1 ]
[ 0 0 0 0 0 0 0 0 0 0 0 0 0 0 0 0 0 0 0 0 0 1 1 1 1 ]
[ 0 0 0 0 0 0 0 0 0 0 0 0 0 0 0 0 0 0 0 0 1 1 1 1 1 ]
[ 0 0 0 0 0 0 0 0 0 0 0 0 0 0 0 0 0 0 0 1 1 1 1 1 1 ]
[ 0 0 0 0 0 0 0 0 0 0 0 0 0 0 0 0 0 0 1 1 1 1 1 1 1 ]
[ 0 0 0 0 0 0 0 0 0 0 0 0 0 0 0 0 0 1 1 1 1 1 1 1 1 ]
[ 0 0 0 0 0 0 0 0 0 0 0 0 0 0 0 0 1 1 1 1 1 1 1 1 1 ]
[ 0 0 0 0 0 0 0 0 0 0 0 0 0 0 0 1 1 1 1 1 1 1 1 1 1 ]
[ 0 0 0 0 0 0 0 0 0 0 0 0 0 0 1 1 1 1 1 1 1 1 1 1 1 ]
[ 0 0 0 0 0 0 0 0 0 0 0 0 0 1 1 1 1 1 1 1 1 1 1 1 1 ]
[ 0 0 0 0 0 0 0 0 0 0 0 0 1 1 1 1 1 1 1 1 1 1 1 1 1 ]
[ 0 0 0 0 0 0 0 0 0 0 0 1 1 1 1 1 1 1 1 1 1 1 1 1 1 ]
[ 0 0 0 0 0 0 0 0 0 0 1 1 1 1 1 1 1 1 1 1 1 1 1 1 1 ]
[ 0 0 0 0 0 0 0 0 0 1 1 1 1 1 1 1 1 1 1 1 1 1 1 1 1 ]
[ 0 0 0 0 0 0 0 0 1 1 1 1 1 1 1 1 1 1 1 1 1 1 1 1 1 ]
[ 0 0 0 0 0 0 0 1 1 1 1 1 1 1 1 1 1 1 1 1 1 1 1 1 1 ]
[ 0 0 0 0 0 0 1 1 1 1 1 1 1 1 1 1 1 1 1 1 1 1 1 1 1 ]
[ 0 0 0 0 0 1 1 1 1 1 1 1 1 1 1 1 1 1 1 1 1 1 1 1 1 ]

Timer (generate): 1ms real	0ms user	0ms sys
[ 400 400 400 400 400 400 400 400 400 400 400 400 400 400 400 400 400 400 400 400 400 400 400 400 400 ]
[ 399 400 400 400 400 400 400 400 400 400 400 400 400 400 400 400 400 400 400 400 400 400 400 400 400 ]
[ 399 399 400 400 400 400 400 400 400 400 400 400 400 400 400 400 400 400 400 400 400 400 400 400 400 ]
[ 399 399 399 400 400 400 400 400 400 400 400 400 400 400 400 400 400 400 400 400 400 400 400 400 400 ]
[ 399 399 399 399 400 400 400 400 400 400 400 400 400 400 400 400 400 400 400 400 400 400 400 400 400 ]
[ 399 399 399 399 399 400 400 400 400 400 400 400 400 400 400 400 400 400 400 400 400 400 400 400 400 ]
[ 399 399 399 399 399 399 400 400 400 400 400 400 400 400 400 400 400 400 400 400 400 400 400 400 400 ]
[ 399 399 399 399 399 399 399 400 400 400 400 400 400 400 400 400 400 400 400 400 400 400 400 400 400 ]
[ 399 399 399 399 399 399 399 399 400 400 400 400 400 400 400 400 400 400 400 400 400 400 400 400 400 ]
[ 399 399 399 399 399 399 399 399 399 400 400 400 400 400 400 400 400 400 400 400 400 400 400 400 400 ]
[ 399 399 399 399 399 399 399 399 399 399 400 400 400 400 400 400 400 400 400 400 400 400 400 400 400 ]
[ 399 399 399 399 399 399 399 399 399 399 399 400 400 400 400 400 400 400 400 400 400 400 400 400 400 ]
[ 399 399 399 399 399 399 399 399 399 399 399 399 400 400 400 400 400 400 400 400 400 400 400 400 400 ]
[ 399 399 399 399 399 399 399 399 399 399 399 399 399 400 400 400 400 400 400 400 400 400 400 400 400 ]
[ 399 399 399 399 399 399 399 399 399 399 399 399 399 399 400 400 400 400 400 400 400 400 400 400 400 ]
[ 399 399 399 399 399 399 399 399 399 399 399 399 399 399 399 400 400 400 400 400 400 400 400 400 400 ]
[ 399 399 399 399 399 399 399 399 399 399 399 399 399 399 399 399 400 400 400 400 400 400 400 400 400 ]
[ 399 399 399 399 399 399 399 399 399 399 399 399 399 399 399 399 399 400 400 400 400 400 400 400 400 ]
[ 399 399 399 399 399 399 399 399 399 399 399 399 399 399 399 399 399 399 400 400 400 400 400 400 400 ]
[ 399 399 399 399 399 399 399 399 399 399 399 399 399 399 399 399 399 399 399 400 400 400 400 400 400 ]

Running insertion sort algorithm: 
Timer (sort): 7519ms real	4770ms user	0ms sys
The output is sorted!
[ 0 0 0 0 0 0 0 0 0 0 0 0 0 0 0 0 0 0 0 0 0 0 0 0 1 ]
[ 0 0 0 0 0 0 0 0 0 0 0 0 0 0 0 0 0 0 0 0 0 0 0 1 1 ]
[ 0 0 0 0 0 0 0 0 0 0 0 0 0 0 0 0 0 0 0 0 0 0 1 1 1 ]
[ 0 0 0 0 0 0 0 0 0 0 0 0 0 0 0 0 0 0 0 0 0 1 1 1 1 ]
[ 0 0 0 0 0 0 0 0 0 0 0 0 0 0 0 0 0 0 0 0 1 1 1 1 1 ]
[ 0 0 0 0 0 0 0 0 0 0 0 0 0 0 0 0 0 0 0 1 1 1 1 1 1 ]
[ 0 0 0 0 0 0 0 0 0 0 0 0 0 0 0 0 0 0 1 1 1 1 1 1 1 ]
[ 0 0 0 0 0 0 0 0 0 0 0 0 0 0 0 0 0 1 1 1 1 1 1 1 1 ]
[ 0 0 0 0 0 0 0 0 0 0 0 0 0 0 0 0 1 1 1 1 1 1 1 1 1 ]
[ 0 0 0 0 0 0 0 0 0 0 0 0 0 0 0 1 1 1 1 1 1 1 1 1 1 ]
[ 0 0 0 0 0 0 0 0 0 0 0 0 0 0 1 1 1 1 1 1 1 1 1 1 1 ]
[ 0 0 0 0 0 0 0 0 0 0 0 0 0 1 1 1 1 1 1 1 1 1 1 1 1 ]
[ 0 0 0 0 0 0 0 0 0 0 0 0 1 1 1 1 1 1 1 1 1 1 1 1 1 ]
[ 0 0 0 0 0 0 0 0 0 0 0 1 1 1 1 1 1 1 1 1 1 1 1 1 1 ]
[ 0 0 0 0 0 0 0 0 0 0 1 1 1 1 1 1 1 1 1 1 1 1 1 1 1 ]
[ 0 0 0 0 0 0 0 0 0 1 1 1 1 1 1 1 1 1 1 1 1 1 1 1 1 ]
[ 0 0 0 0 0 0 0 0 1 1 1 1 1 1 1 1 1 1 1 1 1 1 1 1 1 ]
[ 0 0 0 0 0 0 0 1 1 1 1 1 1 1 1 1 1 1 1 1 1 1 1 1 1 ]
[ 0 0 0 0 0 0 1 1 1 1 1 1 1 1 1 1 1 1 1 1 1 1 1 1 1 ]
[ 0 0 0 0 0 1 1 1 1 1 1 1 1 1 1 1 1 1 1 1 1 1 1 1 1 ]

Timer (generate): 1ms real	0ms user	0ms sys
[ 400 400 400 400 400 400 400 400 400 400 400 400 400 400 400 400 400 400 400 400 400 400 400 400 400 ]
[ 399 400 400 400 400 400 400 400 400 400 400 400 400 400 400 400 400 400 400 400 400 400 400 400 400 ]
[ 399 399 400 400 400 400 400 400 400 400 400 400 400 400 400 400 400 400 400 400 400 400 400 400 400 ]
[ 399 399 399 400 400 400 400 400 400 400 400 400 400 400 400 400 400 400 400 400 400 400 400 400 400 ]
[ 399 399 399 399 400 400 400 400 400 400 400 400 400 400 400 400 400 400 400 400 400 400 400 400 400 ]
[ 399 399 399 399 399 400 400 400 400 400 400 400 400 400 400 400 400 400 400 400 400 400 400 400 400 ]
[ 399 399 399 399 399 399 400 400 400 400 400 400 400 400 400 400 400 400 400 400 400 400 400 400 400 ]
[ 399 399 399 399 399 399 399 400 400 400 400 400 400 400 400 400 400 400 400 400 400 400 400 400 400 ]
[ 399 399 399 399 399 399 399 399 400 400 400 400 400 400 400 400 400 400 400 400 400 400 400 400 400 ]
[ 399 399 399 399 399 399 399 399 399 400 400 400 400 400 400 400 400 400 400 400 400 400 400 400 400 ]
[ 399 399 399 399 399 399 399 399 399 399 400 400 400 400 400 400 400 400 400 400 400 400 400 400 400 ]
[ 399 399 399 399 399 399 399 399 399 399 399 400 400 400 400 400 400 400 400 400 400 400 400 400 400 ]
[ 399 399 399 399 399 399 399 399 399 399 399 399 400 400 400 400 400 400 400 400 400 400 400 400 400 ]
[ 399 399 399 399 399 399 399 399 399 399 399 399 399 400 400 400 400 400 400 400 400 400 400 400 400 ]
[ 399 399 399 399 399 399 399 399 399 399 399 399 399 399 400 400 400 400 400 400 400 400 400 400 400 ]
[ 399 399 399 399 399 399 399 399 399 399 399 399 399 399 399 400 400 400 400 400 400 400 400 400 400 ]
[ 399 399 399 399 399 399 399 399 399 399 399 399 399 399 399 399 400 400 400 400 400 400 400 400 400 ]
[ 399 399 399 399 399 399 399 399 399 399 399 399 399 399 399 399 399 400 400 400 400 400 400 400 400 ]
[ 399 399 399 399 399 399 399 399 399 399 399 399 399 399 399 399 399 399 400 400 400 400 400 400 400 ]
[ 399 399 399 399 399 399 399 399 399 399 399 399 399 399 399 399 399 399 399 400 400 400 400 400 400 ]

Running insertion sort algorithm: 
Timer (sort): 6884ms real	4780ms user	0ms sys
The output is sorted!
[ 0 0 0 0 0 0 0 0 0 0 0 0 0 0 0 0 0 0 0 0 0 0 0 0 1 ]
[ 0 0 0 0 0 0 0 0 0 0 0 0 0 0 0 0 0 0 0 0 0 0 0 1 1 ]
[ 0 0 0 0 0 0 0 0 0 0 0 0 0 0 0 0 0 0 0 0 0 0 1 1 1 ]
[ 0 0 0 0 0 0 0 0 0 0 0 0 0 0 0 0 0 0 0 0 0 1 1 1 1 ]
[ 0 0 0 0 0 0 0 0 0 0 0 0 0 0 0 0 0 0 0 0 1 1 1 1 1 ]
[ 0 0 0 0 0 0 0 0 0 0 0 0 0 0 0 0 0 0 0 1 1 1 1 1 1 ]
[ 0 0 0 0 0 0 0 0 0 0 0 0 0 0 0 0 0 0 1 1 1 1 1 1 1 ]
[ 0 0 0 0 0 0 0 0 0 0 0 0 0 0 0 0 0 1 1 1 1 1 1 1 1 ]
[ 0 0 0 0 0 0 0 0 0 0 0 0 0 0 0 0 1 1 1 1 1 1 1 1 1 ]
[ 0 0 0 0 0 0 0 0 0 0 0 0 0 0 0 1 1 1 1 1 1 1 1 1 1 ]
[ 0 0 0 0 0 0 0 0 0 0 0 0 0 0 1 1 1 1 1 1 1 1 1 1 1 ]
[ 0 0 0 0 0 0 0 0 0 0 0 0 0 1 1 1 1 1 1 1 1 1 1 1 1 ]
[ 0 0 0 0 0 0 0 0 0 0 0 0 1 1 1 1 1 1 1 1 1 1 1 1 1 ]
[ 0 0 0 0 0 0 0 0 0 0 0 1 1 1 1 1 1 1 1 1 1 1 1 1 1 ]
[ 0 0 0 0 0 0 0 0 0 0 1 1 1 1 1 1 1 1 1 1 1 1 1 1 1 ]
[ 0 0 0 0 0 0 0 0 0 1 1 1 1 1 1 1 1 1 1 1 1 1 1 1 1 ]
[ 0 0 0 0 0 0 0 0 1 1 1 1 1 1 1 1 1 1 1 1 1 1 1 1 1 ]
[ 0 0 0 0 0 0 0 1 1 1 1 1 1 1 1 1 1 1 1 1 1 1 1 1 1 ]
[ 0 0 0 0 0 0 1 1 1 1 1 1 1 1 1 1 1 1 1 1 1 1 1 1 1 ]
[ 0 0 0 0 0 1 1 1 1 1 1 1 1 1 1 1 1 1 1 1 1 1 1 1 1 ]

Timer (generate): 1ms real	0ms user	0ms sys
[ 400 400 400 400 400 400 400 400 400 400 400 400 400 400 400 400 400 400 400 400 400 400 400 400 400 ]
[ 399 400 400 400 400 400 400 400 400 400 400 400 400 400 400 400 400 400 400 400 400 400 400 400 400 ]
[ 399 399 400 400 400 400 400 400 400 400 400 400 400 400 400 400 400 400 400 400 400 400 400 400 400 ]
[ 399 399 399 400 400 400 400 400 400 400 400 400 400 400 400 400 400 400 400 400 400 400 400 400 400 ]
[ 399 399 399 399 400 400 400 400 400 400 400 400 400 400 400 400 400 400 400 400 400 400 400 400 400 ]
[ 399 399 399 399 399 400 400 400 400 400 400 400 400 400 400 400 400 400 400 400 400 400 400 400 400 ]
[ 399 399 399 399 399 399 400 400 400 400 400 400 400 400 400 400 400 400 400 400 400 400 400 400 400 ]
[ 399 399 399 399 399 399 399 400 400 400 400 400 400 400 400 400 400 400 400 400 400 400 400 400 400 ]
[ 399 399 399 399 399 399 399 399 400 400 400 400 400 400 400 400 400 400 400 400 400 400 400 400 400 ]
[ 399 399 399 399 399 399 399 399 399 400 400 400 400 400 400 400 400 400 400 400 400 400 400 400 400 ]
[ 399 399 399 399 399 399 399 399 399 399 400 400 400 400 400 400 400 400 400 400 400 400 400 400 400 ]
[ 399 399 399 399 399 399 399 399 399 399 399 400 400 400 400 400 400 400 400 400 400 400 400 400 400 ]
[ 399 399 399 399 399 399 399 399 399 399 399 399 400 400 400 400 400 400 400 400 400 400 400 400 400 ]
[ 399 399 399 399 399 399 399 399 399 399 399 399 399 400 400 400 400 400 400 400 400 400 400 400 400 ]
[ 399 399 399 399 399 399 399 399 399 399 399 399 399 399 400 400 400 400 400 400 400 400 400 400 400 ]
[ 399 399 399 399 399 399 399 399 399 399 399 399 399 399 399 400 400 400 400 400 400 400 400 400 400 ]
[ 399 399 399 399 399 399 399 399 399 399 399 399 399 399 399 399 400 400 400 400 400 400 400 400 400 ]
[ 399 399 399 399 399 399 399 399 399 399 399 399 399 399 399 399 399 400 400 400 400 400 400 400 400 ]
[ 399 399 399 399 399 399 399 399 399 399 399 399 399 399 399 399 399 399 400 400 400 400 400 400 400 ]
[ 399 399 399 399 399 399 399 399 399 399 399 399 399 399 399 399 399 399 399 400 400 400 400 400 400 ]

Running insertion sort algorithm: 
Timer (sort): 6984ms real	4930ms user	0ms sys
The output is sorted!
[ 0 0 0 0 0 0 0 0 0 0 0 0 0 0 0 0 0 0 0 0 0 0 0 0 1 ]
[ 0 0 0 0 0 0 0 0 0 0 0 0 0 0 0 0 0 0 0 0 0 0 0 1 1 ]
[ 0 0 0 0 0 0 0 0 0 0 0 0 0 0 0 0 0 0 0 0 0 0 1 1 1 ]
[ 0 0 0 0 0 0 0 0 0 0 0 0 0 0 0 0 0 0 0 0 0 1 1 1 1 ]
[ 0 0 0 0 0 0 0 0 0 0 0 0 0 0 0 0 0 0 0 0 1 1 1 1 1 ]
[ 0 0 0 0 0 0 0 0 0 0 0 0 0 0 0 0 0 0 0 1 1 1 1 1 1 ]
[ 0 0 0 0 0 0 0 0 0 0 0 0 0 0 0 0 0 0 1 1 1 1 1 1 1 ]
[ 0 0 0 0 0 0 0 0 0 0 0 0 0 0 0 0 0 1 1 1 1 1 1 1 1 ]
[ 0 0 0 0 0 0 0 0 0 0 0 0 0 0 0 0 1 1 1 1 1 1 1 1 1 ]
[ 0 0 0 0 0 0 0 0 0 0 0 0 0 0 0 1 1 1 1 1 1 1 1 1 1 ]
[ 0 0 0 0 0 0 0 0 0 0 0 0 0 0 1 1 1 1 1 1 1 1 1 1 1 ]
[ 0 0 0 0 0 0 0 0 0 0 0 0 0 1 1 1 1 1 1 1 1 1 1 1 1 ]
[ 0 0 0 0 0 0 0 0 0 0 0 0 1 1 1 1 1 1 1 1 1 1 1 1 1 ]
[ 0 0 0 0 0 0 0 0 0 0 0 1 1 1 1 1 1 1 1 1 1 1 1 1 1 ]
[ 0 0 0 0 0 0 0 0 0 0 1 1 1 1 1 1 1 1 1 1 1 1 1 1 1 ]
[ 0 0 0 0 0 0 0 0 0 1 1 1 1 1 1 1 1 1 1 1 1 1 1 1 1 ]
[ 0 0 0 0 0 0 0 0 1 1 1 1 1 1 1 1 1 1 1 1 1 1 1 1 1 ]
[ 0 0 0 0 0 0 0 1 1 1 1 1 1 1 1 1 1 1 1 1 1 1 1 1 1 ]
[ 0 0 0 0 0 0 1 1 1 1 1 1 1 1 1 1 1 1 1 1 1 1 1 1 1 ]
[ 0 0 0 0 0 1 1 1 1 1 1 1 1 1 1 1 1 1 1 1 1 1 1 1 1 ]

Timer (generate): 1ms real	0ms user	0ms sys
[ 400 400 400 400 400 400 400 400 400 400 400 400 400 400 400 400 400 400 400 400 400 400 400 400 400 ]
[ 399 400 400 400 400 400 400 400 400 400 400 400 400 400 400 400 400 400 400 400 400 400 400 400 400 ]
[ 399 399 400 400 400 400 400 400 400 400 400 400 400 400 400 400 400 400 400 400 400 400 400 400 400 ]
[ 399 399 399 400 400 400 400 400 400 400 400 400 400 400 400 400 400 400 400 400 400 400 400 400 400 ]
[ 399 399 399 399 400 400 400 400 400 400 400 400 400 400 400 400 400 400 400 400 400 400 400 400 400 ]
[ 399 399 399 399 399 400 400 400 400 400 400 400 400 400 400 400 400 400 400 400 400 400 400 400 400 ]
[ 399 399 399 399 399 399 400 400 400 400 400 400 400 400 400 400 400 400 400 400 400 400 400 400 400 ]
[ 399 399 399 399 399 399 399 400 400 400 400 400 400 400 400 400 400 400 400 400 400 400 400 400 400 ]
[ 399 399 399 399 399 399 399 399 400 400 400 400 400 400 400 400 400 400 400 400 400 400 400 400 400 ]
[ 399 399 399 399 399 399 399 399 399 400 400 400 400 400 400 400 400 400 400 400 400 400 400 400 400 ]
[ 399 399 399 399 399 399 399 399 399 399 400 400 400 400 400 400 400 400 400 400 400 400 400 400 400 ]
[ 399 399 399 399 399 399 399 399 399 399 399 400 400 400 400 400 400 400 400 400 400 400 400 400 400 ]
[ 399 399 399 399 399 399 399 399 399 399 399 399 400 400 400 400 400 400 400 400 400 400 400 400 400 ]
[ 399 399 399 399 399 399 399 399 399 399 399 399 399 400 400 400 400 400 400 400 400 400 400 400 400 ]
[ 399 399 399 399 399 399 399 399 399 399 399 399 399 399 400 400 400 400 400 400 400 400 400 400 400 ]
[ 399 399 399 399 399 399 399 399 399 399 399 399 399 399 399 400 400 400 400 400 400 400 400 400 400 ]
[ 399 399 399 399 399 399 399 399 399 399 399 399 399 399 399 399 400 400 400 400 400 400 400 400 400 ]
[ 399 399 399 399 399 399 399 399 399 399 399 399 399 399 399 399 399 400 400 400 400 400 400 400 400 ]
[ 399 399 399 399 399 399 399 399 399 399 399 399 399 399 399 399 399 399 400 400 400 400 400 400 400 ]
[ 399 399 399 399 399 399 399 399 399 399 399 399 399 399 399 399 399 399 399 400 400 400 400 400 400 ]

Running insertion sort algorithm: 
Timer (sort): 6503ms real	4920ms user	0ms sys
The output is sorted!
[ 0 0 0 0 0 0 0 0 0 0 0 0 0 0 0 0 0 0 0 0 0 0 0 0 1 ]
[ 0 0 0 0 0 0 0 0 0 0 0 0 0 0 0 0 0 0 0 0 0 0 0 1 1 ]
[ 0 0 0 0 0 0 0 0 0 0 0 0 0 0 0 0 0 0 0 0 0 0 1 1 1 ]
[ 0 0 0 0 0 0 0 0 0 0 0 0 0 0 0 0 0 0 0 0 0 1 1 1 1 ]
[ 0 0 0 0 0 0 0 0 0 0 0 0 0 0 0 0 0 0 0 0 1 1 1 1 1 ]
[ 0 0 0 0 0 0 0 0 0 0 0 0 0 0 0 0 0 0 0 1 1 1 1 1 1 ]
[ 0 0 0 0 0 0 0 0 0 0 0 0 0 0 0 0 0 0 1 1 1 1 1 1 1 ]
[ 0 0 0 0 0 0 0 0 0 0 0 0 0 0 0 0 0 1 1 1 1 1 1 1 1 ]
[ 0 0 0 0 0 0 0 0 0 0 0 0 0 0 0 0 1 1 1 1 1 1 1 1 1 ]
[ 0 0 0 0 0 0 0 0 0 0 0 0 0 0 0 1 1 1 1 1 1 1 1 1 1 ]
[ 0 0 0 0 0 0 0 0 0 0 0 0 0 0 1 1 1 1 1 1 1 1 1 1 1 ]
[ 0 0 0 0 0 0 0 0 0 0 0 0 0 1 1 1 1 1 1 1 1 1 1 1 1 ]
[ 0 0 0 0 0 0 0 0 0 0 0 0 1 1 1 1 1 1 1 1 1 1 1 1 1 ]
[ 0 0 0 0 0 0 0 0 0 0 0 1 1 1 1 1 1 1 1 1 1 1 1 1 1 ]
[ 0 0 0 0 0 0 0 0 0 0 1 1 1 1 1 1 1 1 1 1 1 1 1 1 1 ]
[ 0 0 0 0 0 0 0 0 0 1 1 1 1 1 1 1 1 1 1 1 1 1 1 1 1 ]
[ 0 0 0 0 0 0 0 0 1 1 1 1 1 1 1 1 1 1 1 1 1 1 1 1 1 ]
[ 0 0 0 0 0 0 0 1 1 1 1 1 1 1 1 1 1 1 1 1 1 1 1 1 1 ]
[ 0 0 0 0 0 0 1 1 1 1 1 1 1 1 1 1 1 1 1 1 1 1 1 1 1 ]
[ 0 0 0 0 0 1 1 1 1 1 1 1 1 1 1 1 1 1 1 1 1 1 1 1 1 ]

Timer (generate): 1ms real	0ms user	0ms sys
[ 400 400 400 400 400 400 400 400 400 400 400 400 400 400 400 400 400 400 400 400 400 400 400 400 400 ]
[ 399 400 400 400 400 400 400 400 400 400 400 400 400 400 400 400 400 400 400 400 400 400 400 400 400 ]
[ 399 399 400 400 400 400 400 400 400 400 400 400 400 400 400 400 400 400 400 400 400 400 400 400 400 ]
[ 399 399 399 400 400 400 400 400 400 400 400 400 400 400 400 400 400 400 400 400 400 400 400 400 400 ]
[ 399 399 399 399 400 400 400 400 400 400 400 400 400 400 400 400 400 400 400 400 400 400 400 400 400 ]
[ 399 399 399 399 399 400 400 400 400 400 400 400 400 400 400 400 400 400 400 400 400 400 400 400 400 ]
[ 399 399 399 399 399 399 400 400 400 400 400 400 400 400 400 400 400 400 400 400 400 400 400 400 400 ]
[ 399 399 399 399 399 399 399 400 400 400 400 400 400 400 400 400 400 400 400 400 400 400 400 400 400 ]
[ 399 399 399 399 399 399 399 399 400 400 400 400 400 400 400 400 400 400 400 400 400 400 400 400 400 ]
[ 399 399 399 399 399 399 399 399 399 400 400 400 400 400 400 400 400 400 400 400 400 400 400 400 400 ]
[ 399 399 399 399 399 399 399 399 399 399 400 400 400 400 400 400 400 400 400 400 400 400 400 400 400 ]
[ 399 399 399 399 399 399 399 399 399 399 399 400 400 400 400 400 400 400 400 400 400 400 400 400 400 ]
[ 399 399 399 399 399 399 399 399 399 399 399 399 400 400 400 400 400 400 400 400 400 400 400 400 400 ]
[ 399 399 399 399 399 399 399 399 399 399 399 399 399 400 400 400 400 400 400 400 400 400 400 400 400 ]
[ 399 399 399 399 399 399 399 399 399 399 399 399 399 399 400 400 400 400 400 400 400 400 400 400 400 ]
[ 399 399 399 399 399 399 399 399 399 399 399 399 399 399 399 400 400 400 400 400 400 400 400 400 400 ]
[ 399 399 399 399 399 399 399 399 399 399 399 399 399 399 399 399 400 400 400 400 400 400 400 400 400 ]
[ 399 399 399 399 399 399 399 399 399 399 399 399 399 399 399 399 399 400 400 400 400 400 400 400 400 ]
[ 399 399 399 399 399 399 399 399 399 399 399 399 399 399 399 399 399 399 400 400 400 400 400 400 400 ]
[ 399 399 399 399 399 399 399 399 399 399 399 399 399 399 399 399 399 399 399 400 400 400 400 400 400 ]

Running insertion sort algorithm: 
Timer (sort): 6165ms real	4840ms user	0ms sys
The output is sorted!
[ 0 0 0 0 0 0 0 0 0 0 0 0 0 0 0 0 0 0 0 0 0 0 0 0 1 ]
[ 0 0 0 0 0 0 0 0 0 0 0 0 0 0 0 0 0 0 0 0 0 0 0 1 1 ]
[ 0 0 0 0 0 0 0 0 0 0 0 0 0 0 0 0 0 0 0 0 0 0 1 1 1 ]
[ 0 0 0 0 0 0 0 0 0 0 0 0 0 0 0 0 0 0 0 0 0 1 1 1 1 ]
[ 0 0 0 0 0 0 0 0 0 0 0 0 0 0 0 0 0 0 0 0 1 1 1 1 1 ]
[ 0 0 0 0 0 0 0 0 0 0 0 0 0 0 0 0 0 0 0 1 1 1 1 1 1 ]
[ 0 0 0 0 0 0 0 0 0 0 0 0 0 0 0 0 0 0 1 1 1 1 1 1 1 ]
[ 0 0 0 0 0 0 0 0 0 0 0 0 0 0 0 0 0 1 1 1 1 1 1 1 1 ]
[ 0 0 0 0 0 0 0 0 0 0 0 0 0 0 0 0 1 1 1 1 1 1 1 1 1 ]
[ 0 0 0 0 0 0 0 0 0 0 0 0 0 0 0 1 1 1 1 1 1 1 1 1 1 ]
[ 0 0 0 0 0 0 0 0 0 0 0 0 0 0 1 1 1 1 1 1 1 1 1 1 1 ]
[ 0 0 0 0 0 0 0 0 0 0 0 0 0 1 1 1 1 1 1 1 1 1 1 1 1 ]
[ 0 0 0 0 0 0 0 0 0 0 0 0 1 1 1 1 1 1 1 1 1 1 1 1 1 ]
[ 0 0 0 0 0 0 0 0 0 0 0 1 1 1 1 1 1 1 1 1 1 1 1 1 1 ]
[ 0 0 0 0 0 0 0 0 0 0 1 1 1 1 1 1 1 1 1 1 1 1 1 1 1 ]
[ 0 0 0 0 0 0 0 0 0 1 1 1 1 1 1 1 1 1 1 1 1 1 1 1 1 ]
[ 0 0 0 0 0 0 0 0 1 1 1 1 1 1 1 1 1 1 1 1 1 1 1 1 1 ]
[ 0 0 0 0 0 0 0 1 1 1 1 1 1 1 1 1 1 1 1 1 1 1 1 1 1 ]
[ 0 0 0 0 0 0 1 1 1 1 1 1 1 1 1 1 1 1 1 1 1 1 1 1 1 ]
[ 0 0 0 0 0 1 1 1 1 1 1 1 1 1 1 1 1 1 1 1 1 1 1 1 1 ]

Timer (generate): 2ms real	0ms user	0ms sys
[ 400 400 400 400 400 400 400 400 400 400 400 400 400 400 400 400 400 400 400 400 400 400 400 400 400 ]
[ 399 400 400 400 400 400 400 400 400 400 400 400 400 400 400 400 400 400 400 400 400 400 400 400 400 ]
[ 399 399 400 400 400 400 400 400 400 400 400 400 400 400 400 400 400 400 400 400 400 400 400 400 400 ]
[ 399 399 399 400 400 400 400 400 400 400 400 400 400 400 400 400 400 400 400 400 400 400 400 400 400 ]
[ 399 399 399 399 400 400 400 400 400 400 400 400 400 400 400 400 400 400 400 400 400 400 400 400 400 ]
[ 399 399 399 399 399 400 400 400 400 400 400 400 400 400 400 400 400 400 400 400 400 400 400 400 400 ]
[ 399 399 399 399 399 399 400 400 400 400 400 400 400 400 400 400 400 400 400 400 400 400 400 400 400 ]
[ 399 399 399 399 399 399 399 400 400 400 400 400 400 400 400 400 400 400 400 400 400 400 400 400 400 ]
[ 399 399 399 399 399 399 399 399 400 400 400 400 400 400 400 400 400 400 400 400 400 400 400 400 400 ]
[ 399 399 399 399 399 399 399 399 399 400 400 400 400 400 400 400 400 400 400 400 400 400 400 400 400 ]
[ 399 399 399 399 399 399 399 399 399 399 400 400 400 400 400 400 400 400 400 400 400 400 400 400 400 ]
[ 399 399 399 399 399 399 399 399 399 399 399 400 400 400 400 400 400 400 400 400 400 400 400 400 400 ]
[ 399 399 399 399 399 399 399 399 399 399 399 399 400 400 400 400 400 400 400 400 400 400 400 400 400 ]
[ 399 399 399 399 399 399 399 399 399 399 399 399 399 400 400 400 400 400 400 400 400 400 400 400 400 ]
[ 399 399 399 399 399 399 399 399 399 399 399 399 399 399 400 400 400 400 400 400 400 400 400 400 400 ]
[ 399 399 399 399 399 399 399 399 399 399 399 399 399 399 399 400 400 400 400 400 400 400 400 400 400 ]
[ 399 399 399 399 399 399 399 399 399 399 399 399 399 399 399 399 400 400 400 400 400 400 400 400 400 ]
[ 399 399 399 399 399 399 399 399 399 399 399 399 399 399 399 399 399 400 400 400 400 400 400 400 400 ]
[ 399 399 399 399 399 399 399 399 399 399 399 399 399 399 399 399 399 399 400 400 400 400 400 400 400 ]
[ 399 399 399 399 399 399 399 399 399 399 399 399 399 399 399 399 399 399 399 400 400 400 400 400 400 ]

Running insertion sort algorithm: 
Timer (sort): 6832ms real	5100ms user	0ms sys
The output is sorted!
[ 0 0 0 0 0 0 0 0 0 0 0 0 0 0 0 0 0 0 0 0 0 0 0 0 1 ]
[ 0 0 0 0 0 0 0 0 0 0 0 0 0 0 0 0 0 0 0 0 0 0 0 1 1 ]
[ 0 0 0 0 0 0 0 0 0 0 0 0 0 0 0 0 0 0 0 0 0 0 1 1 1 ]
[ 0 0 0 0 0 0 0 0 0 0 0 0 0 0 0 0 0 0 0 0 0 1 1 1 1 ]
[ 0 0 0 0 0 0 0 0 0 0 0 0 0 0 0 0 0 0 0 0 1 1 1 1 1 ]
[ 0 0 0 0 0 0 0 0 0 0 0 0 0 0 0 0 0 0 0 1 1 1 1 1 1 ]
[ 0 0 0 0 0 0 0 0 0 0 0 0 0 0 0 0 0 0 1 1 1 1 1 1 1 ]
[ 0 0 0 0 0 0 0 0 0 0 0 0 0 0 0 0 0 1 1 1 1 1 1 1 1 ]
[ 0 0 0 0 0 0 0 0 0 0 0 0 0 0 0 0 1 1 1 1 1 1 1 1 1 ]
[ 0 0 0 0 0 0 0 0 0 0 0 0 0 0 0 1 1 1 1 1 1 1 1 1 1 ]
[ 0 0 0 0 0 0 0 0 0 0 0 0 0 0 1 1 1 1 1 1 1 1 1 1 1 ]
[ 0 0 0 0 0 0 0 0 0 0 0 0 0 1 1 1 1 1 1 1 1 1 1 1 1 ]
[ 0 0 0 0 0 0 0 0 0 0 0 0 1 1 1 1 1 1 1 1 1 1 1 1 1 ]
[ 0 0 0 0 0 0 0 0 0 0 0 1 1 1 1 1 1 1 1 1 1 1 1 1 1 ]
[ 0 0 0 0 0 0 0 0 0 0 1 1 1 1 1 1 1 1 1 1 1 1 1 1 1 ]
[ 0 0 0 0 0 0 0 0 0 1 1 1 1 1 1 1 1 1 1 1 1 1 1 1 1 ]
[ 0 0 0 0 0 0 0 0 1 1 1 1 1 1 1 1 1 1 1 1 1 1 1 1 1 ]
[ 0 0 0 0 0 0 0 1 1 1 1 1 1 1 1 1 1 1 1 1 1 1 1 1 1 ]
[ 0 0 0 0 0 0 1 1 1 1 1 1 1 1 1 1 1 1 1 1 1 1 1 1 1 ]
[ 0 0 0 0 0 1 1 1 1 1 1 1 1 1 1 1 1 1 1 1 1 1 1 1 1 ]

